timestamp,value,is_anomaly
0,0.253133698819,0
1,0.318855993356,0
2,0.533116989617,0
3,0.335604208082,0
4,0.158438779263,0
5,0.00778885517283,0
6,0.283752711875,0
7,-0.0832787579576,0
8,-0.0120308781254,0
9,0.0296565772962,0
10,0.171322528862,0
11,-0.0841584705308,0
12,0.002205353752,0
13,-0.217712368344,0
14,-0.322822523667,0
15,-0.046926032106,0
16,-0.295052597719,0
17,-0.508911786195,0
18,-0.50452600005,0
19,-0.338588823982,0
20,-0.226390221146,0
21,-0.592951683624,0
22,-0.49387901471,0
23,-0.723822535757,0
24,-0.755935132913,0
25,-0.405947295686,0
26,-0.469525979663,0
27,-0.428745874786,0
28,-0.50062492398,0
29,-0.536513456634,0
30,-0.72763732094,0
31,-0.844972413069,0
32,-0.85413362289,0
33,-0.639559755214,0
34,-1.01946264295,0
35,-1.04066020606,0
36,-0.645726752315,0
37,-0.937797261858,0
38,-0.993784495545,0
39,-1.10035257612,0
40,-1.12581815342,0
41,-0.722201585165,0
42,-1.09419991014,0
43,-1.13740246819,0
44,-0.854111330624,0
45,-0.834367352493,0
46,-0.944967673169,0
47,-0.816830425695,0
48,-1.01865693273,0
49,-1.15651151024,0
50,-1.02726176455,0
51,-0.774881092345,0
52,-1.19097641642,0
53,-1.04549713447,0
54,-1.16244641085,0
55,-0.903265667727,0
56,-1.16498535812,0
57,-0.773718529916,0
58,-0.891239886085,0
59,-1.04378239096,0
60,-1.12130392806,0
61,-0.804288502027,0
62,-0.686591568699,0
63,-0.674660378604,0
64,-0.698445380007,0
65,-0.72368815204,0
66,-0.866288868684,0
67,-0.695106413368,0
68,-0.572309514281,0
69,-0.783038991926,0
70,-0.882228057023,0
71,-0.565217351707,0
72,-0.539972186874,0
73,-0.540113424203,0
74,-0.695422065813,0
75,-0.760678979518,0
76,-0.540488215893,0
77,-0.514054721132,0
78,-0.385855942934,0
79,-0.521518822686,0
80,-0.593152556344,0
81,-0.564652627538,0
82,-0.154794899023,0
83,-0.0983267171408,0
84,-0.443725098049,0
85,0.00620289711095,0
86,-0.0530973377037,0
87,0.0824667816432,0
88,0.0395626855985,0
89,0.163593705338,0
90,0.183176825525,0
91,-0.161639950195,0
92,0.0573533291608,0
93,0.150081263186,0
94,-0.0124982021068,0
95,0.109897303994,0
96,0.052232980733,0
97,0.40386192185,0
98,0.536895715246,0
99,0.406687917633,0
100,0.28855613719,0
101,0.521365750937,0
102,0.542493383944,0
103,0.425600102886,0
104,0.430823242418,0
105,0.784077668555,0
106,0.89657415819,0
107,0.612121626113,0
108,0.987896150226,0
109,0.61936958965,0
110,1.07415273576,0
111,0.825965634989,0
112,0.957177232338,0
113,0.852480907158,0
114,1.03434756941,0
115,1.15443378273,0
116,1.26144841936,0
117,0.985868408696,0
118,1.35808905614,0
119,1.128308176,0
120,1.14674010113,0
121,1.1260833131,0
122,1.40004891377,0
123,1.20570199346,0
124,1.23560815392,0
125,1.25437790173,0
126,1.31803122436,0
127,1.43803831269,0
128,1.70899848786,0
129,1.56219379701,0
130,1.43821057844,0
131,1.78140772067,0
132,1.7644068276,0
133,1.45569023621,0
134,1.75218152967,0
135,1.88593360129,0
136,1.88805896334,0
137,1.58818367031,0
138,1.93630238543,0
139,1.58261954827,0
140,1.91221157138,0
141,1.97490662581,0
142,1.80551245736,0
143,1.83120726275,0
144,1.60728397088,0
145,1.69277264461,0
146,2.01816436539,0
147,1.95638825336,0
148,1.87970180742,0
149,1.61643303303,0
150,1.63387264757,0
151,1.87232103686,0
152,2.00833246282,0
153,1.93504306098,0
154,1.79986533709,0
155,1.76611929127,0
156,1.83959221018,0
157,1.80689099452,0
158,1.72294392471,0
159,1.54320835336,0
160,1.78497339424,0
161,1.51658282792,0
162,1.68379752404,0
163,1.48365915388,0
164,1.78504014529,0
165,1.4923305986,0
166,1.6926643881,0
167,1.48559746011,0
168,1.48748744033,0
169,1.69399361874,0
170,1.33121259658,0
171,1.43934732743,0
172,1.27644403984,0
173,1.57700524445,0
174,1.28813385002,0
175,1.17487091203,0
176,1.43504611987,0
177,1.5188279936,0
178,1.22160978668,0
179,1.41991506067,0
180,1.21589055029,0
181,1.37111722975,0
182,1.29997346348,0
183,0.883162320946,0
184,1.17807049425,0
185,1.22444519114,0
186,0.798100962853,0
187,0.755511901883,0
188,1.07169245759,0
189,1.04938036177,0
190,0.736566295039,0
191,0.762110795409,0
192,0.525559675585,0
193,0.54475698398,0
194,0.795924336212,0
195,0.796414439882,0
196,0.622541294406,0
197,0.704021469249,0
198,0.330470142965,0
199,0.623186042175,0
200,0.204835341456,0
201,0.270557635992,0
202,0.484818632254,0
203,0.287305850719,0
204,0.1101404219,0
205,-0.0405095021904,0
206,0.235454354512,0
207,-0.131577115321,0
208,-0.0603292354887,0
209,-0.018641780067,0
210,0.123024171498,0
211,-0.132456827894,0
212,-0.0460930036113,0
213,-0.266010725707,0
214,-0.37112088103,0
215,-0.0952243894693,0
216,-0.343350955082,0
217,-0.557210143558,0
218,-0.552824357414,0
219,-0.386887181346,0
220,-0.274688578509,0
221,-0.641250040987,0
222,-0.542177372073,0
223,-0.77212089312,0
224,-0.804233490277,0
225,-0.454245653049,0
226,-0.517824337027,0
227,-0.477044232149,0
228,-0.548923281343,0
229,-0.584811813997,0
230,-0.775935678303,0
231,-0.893270770432,0
232,-0.902431980254,0
233,-0.687858112577,0
234,-1.06776100032,0
235,-1.08895856342,0
236,-0.694025109679,0
237,-0.986095619221,0
238,-1.04208285291,0
239,-1.14865093349,0
240,-1.17411651078,0
241,-0.770499942528,0
242,-1.14249826751,0
243,-1.18570082556,0
244,-0.902409687987,0
245,-0.882665709857,0
246,-0.993266030533,0
247,-0.865128783058,0
248,-1.06695529009,0
249,-1.2048098676,0
250,-1.07556012192,0
251,-0.823179449709,0
252,-1.23927477378,0
253,-1.09379549183,0
254,-1.21074476821,0
255,-0.951564025091,0
256,-1.21328371548,0
257,-0.822016887279,0
258,-0.939538243448,0
259,-1.09208074832,0
260,-1.16960228542,0
261,-0.85258685939,0
262,-0.734889926062,0
263,-0.722958735968,0
264,-0.74674373737,0
265,-0.771986509403,0
266,-0.914587226047,0
267,-0.743404770731,0
268,-0.620607871644,0
269,-0.831337349289,0
270,-0.930526414386,0
271,-0.61351570907,0
272,-0.588270544238,0
273,-0.588411781566,0
274,-0.743720423176,0
275,-0.808977336882,0
276,-0.588786573256,0
277,-0.562353078496,0
278,-0.434154300297,0
279,-0.569817180049,0
280,-0.641450913708,0
281,-0.612950984901,0
282,-0.203093256386,0
283,-0.146625074504,0
284,-0.492023455413,0
285,-0.0420954602523,0
286,-0.101395695067,0
287,0.0341684242799,0
288,-0.00873567176478,0
289,0.115295347975,0
290,0.134878468162,0
291,-0.209938307558,0
292,0.00905497179758,0
293,0.101782905823,0
294,-0.0607965594701,0
295,0.0615989466308,0
296,0.00393462336976,0
297,0.355563564486,0
298,0.488597357883,0
299,0.35838956027,0
300,0.240257779827,0
301,0.473067393574,0
302,0.494195026581,0
303,0.377301745522,0
304,0.382524885054,0
305,0.735779311192,0
306,0.848275800826,0
307,0.56382326875,0
308,0.939597792863,0
309,0.571071232286,0
310,1.0258543784,0
311,0.777667277626,0
312,0.908878874975,0
313,0.804182549795,0
314,0.986049212051,0
315,1.10613542537,0
316,1.21315006199,0
317,0.937570051332,0
318,1.30979069878,0
319,1.08000981863,0
320,1.09844174377,0
321,1.07778495574,0
322,1.35175055641,0
323,1.1574036361,0
324,1.18730979656,0
325,1.20607954436,0
326,1.26973286699,0
327,1.38973995533,0
328,1.6607001305,0
329,1.51389543965,0
330,1.38991222108,0
331,1.7331093633,0
332,1.71610847024,0
333,1.40739187885,0
334,1.7038831723,0
335,1.83763524393,0
336,1.83976060598,0
337,1.53988531295,0
338,1.88800402807,0
339,1.53432119091,0
340,1.86391321401,0
341,1.92660826844,0
342,1.75721409999,0
343,1.78290890538,0
344,1.55898561351,0
345,1.64447428725,0
346,1.96986600803,0
347,1.908089896,0
348,1.83140345005,0
349,1.56813467566,0
350,1.5855742902,0
351,1.82402267949,0
352,1.96003410545,0
353,1.88674470362,0
354,1.75156697973,0
355,1.7178209339,0
356,1.79129385281,0
357,1.75859263716,0
358,1.67464556735,0
359,1.49490999599,0
360,1.73667503688,0
361,1.46828447055,0
362,1.63549916667,0
363,1.43536079652,0
364,1.73674178792,0
365,1.44403224124,0
366,1.64436603074,0
367,1.43729910275,0
368,1.43918908296,0
369,1.64569526137,0
370,1.28291423922,0
371,1.39104897006,0
372,1.22814568248,0
373,1.52870688708,0
374,1.23983549266,0
375,1.12657255467,0
376,1.3867477625,0
377,1.47052963624,0
378,1.17331142932,0
379,1.37161670331,0
380,1.16759219293,0
381,1.32281887239,0
382,1.25167510612,0
383,0.834863963583,0
384,1.12977213689,0
385,1.17614683378,0
386,0.74980260549,0
387,0.70721354452,0
388,1.02339410023,0
389,1.00108200441,0
390,0.688267937675,0
391,0.713812438046,0
392,0.477261318222,0
393,0.496458626617,0
394,0.747625978849,0
395,0.748116082518,0
396,0.574242937043,0
397,0.655723111886,0
398,0.282171785602,0
399,0.574887684812,0
400,0.258138109553,0
401,0.32386040409,0
402,0.538121400352,0
403,0.340608618816,0
404,0.163443189997,0
405,0.0127932659069,0
406,0.288757122609,0
407,-0.0782743472235,0
408,-0.00702646739132,0
409,0.0346609880303,0
410,0.176326939596,0
411,-0.0791540597967,0
412,0.00720976448611,0
413,-0.21270795761,0
414,-0.317818112933,0
415,-0.0419216213719,0
416,-0.290048186985,0
417,-0.503907375461,0
418,-0.499521589316,0
419,-0.333584413248,0
420,-0.221385810412,0
421,-0.58794727289,0
422,-0.488874603976,0
423,-0.718818125023,0
424,-0.750930722179,0
425,-0.400942884952,0
426,-0.464521568929,0
427,-0.423741464051,0
428,-0.495620513246,0
429,-0.5315090459,0
430,-0.722632910205,0
431,-0.839968002335,0
432,-0.849129212156,0
433,-0.63455534448,0
434,-1.01445823222,0
435,-1.03565579532,0
436,-0.640722341581,0
437,-0.932792851124,0
438,-0.988780084811,0
439,-1.09534816539,0
440,-1.12081374268,0
441,-0.717197174431,0
442,-1.08919549941,0
443,-1.13239805746,0
444,-0.849106919889,0
445,-0.829362941759,0
446,-0.939963262435,0
447,-0.811826014961,0
448,-1.01365252199,0
449,-1.1515070995,0
450,-1.02225735382,0
451,-0.769876681611,0
452,-1.18597200568,0
453,-1.04049272373,0
454,-1.15744200011,0
455,-0.898261256993,0
456,-1.15998094739,0
457,-0.768714119182,0
458,-0.886235475351,0
459,-1.03877798022,0
460,-1.11629951733,0
461,-0.799284091293,0
462,-0.681587157964,0
463,-0.66965596787,0
464,-0.693440969273,0
465,-0.718683741306,0
466,-0.86128445795,0
467,-0.690102002634,0
468,-0.567305103547,0
469,-0.778034581192,0
470,-0.877223646289,0
471,-0.560212940973,0
472,-0.53496777614,0
473,-0.535109013469,0
474,-0.690417655079,0
475,-0.755674568784,0
476,-0.535483805159,0
477,-0.509050310398,0
478,-0.3808515322,0
479,-0.516514411952,0
480,-0.58814814561,0
481,-0.559648216803,0
482,-0.149790488289,0
483,-0.0933223064067,0
484,-0.438720687315,0
485,0.0112073078451,0
486,-0.0480929269696,0
487,0.0874711923773,0
488,0.0445670963326,0
489,0.168598116072,0
490,0.188181236259,0
491,-0.156635539461,0
492,0.062357739895,0
493,0.15508567392,0
494,-0.00749379137273,0
495,0.114901714728,0
496,0.0572373914671,0
497,0.408866332584,0
498,0.54190012598,0
499,0.411692328367,0
500,0.293560547924,0
501,0.526370161671,0
502,0.547497794678,0
503,0.43060451362,0
504,0.435827653152,0
505,0.789082079289,0
506,0.901578568924,0
507,0.617126036847,0
508,0.99290056096,0
509,0.624374000384,0
510,1.0791571465,0
511,0.830970045723,0
512,0.962181643072,0
513,0.857485317892,0
514,1.03935198015,0
515,1.15943819347,0
516,1.26645283009,0
517,0.99087281943,0
518,1.36309346687,0
519,1.13331258673,0
520,1.15174451187,0
521,1.13108772384,0
522,1.40505332451,0
523,1.2107064042,0
524,1.24061256465,0
525,1.25938231246,0
526,1.32303563509,0
527,1.44304272343,0
528,1.7140028986,0
529,1.56719820775,0
530,1.44321498917,0
531,1.7864121314,0
532,1.76941123834,0
533,1.46069464695,0
534,1.7571859404,0
535,1.89093801203,0
536,1.89306337408,0
537,1.59318808104,0
538,1.94130679616,0
539,1.587623959,0
540,1.91721598211,0
541,1.97991103654,0
542,1.81051686809,0
543,1.83621167348,0
544,1.61228838161,0
545,1.69777705534,0
546,2.02316877613,0
547,1.9613926641,0
548,1.88470621815,0
549,1.62143744376,0
550,1.6388770583,0
551,1.87732544759,0
552,2.01333687355,0
553,1.94004747172,0
554,1.80486974783,0
555,1.771123702,0
556,1.84459662091,0
557,1.81189540526,0
558,1.72794833544,0
559,1.54821276409,0
560,1.78997780497,0
561,1.52158723865,0
562,1.68880193477,0
563,1.48866356461,0
564,1.79004455602,0
565,1.49733500934,0
566,1.69766879884,0
567,1.49060187084,0
568,1.49249185106,0
569,1.69899802947,0
570,1.33621700731,0
571,1.44435173816,0
572,1.28144845058,0
573,1.58200965518,0
574,1.29313826075,0
575,1.17987532277,0
576,1.4400505306,0
577,1.52383240433,0
578,1.22661419741,0
579,1.4249194714,0
580,1.22089496103,0
581,1.37612164048,0
582,1.30497787421,0
583,0.88816673168,0
584,1.18307490499,0
585,1.22944960188,0
586,0.803105373587,0
587,0.760516312617,0
588,1.07669686833,0
589,1.05438477251,0
590,0.741570705773,0
591,0.767115206143,0
592,0.530564086319,0
593,0.549761394715,0
594,0.800928746946,0
595,0.801418850616,0
596,0.62754570514,0
597,0.709025879984,0
598,0.335474553699,0
599,0.628190452909,0
600,0.131487729581,0
601,0.197210024117,0
602,0.411471020379,0
603,0.213958238844,0
604,0.0367928100253,0
605,-0.113857114065,0
606,0.162106742637,0
607,-0.204924727196,0
608,-0.133676847364,0
609,-0.0919893919419,0
610,0.0496765596236,0
611,-0.205804439769,0
612,-0.119440615486,0
613,-0.339358337582,0
614,-0.444468492905,0
615,-0.168572001344,0
616,-0.416698566957,0
617,-0.630557755433,0
618,-0.626171969288,0
619,-0.460234793221,0
620,-0.348036190384,0
621,-0.714597652862,0
622,-0.615524983948,0
623,-0.845468504995,0
624,-0.877581102152,0
625,-0.527593264924,0
626,-0.591171948902,0
627,-0.550391844024,0
628,-0.622270893218,0
629,-0.658159425872,0
630,-0.849283290178,0
631,-0.966618382307,0
632,-0.975779592128,0
633,-0.761205724452,0
634,-1.14110861219,0
635,-1.16230617529,0
636,-0.767372721553,0
637,-1.0594432311,0
638,-1.11543046478,0
639,-1.22199854536,0
640,-1.24746412266,0
641,-0.843847554403,0
642,-1.21584587938,0
643,-1.25904843743,0
644,-0.975757299862,0
645,-0.956013321731,0
646,-1.06661364241,0
647,-0.938476394933,0
648,-1.14030290196,0
649,-1.27815747948,0
650,-1.14890773379,0
651,-0.896527061584,0
652,-1.31262238565,0
653,-1.1671431037,0
654,-1.28409238009,0
655,-1.02491163697,0
656,-1.28663132736,0
657,-0.895364499154,0
658,-1.01288585532,0
659,-1.16542836019,0
660,-1.2429498973,0
661,-0.925934471265,0
662,-0.808237537937,0
663,-0.796306347842,0
664,-0.820091349245,0
665,-0.845334121278,0
666,-0.987934837922,0
667,-0.816752382606,0
668,-0.693955483519,0
669,-0.904684961164,0
670,-1.00387402626,0
671,-0.686863320945,0
672,-0.661618156112,0
673,-0.661759393441,0
674,-0.817068035051,0
675,-0.882324948757,0
676,-0.662134185131,0
677,-0.63570069037,0
678,-0.507501912172,0
679,-0.643164791924,0
680,-0.714798525582,0
681,-0.686298596776,0
682,-0.276440868261,0
683,-0.219972686379,0
684,-0.565371067287,0
685,-0.115443072127,0
686,-0.174743306942,0
687,-0.0391791875949,0
688,-0.0820832836396,0
689,0.0419477361002,0
690,0.0615308562869,0
691,-0.283285919433,0
692,-0.0642926400773,0
693,0.0284352939479,0
694,-0.134144171345,0
695,-0.0117486652441,0
696,-0.0694129885051,0
697,0.282215952611,0
698,0.415249746008,0
699,0.285041948395,0
700,0.166910167952,0
701,0.399719781699,0
702,0.420847414706,0
703,0.303954133648,0
704,0.309177273179,0
705,0.662431699317,0
706,0.774928188952,0
707,0.490475656875,0
708,0.866250180988,0
709,0.497723620412,0
710,0.952506766524,0
711,0.704319665751,0
712,0.8355312631,0
713,0.73083493792,0
714,0.912701600177,0
715,1.03278781349,0
716,1.13980245012,0
717,0.864222439458,0
718,1.2364430869,0
719,1.00666220676,0
720,1.02509413189,0
721,1.00443734387,0
722,1.27840294453,0
723,1.08405602422,0
724,1.11396218468,0
725,1.13273193249,0
726,1.19638525512,0
727,1.31639234346,0
728,1.58735251862,0
729,1.44054782778,0
730,1.3165646092,0
731,1.65976175143,0
732,1.64276085837,0
733,1.33404426698,0
734,1.63053556043,0
735,1.76428763205,0
736,1.7664129941,0
737,1.46653770107,0
738,1.81465641619,0
739,1.46097357903,0
740,1.79056560214,0
741,1.85326065657,0
742,1.68386648812,0
743,1.70956129351,0
744,1.48563800164,0
745,1.57112667537,0
746,1.89651839615,0
747,1.83474228413,0
748,1.75805583818,0
749,1.49478706379,0
750,1.51222667833,0
751,1.75067506762,0
752,1.88668649358,0
753,1.81339709174,0
754,1.67821936786,0
755,1.64447332203,0
756,1.71794624094,0
757,1.68524502529,0
758,1.60129795547,0
759,1.42156238412,0
760,1.663327425,0
761,1.39493685868,0
762,1.5621515548,0
763,1.36201318464,0
764,1.66339417605,0
765,1.37068462936,0
766,1.57101841887,0
767,1.36395149087,0
768,1.36584147109,0
769,1.5723476495,0
770,1.20956662734,0
771,1.31770135819,0
772,1.1547980706,0
773,1.45535927521,0
774,1.16648788078,0
775,1.05322494279,0
776,1.31340015063,0
777,1.39718202436,0
778,1.09996381744,0
779,1.29826909143,0
780,1.09424458105,0
781,1.24947126051,0
782,1.17832749424,0
783,0.761516351708,0
784,1.05642452501,0
785,1.1027992219,0
786,0.676454993615,0
787,0.633865932645,0
788,0.950046488356,0
789,0.927734392534,0
790,0.6149203258,0
791,0.640464826171,0
792,0.403913706347,0
793,0.423111014742,0
794,0.674278366974,0
795,0.674768470644,0
796,0.500895325168,0
797,0.582375500011,0
798,0.208824173727,0
799,0.501540072937,0
800,-0.0435475064287,0
801,0.0221747881075,0
802,0.236435784369,0
803,0.0389230028338,0
804,-0.138242425985,0
805,-0.288892350075,0
806,-0.0129284933728,0
807,-0.379959963206,0
808,-0.308712083374,0
809,-0.267024627952,0
810,-0.125358676386,0
811,-0.380839675779,0
812,-0.294475851496,0
813,-0.514393573592,0
814,-0.619503728915,0
815,-0.343607237354,0
816,-0.591733802967,0
817,-0.805592991443,0
818,-0.801207205298,0
819,-0.635270029231,0
820,-0.523071426394,0
821,-0.889632888872,0
822,-0.790560219958,0
823,-1.02050374101,0
824,-1.05261633816,0
825,-0.702628500934,0
826,-0.766207184912,0
827,-0.725427080034,0
828,-0.797306129228,0
829,-0.833194661882,0
830,-1.02431852619,0
831,-1.14165361832,0
832,-1.15081482814,0
833,-0.936240960462,0
834,-1.3161438482,0
835,-1.3373414113,0
836,-0.942407957563,0
837,-1.23447846711,0
838,-1.29046570079,0
839,-1.39703378137,0
840,-1.42249935867,0
841,-1.01888279041,0
842,-1.39088111539,0
843,-1.43408367344,0
844,-1.15079253587,0
845,-1.13104855774,0
846,-1.24164887842,0
847,-1.11351163094,0
848,-1.31533813797,0
849,-1.45319271549,0
850,-1.3239429698,0
851,-1.07156229759,0
852,-1.48765762166,0
853,-1.34217833971,0
854,-1.4591276161,0
855,-1.19994687298,0
856,-1.46166656337,0
857,-1.07039973516,0
858,-1.18792109133,0
859,-1.3404635962,0
860,-1.41798513331,0
861,-1.10096970728,0
862,-0.983272773947,0
863,-0.971341583852,0
864,-0.995126585255,0
865,-1.02036935729,0
866,-1.16297007393,0
867,-0.991787618616,0
868,-0.868990719529,0
869,-1.07972019717,0
870,-1.17890926227,0
871,-0.861898556955,0
872,-0.836653392122,0
873,-0.836794629451,0
874,-0.992103271061,0
875,-1.05736018477,0
876,-0.837169421141,0
877,-0.81073592638,0
878,-0.682537148182,0
879,-0.818200027934,0
880,-0.889833761592,0
881,-0.861333832786,0
882,-0.451476104271,0
883,-0.395007922389,0
884,-0.740406303297,0
885,-0.290478308137,0
886,-0.349778542952,0
887,-0.214214423605,0
888,-0.25711851965,0
889,-0.13308749991,0
890,-0.113504379723,0
891,-0.458321155443,0
892,-0.239327876087,0
893,-0.146599942062,0
894,-0.309179407355,0
895,-0.186783901254,0
896,-0.244448224515,0
897,0.107180716601,0
898,0.240214509998,0
899,0.110006712385,0
900,-0.00812506805825,0
901,0.224684545689,0
902,0.245812178696,0
903,0.128918897638,0
904,0.13414203717,0
905,0.487396463307,0
906,0.599892952942,0
907,0.315440420865,0
908,0.691214944978,0
909,0.322688384402,0
910,0.777471530514,0
911,0.529284429741,0
912,0.66049602709,0
913,0.55579970191,0
914,0.737666364167,0
915,0.857752577485,0
916,0.964767214109,0
917,0.689187203448,0
918,1.06140785089,0
919,0.831626970749,0
920,0.850058895885,0
921,0.829402107857,0
922,1.10336770852,0
923,0.909020788213,0
924,0.938926948672,0
925,0.957696696477,0
926,1.02135001911,0
927,1.14135710745,0
928,1.41231728261,0
929,1.26551259177,0
930,1.14152937319,0
931,1.48472651542,0
932,1.46772562236,0
933,1.15900903097,0
934,1.45550032442,0
935,1.58925239604,0
936,1.59137775809,0
937,1.29150246506,0
938,1.63962118018,0
939,1.28593834302,0
940,1.61553036613,0
941,1.67822542056,0
942,1.50883125211,0
943,1.5345260575,0
944,1.31060276563,0
945,1.39609143936,0
946,1.72148316014,0
947,1.65970704812,0
948,1.58302060217,0
949,1.31975182778,0
950,1.33719144232,0
951,1.57563983161,0
952,1.71165125757,0
953,1.63836185573,0
954,1.50318413185,0
955,1.46943808602,0
956,1.54291100493,0
957,1.51020978928,0
958,1.42626271946,0
959,1.24652714811,0
960,1.48829218899,0
961,1.21990162267,0
962,1.38711631879,0
963,1.18697794863,0
964,1.48835894004,0
965,1.19564939335,0
966,1.39598318286,0
967,1.18891625486,0
968,1.19080623508,0
969,1.39731241349,0
970,1.03453139133,0
971,1.14266612218,0
972,0.979762834593,0
973,1.2803240392,0
974,0.991452644772,0
975,0.878189706784,0
976,1.13836491462,0
977,1.22214678835,0
978,0.924928581432,0
979,1.12323385542,0
980,0.919209345043,0
981,1.0744360245,0
982,1.00329225823,0
983,0.586481115698,0
984,0.881389289004,0
985,0.927763985893,0
986,0.501419757605,0
987,0.458830696635,0
988,0.775011252346,0
989,0.752699156524,0
990,0.43988508979,0
991,0.465429590161,0
992,0.228878470337,0
993,0.248075778732,0
994,0.499243130964,0
995,0.499733234634,0
996,0.325860089158,0
997,0.407340264001,0
998,0.033788937717,0
999,0.326504836927,0
1000,0.00902247101111,0
1001,0.0747447655473,0
1002,0.289005761809,0
1003,0.0914929802736,0
1004,-0.0856724485449,0
1005,-0.236322372635,0
1006,0.039641484067,0
1007,-0.327389985766,0
1008,-0.256142105934,0
1009,-0.214454650512,0
1010,-0.0727886989465,0
1011,-0.328269698339,0
1012,-0.241905874056,0
1013,-0.461823596152,0
1014,-0.566933751475,0
1015,-0.291037259914,0
1016,-0.539163825527,0
1017,-0.753023014003,0
1018,-0.748637227859,0
1019,-0.582700051791,0
1020,-0.470501448954,0
1021,-0.837062911432,0
1022,-0.737990242518,0
1023,-0.967933763565,0
1024,-1.00004636072,0
1025,-0.650058523494,0
1026,-0.713637207472,0
1027,-0.672857102594,0
1028,-0.744736151788,0
1029,-0.780624684442,0
1030,-0.971748548748,0
1031,-1.08908364088,0
1032,-1.0982448507,0
1033,-0.883670983022,0
1034,-1.26357387076,0
1035,-1.28477143386,0
1036,-0.889837980124,0
1037,-1.18190848967,0
1038,-1.23789572335,0
1039,-1.34446380393,0
1040,-1.36992938123,0
1041,-0.966312812973,0
1042,-1.33831113795,0
1043,-1.381513696,0
1044,-1.09822255843,0
1045,-1.0784785803,0
1046,-1.18907890098,0
1047,-1.0609416535,0
1048,-1.26276816053,0
1049,-1.40062273805,0
1050,-1.27137299236,0
1051,-1.01899232015,0
1052,-1.43508764422,0
1053,-1.28960836228,0
1054,-1.40655763866,0
1055,-1.14737689554,0
1056,-1.40909658593,0
1057,-1.01782975772,0
1058,-1.13535111389,0
1059,-1.28789361876,0
1060,-1.36541515587,0
1061,-1.04839972984,0
1062,-0.930702796507,0
1063,-0.918771606413,0
1064,-0.942556607815,0
1065,-0.967799379848,0
1066,-1.11040009649,0
1067,-0.939217641176,0
1068,-0.816420742089,0
1069,-1.02715021973,0
1070,-1.12633928483,0
1071,-0.809328579515,0
1072,-0.784083414683,0
1073,-0.784224652011,0
1074,-0.939533293621,0
1075,-1.00479020733,0
1076,-0.784599443701,0
1077,-0.758165948941,0
1078,-0.629967170742,0
1079,-0.765630050494,0
1080,-0.837263784153,0
1081,-0.808763855346,0
1082,-0.398906126831,0
1083,-0.342437944949,0
1084,-0.687836325858,0
1085,-0.237908330697,0
1086,-0.297208565512,0
1087,-0.161644446165,0
1088,-0.20454854221,0
1089,-0.0805175224699,0
1090,-0.0609344022833,0
1091,-0.405751178003,0
1092,-0.186757898647,0
1093,-0.0940299646223,0
1094,-0.256609429915,0
1095,-0.134213923814,0
1096,-0.191878247075,0
1097,0.159750694041,0
1098,0.292784487438,0
1099,0.162576689825,0
1100,0.0444449093816,0
1101,0.277254523129,0
1102,0.298382156136,0
1103,0.181488875077,0
1104,0.186712014609,0
1105,0.539966440747,0
1106,0.652462930381,0
1107,0.368010398305,0
1108,0.743784922418,0
1109,0.375258361841,0
1110,0.830041507954,0
1111,0.581854407181,0
1112,0.71306600453,0
1113,0.60836967935,0
1114,0.790236341606,0
1115,0.910322554925,0
1116,1.01733719155,0
1117,0.741757180887,0
1118,1.11397782833,0
1119,0.884196948189,0
1120,0.902628873325,0
1121,0.881972085296,0
1122,1.15593768596,0
1123,0.961590765653,0
1124,0.991496926112,0
1125,1.01026667392,0
1126,1.07391999655,0
1127,1.19392708489,0
1128,1.46488726005,0
1129,1.31808256921,0
1130,1.19409935063,0
1131,1.53729649286,0
1132,1.5202955998,0
1133,1.21157900841,0
1134,1.50807030186,0
1135,1.64182237348,0
1136,1.64394773553,0
1137,1.3440724425,0
1138,1.69219115762,0
1139,1.33850832046,0
1140,1.66810034357,0
1141,1.730795398,0
1142,1.56140122955,0
1143,1.58709603494,0
1144,1.36317274307,0
1145,1.4486614168,0
1146,1.77405313758,0
1147,1.71227702556,0
1148,1.63559057961,0
1149,1.37232180522,0
1150,1.38976141976,0
1151,1.62820980905,0
1152,1.76422123501,0
1153,1.69093183317,0
1154,1.55575410929,0
1155,1.52200806346,0
1156,1.59548098237,0
1157,1.56277976672,0
1158,1.4788326969,0
1159,1.29909712555,0
1160,1.54086216643,0
1161,1.27247160011,0
1162,1.43968629623,0
1163,1.23954792607,0
1164,1.54092891748,0
1165,1.24821937079,0
1166,1.4485531603,0
1167,1.2414862323,0
1168,1.24337621252,0
1169,1.44988239093,0
1170,1.08710136877,0
1171,1.19523609962,0
1172,1.03233281203,0
1173,1.33289401664,0
1174,1.04402262221,0
1175,0.930759684224,0
1176,1.19093489206,0
1177,1.27471676579,0
1178,0.977498558872,0
1179,1.17580383286,0
1180,0.971779322483,0
1181,1.12700600194,0
1182,1.05586223567,0
1183,0.639051093138,0
1184,0.933959266444,0
1185,0.980333963333,0
1186,0.553989735045,0
1187,0.511400674075,0
1188,0.827581229786,0
1189,0.805269133964,0
1190,0.49245506723,0
1191,0.517999567601,0
1192,0.281448447777,0
1193,0.300645756172,0
1194,0.551813108404,0
1195,0.552303212073,0
1196,0.378430066598,0
1197,0.459910241441,0
1198,0.0863589151569,0
1199,0.379074814367,0
1200,-0.0794885217086,0
1201,-0.0137662271724,0
1202,0.20049476909,0
1203,0.0029819875539,0
1204,-0.174183441265,0
1205,-0.324833365355,0
1206,-0.0488695086527,0
1207,-0.415900978486,0
1208,-0.344653098653,0
1209,-0.302965643232,0
1210,-0.161299691666,0
1211,-0.416780691059,0
1212,-0.330416866776,0
1213,-0.550334588872,0
1214,-0.655444744195,0
1215,-0.379548252634,0
1216,-0.627674818247,0
1217,-0.841534006723,0
1218,-0.837148220578,0
1219,-0.67121104451,0
1220,-0.559012441674,0
1221,-0.925573904152,0
1222,-0.826501235238,0
1223,-1.05644475629,0
1224,-1.08855735344,0
1225,-0.738569516214,0
1226,-0.802148200191,0
1227,-0.761368095314,0
1228,-0.833247144508,0
1229,-0.869135677162,0
1230,-1.06025954147,0
1231,-1.1775946336,0
1232,-1.18675584342,0
1233,-0.972181975742,0
1234,-1.35208486348,0
1235,-1.37328242658,0
1236,-0.978348972843,0
1237,-1.27041948239,0
1238,-1.32640671607,0
1239,-1.43297479665,0
1240,-1.45844037395,0
1241,-1.05482380569,0
1242,-1.42682213067,0
1243,-1.47002468872,0
1244,-1.18673355115,0
1245,-1.16698957302,0
1246,-1.2775898937,0
1247,-1.14945264622,0
1248,-1.35127915325,0
1249,-1.48913373077,0
1250,-1.35988398508,0
1251,-1.10750331287,0
1252,-1.52359863694,0
1253,-1.37811935499,0
1254,-1.49506863138,0
1255,-1.23588788826,0
1256,-1.49760757865,0
1257,-1.10634075044,0
1258,-1.22386210661,0
1259,-1.37640461148,0
1260,-1.45392614859,0
1261,-1.13691072256,0
1262,-1.01921378923,0
1263,-1.00728259913,0
1264,-1.03106760053,0
1265,-1.05631037257,0
1266,-1.19891108921,0
1267,-1.0277286339,0
1268,-0.904931734809,0
1269,-1.11566121245,0
1270,-1.21485027755,0
1271,-0.897839572235,0
1272,-0.872594407402,0
1273,-0.872735644731,0
1274,-1.02804428634,0
1275,-1.09330120005,0
1276,-0.873110436421,0
1277,-0.84667694166,0
1278,-0.718478163462,0
1279,-0.854141043214,0
1280,-0.925774776872,0
1281,-0.897274848066,0
1282,-0.487417119551,0
1283,-0.430948937669,0
1284,-0.776347318577,0
1285,-0.326419323417,0
1286,-0.385719558232,0
1287,-0.250155438885,0
1288,-0.293059534929,0
1289,-0.16902851519,0
1290,-0.149445395003,0
1291,-0.494262170723,0
1292,-0.275268891367,0
1293,-0.182540957342,0
1294,-0.345120422635,0
1295,-0.222724916534,0
1296,-0.280389239795,0
1297,0.0712397013216,0
1298,0.204273494718,0
1299,0.0740656971053,0
1300,-0.0440660833381,0
1301,0.188743530409,0
1302,0.209871163416,0
1303,0.0929778823577,0
1304,0.0982010218896,0
1305,0.451455448027,0
1306,0.563951937662,0
1307,0.279499405585,0
1308,0.655273929698,0
1309,0.286747369122,0
1310,0.741530515234,0
1311,0.493343414461,0
1312,0.62455501181,0
1313,0.51985868663,0
1314,0.701725348887,0
1315,0.821811562205,0
1316,0.928826198829,0
1317,0.653246188168,0
1318,1.02546683561,0
1319,0.795685955469,0
1320,0.814117880605,0
1321,0.793461092577,0
1322,1.06742669324,0
1323,0.873079772934,0
1324,0.902985933392,0
1325,0.921755681197,0
1326,0.985409003829,0
1327,1.10541609217,0
1328,1.37637626733,0
1329,1.22957157649,0
1330,1.10558835791,0
1331,1.44878550014,0
1332,1.43178460708,0
1333,1.12306801569,0
1334,1.41955930914,0
1335,1.55331138076,0
1336,1.55543674281,0
1337,1.25556144978,0
1338,1.6036801649,0
1339,1.24999732774,0
1340,1.57958935085,0
1341,1.64228440528,0
1342,1.47289023683,0
1343,1.49858504222,0
1344,1.27466175035,0
1345,1.36015042408,0
1346,1.68554214486,0
1347,1.62376603284,0
1348,1.54707958689,0
1349,1.2838108125,0
1350,1.30125042704,0
1351,1.53969881633,0
1352,1.67571024229,0
1353,1.60242084045,0
1354,1.46724311657,0
1355,1.43349707074,0
1356,1.50696998965,0
1357,1.474268774,0
1358,1.39032170418,0
1359,1.21058613283,0
1360,1.45235117371,0
1361,1.18396060739,0
1362,1.35117530351,0
1363,1.15103693335,0
1364,1.45241792476,0
1365,1.15970837807,0
1366,1.36004216758,0
1367,1.15297523958,0
1368,1.1548652198,0
1369,1.36137139821,0
1370,0.998590376053,0
1371,1.1067251069,0
1372,0.943821819313,0
1373,1.24438302392,0
1374,0.955511629492,0
1375,0.842248691504,0
1376,1.10242389934,0
1377,1.18620577307,0
1378,0.888987566152,0
1379,1.08729284014,0
1380,0.883268329763,0
1381,1.03849500922,0
1382,0.967351242952,0
1383,0.550540100418,0
1384,0.845448273724,0
1385,0.891822970613,0
1386,0.465478742325,0
1387,0.422889681355,0
1388,0.739070237066,0
1389,0.716758141244,0
1390,0.403944074511,0
1391,0.429488574881,0
1392,0.192937455057,0
1393,0.212134763452,0
1394,0.463302115684,0
1395,0.463792219354,0
1396,0.289919073878,0
1397,0.371399248722,0
1398,-0.00215207756283,0
1399,0.290563821647,0
1400,-0.146460256444,0
1401,-0.080737961908,0
1402,0.133523034354,0
1403,-0.0639897471817,0
1404,-0.241155176,0
1405,-0.391805100091,0
1406,-0.115841243388,0
1407,-0.482872713221,0
1408,-0.411624833389,0
1409,-0.369937377967,0
1410,-0.228271426402,0
1411,-0.483752425794,0
1412,-0.397388601512,0
1413,-0.617306323607,0
1414,-0.72241647893,0
1415,-0.44651998737,0
1416,-0.694646552983,0
1417,-0.908505741458,0
1418,-0.904119955314,0
1419,-0.738182779246,0
1420,-0.62598417641,0
1421,-0.992545638888,0
1422,-0.893472969973,0
1423,-1.12341649102,0
1424,-1.15552908818,0
1425,-0.805541250949,0
1426,-0.869119934927,0
1427,-0.828339830049,0
1428,-0.900218879243,0
1429,-0.936107411898,0
1430,-1.1272312762,0
1431,-1.24456636833,0
1432,-1.25372757815,0
1433,-1.03915371048,0
1434,-1.41905659822,0
1435,-1.44025416132,0
1436,-1.04532070758,0
1437,-1.33739121712,0
1438,-1.39337845081,0
1439,-1.49994653139,0
1440,-1.52541210868,0
1441,-1.12179554043,0
1442,-1.49379386541,0
1443,-1.53699642346,0
1444,-1.25370528589,0
1445,-1.23396130776,0
1446,-1.34456162843,0
1447,-1.21642438096,0
1448,-1.41825088799,0
1449,-1.5561054655,0
1450,-1.42685571982,0
1451,-1.17447504761,0
1452,-1.59057037168,0
1453,-1.44509108973,0
1454,-1.56204036611,0
1455,-1.30285962299,0
1456,-1.56457931339,0
1457,-1.17331248518,0
1458,-1.29083384135,0
1459,-1.44337634622,0
1460,-1.52089788333,0
1461,-1.20388245729,0
1462,-1.08618552396,0
1463,-1.07425433387,0
1464,-1.09803933527,0
1465,-1.1232821073,0
1466,-1.26588282395,0
1467,-1.09470036863,0
1468,-0.971903469545,0
1469,-1.18263294719,0
1470,-1.28182201229,0
1471,-0.96481130697,0
1472,-0.939566142138,0
1473,-0.939707379466,0
1474,-1.09501602108,0
1475,-1.16027293478,0
1476,-0.940082171156,0
1477,-0.913648676396,0
1478,-0.785449898198,0
1479,-0.921112777949,0
1480,-0.992746511608,0
1481,-0.964246582801,0
1482,-0.554388854287,0
1483,-0.497920672404,0
1484,-0.843319053313,0
1485,-0.393391058153,0
1486,-0.452691292967,0
1487,-0.31712717362,0
1488,-0.360031269665,0
1489,-0.236000249925,0
1490,-0.216417129739,0
1491,-0.561233905458,0
1492,-0.342240626103,0
1493,-0.249512692078,0
1494,-0.41209215737,0
1495,-0.28969665127,0
1496,-0.347360974531,0
1497,0.00426796658601,0
1498,0.137301759983,0
1499,0.00709396236971,0
1500,-0.111037818074,0
1501,0.121771795674,0
1502,0.14289942868,0
1503,0.0260061476221,0
1504,0.031229287154,0
1505,0.384483713292,0
1506,0.496980202926,0
1507,0.212527670849,0
1508,0.588302194962,0
1509,0.219775634386,0
1510,0.674558780499,0
1511,0.426371679726,0
1512,0.557583277075,0
1513,0.452886951894,0
1514,0.634753614151,0
1515,0.754839827469,0
1516,0.861854464094,0
1517,0.586274453432,0
1518,0.958495100877,0
1519,0.728714220733,0
1520,0.74714614587,0
1521,0.726489357841,0
1522,1.00045495851,0
1523,0.806108038198,0
1524,0.836014198657,0
1525,0.854783946462,0
1526,0.918437269094,0
1527,1.03844435743,0
1528,1.3094045326,0
1529,1.16259984175,0
1530,1.03861662318,0
1531,1.3818137654,0
1532,1.36481287234,0
1533,1.05609628095,0
1534,1.3525875744,0
1535,1.48633964603,0
1536,1.48846500808,0
1537,1.18858971505,0
1538,1.53670843017,0
1539,1.183025593,0
1540,1.51261761611,0
1541,1.57531267054,0
1542,1.40591850209,0
1543,1.43161330748,0
1544,1.20769001561,0
1545,1.29317868935,0
1546,1.61857041013,0
1547,1.5567942981,0
1548,1.48010785215,0
1549,1.21683907776,0
1550,1.2342786923,0
1551,1.47272708159,0
1552,1.60873850755,0
1553,1.53544910572,0
1554,1.40027138183,0
1555,1.366525336,0
1556,1.43999825491,0
1557,1.40729703926,0
1558,1.32334996945,0
1559,1.14361439809,0
1560,1.38537943898,0
1561,1.11698887265,0
1562,1.28420356877,0
1563,1.08406519862,0
1564,1.38544619002,0
1565,1.09273664334,0
1566,1.29307043284,0
1567,1.08600350485,0
1568,1.08789348506,0
1569,1.29439966347,0
1570,0.931618641317,0
1571,1.03975337216,0
1572,0.876850084577,0
1573,1.17741128918,0
1574,0.888539894756,0
1575,0.775276956768,0
1576,1.0354521646,0
1577,1.11923403834,0
1578,0.822015831416,0
1579,1.02032110541,0
1580,0.816296595028,0
1581,0.971523274485,0
1582,0.900379508216,0
1583,0.483568365683,0
1584,0.778476538988,0
1585,0.824851235878,0
1586,0.39850700759,0
1587,0.355917946619,0
1588,0.672098502331,0
1589,0.649786406509,0
1590,0.336972339775,0
1591,0.362516840145,0
1592,0.125965720322,0
1593,0.145163028717,0
1594,0.396330380948,0
1595,0.396820484618,0
1596,0.222947339142,0
1597,0.304427513986,0
1598,-0.0691238122984,0
1599,0.223592086911,0
1600,0.124906214084,0
1601,0.19062850862,0
1602,0.404889504882,0
1603,0.207376723346,0
1604,0.0302112945278,0
1605,-0.120438629563,0
1606,0.15552522714,0
1607,-0.211506242693,0
1608,-0.140258362861,0
1609,-0.0985709074393,0
1610,0.0430950441262,0
1611,-0.212385955266,0
1612,-0.126022130984,0
1613,-0.345939853079,0
1614,-0.451050008402,0
1615,-0.175153516842,0
1616,-0.423280082455,0
1617,-0.63713927093,0
1618,-0.632753484786,0
1619,-0.466816308718,0
1620,-0.354617705882,0
1621,-0.72117916836,0
1622,-0.622106499446,0
1623,-0.852050020493,0
1624,-0.884162617649,0
1625,-0.534174780421,0
1626,-0.597753464399,0
1627,-0.556973359521,0
1628,-0.628852408715,0
1629,-0.66474094137,0
1630,-0.855864805675,0
1631,-0.973199897805,0
1632,-0.982361107626,0
1633,-0.76778723995,0
1634,-1.14769012769,0
1635,-1.16888769079,0
1636,-0.773954237051,0
1637,-1.06602474659,0
1638,-1.12201198028,0
1639,-1.22858006086,0
1640,-1.25404563815,0
1641,-0.8504290699,0
1642,-1.22242739488,0
1643,-1.26562995293,0
1644,-0.982338815359,0
1645,-0.962594837229,0
1646,-1.0731951579,0
1647,-0.945057910431,0
1648,-1.14688441746,0
1649,-1.28473899497,0
1650,-1.15548924929,0
1651,-0.903108577081,0
1652,-1.31920390115,0
1653,-1.1737246192,0
1654,-1.29067389558,0
1655,-1.03149315246,0
1656,-1.29321284286,0
1657,-0.901946014651,0
1658,-1.01946737082,0
1659,-1.17200987569,0
1660,-1.2495314128,0
1661,-0.932515986763,0
1662,-0.814819053434,0
1663,-0.80288786334,0
1664,-0.826672864742,0
1665,-0.851915636775,0
1666,-0.994516353419,0
1667,-0.823333898103,0
1668,-0.700536999017,0
1669,-0.911266476662,0
1670,-1.01045554176,0
1671,-0.693444836442,0
1672,-0.66819967161,0
1673,-0.668340908938,0
1674,-0.823649550549,0
1675,-0.888906464254,0
1676,-0.668715700628,0
1677,-0.642282205868,0
1678,-0.51408342767,0
1679,-0.649746307421,0
1680,-0.72138004108,0
1681,-0.692880112273,0
1682,-0.283022383759,0
1683,-0.226554201876,0
1684,-0.571952582785,0
1685,-0.122024587625,0
1686,-0.181324822439,0
1687,-0.0457607030924,0
1688,-0.0886647991371,0
1689,0.0353662206028,0
1690,0.0549493407894,0
1691,-0.28986743493,0
1692,-0.0708741555747,0
1693,0.0218537784504,0
1694,-0.140725686842,0
1695,-0.0183301807415,0
1696,-0.0759945040026,0
1697,0.275634437114,0
1698,0.408668230511,0
1699,0.278460432898,0
1700,0.160328652454,0
1701,0.393138266202,0
1702,0.414265899208,0
1703,0.29737261815,0
1704,0.302595757682,0
1705,0.65585018382,0
1706,0.768346673454,0
1707,0.483894141377,0
1708,0.85966866549,0
1709,0.491142104914,0
1710,0.945925251026,0
1711,0.697738150254,0
1712,0.828949747603,0
1713,0.724253422422,0
1714,0.906120084679,0
1715,1.026206298,0
1716,1.13322093462,0
1717,0.85764092396,0
1718,1.2298615714,0
1719,1.00008069126,0
1720,1.0185126164,0
1721,0.997855828369,0
1722,1.27182142904,0
1723,1.07747450873,0
1724,1.10738066918,0
1725,1.12615041699,0
1726,1.18980373962,0
1727,1.30981082796,0
1728,1.58077100313,0
1729,1.43396631228,0
1730,1.3099830937,0
1731,1.65318023593,0
1732,1.63617934287,0
1733,1.32746275148,0
1734,1.62395404493,0
1735,1.75770611656,0
1736,1.75983147861,0
1737,1.45995618557,0
1738,1.8080749007,0
1739,1.45439206353,0
1740,1.78398408664,0
1741,1.84667914107,0
1742,1.67728497262,0
1743,1.70297977801,0
1744,1.47905648614,0
1745,1.56454515987,0
1746,1.88993688066,0
1747,1.82816076863,0
1748,1.75147432268,0
1749,1.48820554829,0
1750,1.50564516283,0
1751,1.74409355212,0
1752,1.88010497808,0
1753,1.80681557625,0
1754,1.67163785236,0
1755,1.63789180653,0
1756,1.71136472544,0
1757,1.67866350979,0
1758,1.59471643997,0
1759,1.41498086862,0
1760,1.6567459095,0
1761,1.38835534318,0
1762,1.5555700393,0
1763,1.35543166914,0
1764,1.65681266055,0
1765,1.36410311387,0
1766,1.56443690337,0
1767,1.35736997537,0
1768,1.35925995559,0
1769,1.565766134,0
1770,1.20298511185,0
1771,1.31111984269,0
1772,1.14821655511,0
1773,1.44877775971,0
1774,1.15990636528,0
1775,1.0466434273,0
1776,1.30681863513,0
1777,1.39060050886,0
1778,1.09338230194,0
1779,1.29168757593,0
1780,1.08766306556,0
1781,1.24288974501,0
1782,1.17174597874,0
1783,0.754934836211,0
1784,1.04984300952,0
1785,1.09621770641,0
1786,0.669873478118,0
1787,0.627284417147,0
1788,0.943464972859,0
1789,0.921152877037,0
1790,0.608338810303,0
1791,0.633883310673,0
1792,0.39733219085,0
1793,0.416529499245,0
1794,0.667696851476,0
1795,0.668186955146,0
1796,0.49431380967,0
1797,0.575793984514,0
1798,0.20224265823,0
1799,0.494958557439,0
1800,-0.00388704814535,0
1801,0.0618352463908,0
1802,0.276096242653,0
1803,0.0785834611171,0
1804,-0.0985819677013,0
1805,-0.249231891792,0
1806,0.0267319649105,0
1807,-0.340299504922,0
1808,-0.26905162509,0
1809,-0.227364169668,0
1810,-0.085698218103,0
1811,-0.341179217496,0
1812,-0.254815393213,0
1813,-0.474733115308,0
1814,-0.579843270632,0
1815,-0.303946779071,0
1816,-0.552073344684,0
1817,-0.76593253316,0
1818,-0.761546747015,0
1819,-0.595609570947,0
1820,-0.483410968111,0
1821,-0.849972430589,0
1822,-0.750899761675,0
1823,-0.980843282722,0
1824,-1.01295587988,0
1825,-0.662968042651,0
1826,-0.726546726628,0
1827,-0.68576662175,0
1828,-0.757645670945,0
1829,-0.793534203599,0
1830,-0.984658067904,0
1831,-1.10199316003,0
1832,-1.11115436986,0
1833,-0.896580502179,0
1834,-1.27648338992,0
1835,-1.29768095302,0
1836,-0.90274749928,0
1837,-1.19481800882,0
1838,-1.25080524251,0
1839,-1.35737332309,0
1840,-1.38283890038,0
1841,-0.979222332129,0
1842,-1.35122065711,0
1843,-1.39442321516,0
1844,-1.11113207759,0
1845,-1.09138809946,0
1846,-1.20198842013,0
1847,-1.07385117266,0
1848,-1.27567767969,0
1849,-1.4135322572,0
1850,-1.28428251152,0
1851,-1.03190183931,0
1852,-1.44799716338,0
1853,-1.30251788143,0
1854,-1.41946715781,0
1855,-1.16028641469,0
1856,-1.42200610509,0
1857,-1.03073927688,0
1858,-1.14826063305,0
1859,-1.30080313792,0
1860,-1.37832467503,0
1861,-1.06130924899,0
1862,-0.943612315663,0
1863,-0.931681125569,0
1864,-0.955466126971,0
1865,-0.980708899005,0
1866,-1.12330961565,0
1867,-0.952127160333,0
1868,-0.829330261246,0
1869,-1.04005973889,0
1870,-1.13924880399,0
1871,-0.822238098671,0
1872,-0.796992933839,0
1873,-0.797134171168,0
1874,-0.952442812778,0
1875,-1.01769972648,0
1876,-0.797508962858,0
1877,-0.771075468097,0
1878,-0.642876689899,0
1879,-0.778539569651,0
1880,-0.850173303309,0
1881,-0.821673374502,0
1882,-0.411815645988,0
1883,-0.355347464106,0
1884,-0.700745845014,0
1885,-0.250817849854,0
1886,-0.310118084668,0
1887,-0.174553965322,0
1888,-0.217458061366,0
1889,-0.0934270416264,0
1890,-0.0738439214398,0
1891,-0.418660697159,0
1892,-0.199667417804,0
1893,-0.106939483779,0
1894,-0.269518949072,0
1895,-0.147123442971,0
1896,-0.204787766232,0
1897,0.146841174885,0
1898,0.279874968281,0
1899,0.149667170669,0
1900,0.0315353902251,0
1901,0.264345003972,0
1902,0.285472636979,0
1903,0.168579355921,0
1904,0.173802495453,0
1905,0.527056921591,0
1906,0.639553411225,0
1907,0.355100879148,0
1908,0.730875403261,0
1909,0.362348842685,0
1910,0.817131988797,0
1911,0.568944888024,0
1912,0.700156485373,0
1913,0.595460160193,0
1914,0.77732682245,0
1915,0.897413035768,0
1916,1.00442767239,0
1917,0.728847661731,0
1918,1.10106830918,0
1919,0.871287429032,0
1920,0.889719354168,0
1921,0.86906256614,0
1922,1.14302816681,0
1923,0.948681246497,0
1924,0.978587406955,0
1925,0.99735715476,0
1926,1.06101047739,0
1927,1.18101756573,0
1928,1.4519777409,0
1929,1.30517305005,0
1930,1.18118983148,0
1931,1.5243869737,0
1932,1.50738608064,0
1933,1.19866948925,0
1934,1.4951607827,0
1935,1.62891285433,0
1936,1.63103821638,0
1937,1.33116292334,0
1938,1.67928163847,0
1939,1.3255988013,0
1940,1.65519082441,0
1941,1.71788587884,0
1942,1.54849171039,0
1943,1.57418651578,0
1944,1.35026322391,0
1945,1.43575189765,0
1946,1.76114361843,0
1947,1.6993675064,0
1948,1.62268106045,0
1949,1.35941228606,0
1950,1.3768519006,0
1951,1.61530028989,0
1952,1.75131171585,0
1953,1.67802231402,0
1954,1.54284459013,0
1955,1.5090985443,0
1956,1.58257146321,0
1957,1.54987024756,0
1958,1.46592317774,0
1959,1.28618760639,0
1960,1.52795264727,0
1961,1.25956208095,0
1962,1.42677677707,0
1963,1.22663840691,0
1964,1.52801939832,0
1965,1.23530985164,0
1966,1.43564364114,0
1967,1.22857671314,0
1968,1.23046669336,0
1969,1.43697287177,0
1970,1.07419184962,0
1971,1.18232658046,0
1972,1.01942329288,0
1973,1.31998449748,0
1974,1.03111310305,0
1975,0.917850165067,0
1976,1.1780253729,0
1977,1.26180724664,0
1978,0.964589039715,0
1979,1.1628943137,0
1980,0.958869803327,0
1981,1.11409648278,0
1982,1.04295271652,0
1983,0.626141573982,0
1984,0.921049747287,0
1985,0.967424444176,0
1986,0.541080215888,0
1987,0.498491154918,0
1988,0.81467171063,0
1989,0.792359614808,0
1990,0.479545548074,0
1991,0.505090048444,0
1992,0.26853892862,0
1993,0.287736237016,0
1994,0.538903589247,0
1995,0.539393692917,0
1996,0.365520547441,0
1997,0.447000722285,0
1998,0.0734493960004,0
1999,0.36616529521,0
2000,0.0746624525695,0
2001,0.140384747106,0
2002,0.354645743368,0
2003,0.157132961832,0
2004,-0.0200324669865,0
2005,-0.170682391077,0
2006,0.105281465625,0
2007,-0.261750004207,0
2008,-0.190502124375,0
2009,-0.148814668954,0
2010,-0.00714871738812,0
2011,-0.262629716781,0
2012,-0.176265892498,0
2013,-0.396183614593,0
2014,-0.501293769917,0
2015,-0.225397278356,0
2016,-0.473523843969,0
2017,-0.687383032445,0
2018,-0.6829972463,0
2019,-0.517060070232,0
2020,-0.404861467396,0
2021,-0.771422929874,0
2022,-0.67235026096,0
2023,-0.902293782007,0
2024,-0.934406379163,0
2025,-0.584418541936,0
2026,-0.647997225913,0
2027,-0.607217121035,0
2028,-0.67909617023,0
2029,-0.714984702884,0
2030,-0.906108567189,0
2031,-1.02344365932,0
2032,-1.03260486914,0
2033,-0.818031001464,0
2034,-1.1979338892,0
2035,-1.21913145231,0
2036,-0.824197998565,0
2037,-1.11626850811,0
2038,-1.1722557418,0
2039,-1.27882382237,0
2040,-1.30428939967,0
2041,-0.900672831415,0
2042,-1.27267115639,0
2043,-1.31587371444,0
2044,-1.03258257687,0
2045,-1.01283859874,0
2046,-1.12343891942,0
2047,-0.995301671945,0
2048,-1.19712817898,0
2049,-1.33498275649,0
2050,-1.2057330108,0
2051,-0.953352338595,0
2052,-1.36944766267,0
2053,-1.22396838072,0
2054,-1.3409176571,0
2055,-1.08173691398,0
2056,-1.34345660437,0
2057,-0.952189776166,0
2058,-1.06971113234,0
2059,-1.22225363721,0
2060,-1.29977517431,0
2061,-0.982759748277,0
2062,-0.865062814948,0
2063,-0.853131624854,0
2064,-0.876916626256,0
2065,-0.90215939829,0
2066,-1.04476011493,0
2067,-0.873577659618,0
2068,-0.750780760531,0
2069,-0.961510238176,0
2070,-1.06069930327,0
2071,-0.743688597956,0
2072,-0.718443433124,0
2073,-0.718584670453,0
2074,-0.873893312063,0
2075,-0.939150225768,0
2076,-0.718959462143,0
2077,-0.692525967382,0
2078,-0.564327189184,0
2079,-0.699990068936,0
2080,-0.771623802594,0
2081,-0.743123873787,0
2082,-0.333266145273,0
2083,-0.276797963391,0
2084,-0.622196344299,0
2085,-0.172268349139,0
2086,-0.231568583954,0
2087,-0.0960044646067,0
2088,-0.138908560651,0
2089,-0.0148775409115,0
2090,0.00470557927512,0
2091,-0.340111196445,0
2092,-0.121117917089,0
2093,-0.0283899830638,0
2094,-0.190969448357,0
2095,-0.0685739422558,0
2096,-0.126238265517,0
2097,0.2253906756,0
2098,0.358424468996,0
2099,0.228216671383,0
2100,0.11008489094,0
2101,0.342894504687,0
2102,0.364022137694,0
2103,0.247128856636,0
2104,0.252351996168,0
2105,0.605606422305,0
2106,0.71810291194,0
2107,0.433650379863,0
2108,0.809424903976,0
2109,0.4408983434,0
2110,0.895681489512,0
2111,0.647494388739,0
2112,0.778705986088,0
2113,0.674009660908,0
2114,0.855876323165,0
2115,0.975962536483,0
2116,1.08297717311,0
2117,0.807397162446,0
2118,1.17961780989,0
2119,0.949836929747,0
2120,0.968268854883,0
2121,0.947612066855,0
2122,1.22157766752,0
2123,1.02723074721,0
2124,1.05713690767,0
2125,1.07590665548,0
2126,1.13955997811,0
2127,1.25956706644,0
2128,1.53052724161,0
2129,1.38372255076,0
2130,1.25973933219,0
2131,1.60293647442,0
2132,1.58593558135,0
2133,1.27721898996,0
2134,1.57371028342,0
2135,1.70746235504,0
2136,1.70958771709,0
2137,1.40971242406,0
2138,1.75783113918,0
2139,1.40414830202,0
2140,1.73374032513,0
2141,1.79643537956,0
2142,1.62704121111,0
2143,1.6527360165,0
2144,1.42881272463,0
2145,1.51430139836,0
2146,1.83969311914,0
2147,1.77791700711,0
2148,1.70123056117,0
2149,1.43796178678,0
2150,1.45540140132,0
2151,1.69384979061,0
2152,1.82986121657,0
2153,1.75657181473,0
2154,1.62139409084,0
2155,1.58764804502,0
2156,1.66112096393,0
2157,1.62841974827,0
2158,1.54447267846,0
2159,1.36473710711,0
2160,1.60650214799,0
2161,1.33811158167,0
2162,1.50532627779,0
2163,1.30518790763,0
2164,1.60656889904,0
2165,1.31385935235,0
2166,1.51419314185,0
2167,1.30712621386,0
2168,1.30901619408,0
2169,1.51552237249,0
2170,1.15274135033,0
2171,1.26087608118,0
2172,1.09797279359,0
2173,1.3985339982,0
2174,1.10966260377,0
2175,0.996399665782,0
2176,1.25657487362,0
2177,1.34035674735,0
2178,1.04313854043,0
2179,1.24144381442,0
2180,1.03741930404,0
2181,1.1926459835,0
2182,1.12150221723,0
2183,0.704691074697,0
2184,0.999599248002,0
2185,1.04597394489,0
2186,0.619629716603,0
2187,0.577040655633,0
2188,0.893221211345,0
2189,0.870909115522,0
2190,0.558095048789,0
2191,0.583639549159,0
2192,0.347088429335,0
2193,0.366285737731,0
2194,0.617453089962,0
2195,0.617943193632,0
2196,0.444070048156,0
2197,0.525550223,0
2198,0.151998896715,0
2199,0.444714795925,0
2200,0.0532069731758,0
2201,0.118929267712,0
2202,0.333190263974,0
2203,0.135677482438,0
2204,-0.0414879463801,0
2205,-0.192137870471,0
2206,0.0838259862317,0
2207,-0.283205483601,0
2208,-0.211957603769,0
2209,-0.170270148347,0
2210,-0.0286041967818,0
2211,-0.284085196174,0
2212,-0.197721371892,0
2213,-0.417639093987,0
2214,-0.52274924931,0
2215,-0.24685275775,0
2216,-0.494979323363,0
2217,-0.708838511838,0
2218,-0.704452725694,0
2219,-0.538515549626,0
2220,-0.42631694679,0
2221,-0.792878409268,0
2222,-0.693805740353,0
2223,-0.923749261401,0
2224,-0.955861858557,0
2225,-0.605874021329,0
2226,-0.669452705307,0
2227,-0.628672600429,0
2228,-0.700551649623,0
2229,-0.736440182277,0
2230,-0.927564046583,0
2231,-1.04489913871,0
2232,-1.05406034853,0
2233,-0.839486480858,0
2234,-1.2193893686,0
2235,-1.2405869317,0
2236,-0.845653477959,0
2237,-1.1377239875,0
2238,-1.19371122119,0
2239,-1.30027930177,0
2240,-1.32574487906,0
2241,-0.922128310808,0
2242,-1.29412663579,0
2243,-1.33732919384,0
2244,-1.05403805627,0
2245,-1.03429407814,0
2246,-1.14489439881,0
2247,-1.01675715134,0
2248,-1.21858365837,0
2249,-1.35643823588,0
2250,-1.2271884902,0
2251,-0.974807817989,0
2252,-1.39090314206,0
2253,-1.24542386011,0
2254,-1.36237313649,0
2255,-1.10319239337,0
2256,-1.36491208377,0
2257,-0.973645255559,0
2258,-1.09116661173,0
2259,-1.2437091166,0
2260,-1.32123065371,0
2261,-1.00421522767,0
2262,-0.886518294342,0
2263,-0.874587104248,0
2264,-0.89837210565,0
2265,-0.923614877683,0
2266,-1.06621559433,0
2267,-0.895033139011,0
2268,-0.772236239924,0
2269,-0.98296571757,0
2270,-1.08215478267,0
2271,-0.76514407735,0
2272,-0.739898912518,0
2273,-0.740040149846,0
2274,-0.895348791457,0
2275,-0.960605705162,0
2276,-0.740414941536,0
2277,-0.713981446776,0
2278,-0.585782668578,0
2279,-0.721445548329,0
2280,-0.793079281988,0
2281,-0.764579353181,0
2282,-0.354721624667,0
2283,-0.298253442784,0
2284,-0.643651823693,0
2285,-0.193723828533,0
2286,-0.253024063347,0
2287,-0.117459944,0
2288,-0.160364040045,0
2289,-0.0363330203052,0
2290,-0.0167499001186,0
2291,-0.361566675838,0
2292,-0.142573396483,0
2293,-0.0498454624575,0
2294,-0.21242492775,0
2295,-0.0900294216495,0
2296,-0.147693744911,0
2297,0.203935196206,0
2298,0.336968989603,0
2299,0.20676119199,0
2300,0.0886294115463,0
2301,0.321439025294,0
2302,0.3425666583,0
2303,0.225673377242,0
2304,0.230896516774,0
2305,0.584150942912,0
2306,0.696647432546,0
2307,0.412194900469,0
2308,0.787969424582,0
2309,0.419442864006,0
2310,0.874226010119,0
2311,0.626038909346,0
2312,0.757250506695,0
2313,0.652554181515,0
2314,0.834420843771,0
2315,0.95450705709,0
2316,1.06152169371,0
2317,0.785941683052,0
2318,1.1581623305,0
2319,0.928381450353,0
2320,0.94681337549,0
2321,0.926156587461,0
2322,1.20012218813,0
2323,1.00577526782,0
2324,1.03568142828,0
2325,1.05445117608,0
2326,1.11810449871,0
2327,1.23811158705,0
2328,1.50907176222,0
2329,1.36226707137,0
2330,1.2382838528,0
2331,1.58148099502,0
2332,1.56448010196,0
2333,1.25576351057,0
2334,1.55225480402,0
2335,1.68600687565,0
2336,1.6881322377,0
2337,1.38825694467,0
2338,1.73637565979,0
2339,1.38269282262,0
2340,1.71228484573,0
2341,1.77497990016,0
2342,1.60558573171,0
2343,1.6312805371,0
2344,1.40735724523,0
2345,1.49284591897,0
2346,1.81823763975,0
2347,1.75646152772,0
2348,1.67977508177,0
2349,1.41650630738,0
2350,1.43394592192,0
2351,1.67239431121,0
2352,1.80840573717,0
2353,1.73511633534,0
2354,1.59993861145,0
2355,1.56619256562,0
2356,1.63966548453,0
2357,1.60696426888,0
2358,1.52301719907,0
2359,1.34328162771,0
2360,1.5850466686,0
2361,1.31665610227,0
2362,1.48387079839,0
2363,1.28373242824,0
2364,1.58511341964,0
2365,1.29240387296,0
2366,1.49273766246,0
2367,1.28567073447,0
2368,1.28756071468,0
2369,1.49406689309,0
2370,1.13128587094,0
2371,1.23942060178,0
2372,1.0765173142,0
2373,1.3770785188,0
2374,1.08820712438,0
2375,0.974944186388,0
2376,1.23511939422,0
2377,1.31890126796,0
2378,1.02168306104,0
2379,1.21998833503,0
2380,1.01596382465,0
2381,1.17119050411,0
2382,1.10004673784,0
2383,0.683235595303,0
2384,0.978143768608,0
2385,1.0245184655,0
2386,0.59817423721,0
2387,0.555585176239,0
2388,0.871765731951,0
2389,0.849453636129,0
2390,0.536639569395,0
2391,0.562184069765,0
2392,0.325632949942,0
2393,0.344830258337,0
2394,0.595997610568,0
2395,0.596487714238,0
2396,0.422614568763,0
2397,0.504094743606,0
2398,0.130543417322,0
2399,0.423259316531,0
2400,-0.0162661509016,0
2401,0.0494561436346,0
2402,0.263717139897,0
2403,0.0662043583609,0
2404,-0.110961070458,0
2405,-0.261610994548,0
2406,0.0143528621543,0
2407,-0.352678607679,0
2408,-0.281430727846,0
2409,-0.239743272425,0
2410,-0.0980773208592,0
2411,-0.353558320252,0
2412,-0.267194495969,0
2413,-0.487112218065,0
2414,-0.592222373388,0
2415,-0.316325881827,0
2416,-0.56445244744,0
2417,-0.778311635916,0
2418,-0.773925849771,0
2419,-0.607988673703,0
2420,-0.495790070867,0
2421,-0.862351533345,0
2422,-0.763278864431,0
2423,-0.993222385478,0
2424,-1.02533498263,0
2425,-0.675347145407,0
2426,-0.738925829384,0
2427,-0.698145724507,0
2428,-0.770024773701,0
2429,-0.805913306355,0
2430,-0.997037170661,0
2431,-1.11437226279,0
2432,-1.12353347261,0
2433,-0.908959604935,0
2434,-1.28886249267,0
2435,-1.31006005578,0
2436,-0.915126602036,0
2437,-1.20719711158,0
2438,-1.26318434527,0
2439,-1.36975242584,0
2440,-1.39521800314,0
2441,-0.991601434886,0
2442,-1.36359975986,0
2443,-1.40680231791,0
2444,-1.12351118034,0
2445,-1.10376720221,0
2446,-1.21436752289,0
2447,-1.08623027542,0
2448,-1.28805678245,0
2449,-1.42591135996,0
2450,-1.29666161427,0
2451,-1.04428094207,0
2452,-1.46037626614,0
2453,-1.31489698419,0
2454,-1.43184626057,0
2455,-1.17266551745,0
2456,-1.43438520784,0
2457,-1.04311837964,0
2458,-1.16063973581,0
2459,-1.31318224068,0
2460,-1.39070377778,0
2461,-1.07368835175,0
2462,-0.95599141842,0
2463,-0.944060228325,0
2464,-0.967845229728,0
2465,-0.993088001761,0
2466,-1.1356887184,0
2467,-0.964506263089,0
2468,-0.841709364002,0
2469,-1.05243884165,0
2470,-1.15162790674,0
2471,-0.834617201428,0
2472,-0.809372036595,0
2473,-0.809513273924,0
2474,-0.964821915534,0
2475,-1.03007882924,0
2476,-0.809888065614,0
2477,-0.783454570853,0
2478,-0.655255792655,0
2479,-0.790918672407,0
2480,-0.862552406065,0
2481,-0.834052477259,0
2482,-0.424194748744,0
2483,-0.367726566862,0
2484,-0.71312494777,0
2485,-0.26319695261,0
2486,-0.322497187425,0
2487,-0.186933068078,0
2488,-0.229837164122,0
2489,-0.105806144383,0
2490,-0.086223024196,0
2491,-0.431039799916,0
2492,-0.21204652056,0
2493,-0.119318586535,0
2494,-0.281898051828,0
2495,-0.159502545727,0
2496,-0.217166868988,0
2497,0.134462072129,0
2498,0.267495865525,0
2499,0.137288067912,0
2500,0.0191562874689,0
2501,0.251965901216,0
2502,0.273093534223,0
2503,0.156200253165,0
2504,0.161423392697,0
2505,0.514677818834,0
2506,0.627174308469,0
2507,0.342721776392,0
2508,0.718496300505,0
2509,0.349969739929,0
2510,0.804752886041,0
2511,0.556565785268,0
2512,0.687777382617,0
2513,0.583081057437,0
2514,0.764947719694,0
2515,0.885033933012,0
2516,0.992048569636,0
2517,0.716468558975,0
2518,1.08868920642,0
2519,0.858908326276,0
2520,0.877340251412,0
2521,0.856683463384,0
2522,1.13064906405,0
2523,0.936302143741,0
2524,0.966208304199,0
2525,0.984978052004,0
2526,1.04863137464,0
2527,1.16863846297,0
2528,1.43959863814,0
2529,1.29279394729,0
2530,1.16881072872,0
2531,1.51200787094,0
2532,1.49500697788,0
2533,1.18629038649,0
2534,1.48278167995,0
2535,1.61653375157,0
2536,1.61865911362,0
2537,1.31878382059,0
2538,1.66690253571,0
2539,1.31321969855,0
2540,1.64281172166,0
2541,1.70550677609,0
2542,1.53611260764,0
2543,1.56180741303,0
2544,1.33788412115,0
2545,1.42337279489,0
2546,1.74876451567,0
2547,1.68698840364,0
2548,1.6103019577,0
2549,1.34703318331,0
2550,1.36447279785,0
2551,1.60292118714,0
2552,1.7389326131,0
2553,1.66564321126,0
2554,1.53046548737,0
2555,1.49671944155,0
2556,1.57019236046,0
2557,1.5374911448,0
2558,1.45354407499,0
2559,1.27380850363,0
2560,1.51557354452,0
2561,1.24718297819,0
2562,1.41439767432,0
2563,1.21425930416,0
2564,1.51564029556,0
2565,1.22293074888,0
2566,1.42326453838,0
2567,1.21619761039,0
2568,1.21808759061,0
2569,1.42459376902,0
2570,1.06181274686,0
2571,1.1699474777,0
2572,1.00704419012,0
2573,1.30760539473,0
2574,1.0187340003,0
2575,0.905471062311,0
2576,1.16564627014,0
2577,1.24942814388,0
2578,0.952209936959,0
2579,1.15051521095,0
2580,0.94649070057,0
2581,1.10171738003,0
2582,1.03057361376,0
2583,0.613762471225,0
2584,0.908670644531,0
2585,0.95504534142,0
2586,0.528701113132,0
2587,0.486112052162,0
2588,0.802292607873,0
2589,0.779980512051,0
2590,0.467166445318,0
2591,0.492710945688,0
2592,0.256159825864,0
2593,0.275357134259,0
2594,0.526524486491,0
2595,0.527014590161,0
2596,0.353141444685,0
2597,0.434621619528,0
2598,0.0610702932441,0
2599,0.353786192454,0
2600,0.00880323223235,0
2601,0.0745255267685,0
2602,0.28878652303,0
2603,0.0912737414948,0
2604,-0.0858916873236,0
2605,-0.236541611414,0
2606,0.0394222452883,0
2607,-0.327609224545,0
2608,-0.256361344712,0
2609,-0.214673889291,0
2610,-0.0730079377253,0
2611,-0.328488937118,0
2612,-0.242125112835,0
2613,-0.462042834931,0
2614,-0.567152990254,0
2615,-0.291256498693,0
2616,-0.539383064306,0
2617,-0.753242252782,0
2618,-0.748856466637,0
2619,-0.582919290569,0
2620,-0.470720687733,0
2621,-0.837282150211,0
2622,-0.738209481297,0
2623,-0.968153002344,0
2624,-1.0002655995,0
2625,-0.650277762273,0
2626,-0.713856446251,0
2627,-0.673076341373,0
2628,-0.744955390567,0
2629,-0.780843923221,0
2630,-0.971967787527,0
2631,-1.08930287966,0
2632,-1.09846408948,0
2633,-0.883890221801,0
2634,-1.26379310954,0
2635,-1.28499067264,0
2636,-0.890057218902,0
2637,-1.18212772844,0
2638,-1.23811496213,0
2639,-1.34468304271,0
2640,-1.37014862,0
2641,-0.966532051752,0
2642,-1.33853037673,0
2643,-1.38173293478,0
2644,-1.09844179721,0
2645,-1.07869781908,0
2646,-1.18929813976,0
2647,-1.06116089228,0
2648,-1.26298739931,0
2649,-1.40084197682,0
2650,-1.27159223114,0
2651,-1.01921155893,0
2652,-1.435306883,0
2653,-1.28982760105,0
2654,-1.40677687743,0
2655,-1.14759613431,0
2656,-1.40931582471,0
2657,-1.0180489965,0
2658,-1.13557035267,0
2659,-1.28811285754,0
2660,-1.36563439465,0
2661,-1.04861896861,0
2662,-0.930922035286,0
2663,-0.918990845191,0
2664,-0.942775846594,0
2665,-0.968018618627,0
2666,-1.11061933527,0
2667,-0.939436879955,0
2668,-0.816639980868,0
2669,-1.02736945851,0
2670,-1.12655852361,0
2671,-0.809547818294,0
2672,-0.784302653461,0
2673,-0.78444389079,0
2674,-0.9397525324,0
2675,-1.00500944611,0
2676,-0.78481868248,0
2677,-0.758385187719,0
2678,-0.630186409521,0
2679,-0.765849289273,0
2680,-0.837483022931,0
2681,-0.808983094125,0
2682,-0.39912536561,0
2683,-0.342657183728,0
2684,-0.688055564636,0
2685,-0.238127569476,0
2686,-0.297427804291,0
2687,-0.161863684944,0
2688,-0.204767780989,0
2689,-0.0807367612487,0
2690,-0.0611536410621,0
2691,-0.405970416782,0
2692,-0.186977137426,0
2693,-0.094249203401,0
2694,-0.256828668694,0
2695,-0.134433162593,0
2696,-0.192097485854,0
2697,0.159531455263,0
2698,0.292565248659,0
2699,0.162357451046,0
2700,0.0442256706028,0
2701,0.27703528435,0
2702,0.298162917357,0
2703,0.181269636299,0
2704,0.186492775831,0
2705,0.539747201968,0
2706,0.652243691603,0
2707,0.367791159526,0
2708,0.743565683639,0
2709,0.375039123063,0
2710,0.829822269175,0
2711,0.581635168402,0
2712,0.712846765751,0
2713,0.608150440571,0
2714,0.790017102828,0
2715,0.910103316146,0
2716,1.01711795277,0
2717,0.741537942109,0
2718,1.11375858955,0
2719,0.88397770941,0
2720,0.902409634546,0
2721,0.881752846518,0
2722,1.15571844718,0
2723,0.961371526874,0
2724,0.991277687333,0
2725,1.01004743514,0
2726,1.07370075777,0
2727,1.19370784611,0
2728,1.46466802127,0
2729,1.31786333043,0
2730,1.19388011185,0
2731,1.53707725408,0
2732,1.52007636102,0
2733,1.21135976963,0
2734,1.50785106308,0
2735,1.64160313471,0
2736,1.64372849676,0
2737,1.34385320372,0
2738,1.69197191884,0
2739,1.33828908168,0
2740,1.66788110479,0
2741,1.73057615922,0
2742,1.56118199077,0
2743,1.58687679616,0
2744,1.36295350429,0
2745,1.44844217802,0
2746,1.77383389881,0
2747,1.71205778678,0
2748,1.63537134083,0
2749,1.37210256644,0
2750,1.38954218098,0
2751,1.62799057027,0
2752,1.76400199623,0
2753,1.6907125944,0
2754,1.55553487051,0
2755,1.52178882468,0
2756,1.59526174359,0
2757,1.56256052794,0
2758,1.47861345812,0
2759,1.29887788677,0
2760,1.54064292765,0
2761,1.27225236133,0
2762,1.43946705745,0
2763,1.23932868729,0
2764,1.5407096787,0
2765,1.24800013201,0
2766,1.44833392152,0
2767,1.24126699352,0
2768,1.24315697374,0
2769,1.44966315215,0
2770,1.08688212999,0
2771,1.19501686084,0
2772,1.03211357325,0
2773,1.33267477786,0
2774,1.04380338343,0
2775,0.930540445445,0
2776,1.19071565328,0
2777,1.27449752701,0
2778,0.977279320093,0
2779,1.17558459408,0
2780,0.971560083704,0
2781,1.12678676316,0
2782,1.05564299689,0
2783,0.638831854359,0
2784,0.933740027665,0
2785,0.980114724554,0
2786,0.553770496266,0
2787,0.511181435296,0
2788,0.827361991007,0
2789,0.805049895185,0
2790,0.492235828452,0
2791,0.517780328822,0
2792,0.281229208998,0
2793,0.300426517393,0
2794,0.551593869625,0
2795,0.552083973295,0
2796,0.378210827819,0
2797,0.459691002662,0
2798,0.0861396763781,0
2799,0.378855575588,0
2800,-0.00858463339256,0
2801,0.0571376611436,0
2802,0.271398657406,0
2803,0.0738858758699,0
2804,-0.103279552949,0
2805,-0.253929477039,0
2806,0.0220343796633,0
2807,-0.344997090169,0
2808,-0.273749210337,0
2809,-0.232061754916,0
2810,-0.0903958033502,0
2811,-0.345876802743,0
2812,-0.25951297846,0
2813,-0.479430700556,0
2814,-0.584540855879,0
2815,-0.308644364318,0
2816,-0.556770929931,0
2817,-0.770630118407,0
2818,-0.766244332262,0
2819,-0.600307156194,0
2820,-0.488108553358,0
2821,-0.854670015836,0
2822,-0.755597346922,0
2823,-0.985540867969,0
2824,-1.01765346513,0
2825,-0.667665627898,0
2826,-0.731244311875,0
2827,-0.690464206997,0
2828,-0.762343256192,0
2829,-0.798231788846,0
2830,-0.989355653151,0
2831,-1.10669074528,0
2832,-1.1158519551,0
2833,-0.901278087426,0
2834,-1.28118097517,0
2835,-1.30237853827,0
2836,-0.907445084527,0
2837,-1.19951559407,0
2838,-1.25550282776,0
2839,-1.36207090834,0
2840,-1.38753648563,0
2841,-0.983919917377,0
2842,-1.35591824235,0
2843,-1.3991208004,0
2844,-1.11582966284,0
2845,-1.09608568471,0
2846,-1.20668600538,0
2847,-1.07854875791,0
2848,-1.28037526494,0
2849,-1.41822984245,0
2850,-1.28898009676,0
2851,-1.03659942456,0
2852,-1.45269474863,0
2853,-1.30721546668,0
2854,-1.42416474306,0
2855,-1.16498399994,0
2856,-1.42670369033,0
2857,-1.03543686213,0
2858,-1.1529582183,0
2859,-1.30550072317,0
2860,-1.38302226027,0
2861,-1.06600683424,0
2862,-0.948309900911,0
2863,-0.936378710816,0
2864,-0.960163712219,0
2865,-0.985406484252,0
2866,-1.1280072009,0
2867,-0.95682474558,0
2868,-0.834027846493,0
2869,-1.04475732414,0
2870,-1.14394638923,0
2871,-0.826935683919,0
2872,-0.801690519086,0
2873,-0.801831756415,0
2874,-0.957140398025,0
2875,-1.02239731173,0
2876,-0.802206548105,0
2877,-0.775773053344,0
2878,-0.647574275146,0
2879,-0.783237154898,0
2880,-0.854870888556,0
2881,-0.82637095975,0
2882,-0.416513231235,0
2883,-0.360045049353,0
2884,-0.705443430261,0
2885,-0.255515435101,0
2886,-0.314815669916,0
2887,-0.179251550569,0
2888,-0.222155646613,0
2889,-0.0981246268736,0
2890,-0.078541506687,0
2891,-0.423358282407,0
2892,-0.204365003051,0
2893,-0.111637069026,0
2894,-0.274216534319,0
2895,-0.151821028218,0
2896,-0.209485351479,0
2897,0.142143589638,0
2898,0.275177383034,0
2899,0.144969585421,0
2900,0.0268378049779,0
2901,0.259647418725,0
2902,0.280775051732,0
2903,0.163881770674,0
2904,0.169104910206,0
2905,0.522359336343,0
2906,0.634855825978,0
2907,0.350403293901,0
2908,0.726177818014,0
2909,0.357651257438,0
2910,0.81243440355,0
2911,0.564247302777,0
2912,0.695458900126,0
2913,0.590762574946,0
2914,0.772629237203,0
2915,0.892715450521,0
2916,0.999730087145,0
2917,0.724150076484,0
2918,1.09637072393,0
2919,0.866589843785,0
2920,0.885021768921,0
2921,0.864364980893,0
2922,1.13833058156,0
2923,0.94398366125,0
2924,0.973889821708,0
2925,0.992659569513,0
2926,1.05631289215,0
2927,1.17631998048,0
2928,1.44728015565,0
2929,1.3004754648,0
2930,1.17649224623,0
2931,1.51968938845,0
2932,1.50268849539,0
2933,1.193971904,0
2934,1.49046319745,0
2935,1.62421526908,0
2936,1.62634063113,0
2937,1.3264653381,0
2938,1.67458405322,0
2939,1.32090121606,0
2940,1.65049323916,0
2941,1.71318829359,0
2942,1.54379412515,0
2943,1.56948893053,0
2944,1.34556563866,0
2945,1.4310543124,0
2946,1.75644603318,0
2947,1.69466992115,0
2948,1.6179834752,0
2949,1.35471470082,0
2950,1.37215431535,0
2951,1.61060270465,0
2952,1.7466141306,0
2953,1.67332472877,0
2954,1.53814700488,0
2955,1.50440095906,0
2956,1.57787387797,0
2957,1.54517266231,0
2958,1.4612255925,0
2959,1.28149002114,0
2960,1.52325506203,0
2961,1.2548644957,0
2962,1.42207919183,0
2963,1.22194082167,0
2964,1.52332181307,0
2965,1.23061226639,0
2966,1.43094605589,0
2967,1.2238791279,0
2968,1.22576910812,0
2969,1.43227528653,0
2970,1.06949426437,0
2971,1.17762899521,0
2972,1.01472570763,0
2973,1.31528691223,0
2974,1.02641551781,0
2975,0.91315257982,0
2976,1.17332778765,0
2977,1.25710966139,0
2978,0.959891454468,0
2979,1.15819672846,0
2980,0.954172218079,0
2981,1.10939889754,0
2982,1.03825513127,0
2983,0.621443988734,0
2984,0.91635216204,0
2985,0.962726858929,0
2986,0.536382630641,0
2987,0.493793569671,0
2988,0.809974125382,0
2989,0.78766202956,0
2990,0.474847962827,0
2991,0.500392463197,0
2992,0.263841343373,0
2993,0.283038651769,0
2994,0.534206004,0
2995,0.53469610767,0
2996,0.360822962194,0
2997,0.442303137038,0
2998,0.0687518107532,0
2999,0.361467709963,0
3000,0.211679073061,0
3001,0.277401367597,0
3002,0.491662363859,0
3003,0.294149582324,0
3004,0.116984153505,0
3005,-0.0336657705854,0
3006,0.242298086117,0
3007,-0.124733383716,0
3008,-0.0534855038836,0
3009,-0.011798048462,0
3010,0.129867903104,0
3011,-0.125613096289,0
3012,-0.0392492720062,0
3013,-0.259166994102,0
3014,-0.364277149425,0
3015,-0.0883806578642,0
3016,-0.336507223477,0
3017,-0.550366411953,0
3018,-0.545980625808,0
3019,-0.380043449741,0
3020,-0.267844846904,0
3021,-0.634406309382,0
3022,-0.535333640468,0
3023,-0.765277161515,0
3024,-0.797389758672,0
3025,-0.447401921444,0
3026,-0.510980605422,0
3027,-0.470200500544,0
3028,-0.542079549738,0
3029,-0.577968082392,0
3030,-0.769091946698,0
3031,-0.886427038827,0
3032,-0.895588248649,0
3033,-0.681014380972,0
3034,-1.06091726871,0
3035,-1.08211483181,0
3036,-0.687181378073,0
3037,-0.979251887616,0
3038,-1.0352391213,0
3039,-1.14180720188,0
3040,-1.16727277918,0
3041,-0.763656210923,0
3042,-1.1356545359,0
3043,-1.17885709395,0
3044,-0.895565956382,0
3045,-0.875821978252,0
3046,-0.986422298928,0
3047,-0.858285051453,0
3048,-1.06011155848,0
3049,-1.197966136,0
3050,-1.06871639031,0
3051,-0.816335718104,0
3052,-1.23243104217,0
3053,-1.08695176023,0
3054,-1.20390103661,0
3055,-0.944720293486,0
3056,-1.20643998388,0
3057,-0.815173155674,0
3058,-0.932694511843,0
3059,-1.08523701671,0
3060,-1.16275855382,0
3061,-0.845743127785,0
3062,-0.728046194457,0
3063,-0.716115004363,0
3064,-0.739900005765,0
3065,-0.765142777798,0
3066,-0.907743494442,0
3067,-0.736561039126,0
3068,-0.613764140039,0
3069,-0.824493617684,0
3070,-0.923682682781,0
3071,-0.606671977465,0
3072,-0.581426812633,0
3073,-0.581568049961,0
3074,-0.736876691571,0
3075,-0.802133605277,0
3076,-0.581942841651,0
3077,-0.55550934689,0
3078,-0.427310568692,0
3079,-0.562973448444,0
3080,-0.634607182102,0
3081,-0.606107253296,0
3082,-0.196249524781,0
3083,-0.139781342899,0
3084,-0.485179723808,0
3085,-0.0352517286472,0
3086,-0.0945519634619,0
3087,0.041012155885,0
3088,-0.00189194015971,0
3089,0.12213907958,0
3090,0.141722199767,0
3091,-0.203094575953,0
3092,0.0158987034026,0
3093,0.108626637428,0
3094,-0.053952827865,0
3095,0.0684426782358,0
3096,0.0107783549748,0
3097,0.362407296091,0
3098,0.495441089488,0
3099,0.365233291875,0
3100,0.247101511432,0
3101,0.479911125179,0
3102,0.501038758186,0
3103,0.384145477127,0
3104,0.389368616659,0
3105,0.742623042797,0
3106,0.855119532431,0
3107,0.570667000355,0
3108,0.946441524468,0
3109,0.577914963891,0
3110,1.03269811,0
3111,0.784511009231,0
3112,0.91572260658,0
3113,0.8110262814,0
3114,0.992892943657,0
3115,1.11297915697,0
3116,1.2199937936,0
3117,0.944413782938,0
3118,1.31663443038,0
3119,1.08685355024,0
3120,1.10528547537,0
3121,1.08462868735,0
3122,1.35859428801,0
3123,1.1642473677,0
3124,1.19415352816,0
3125,1.21292327597,0
3126,1.2765765986,0
3127,1.39658368694,0
3128,1.6675438621,0
3129,1.52073917126,0
3130,1.39675595268,0
3131,1.73995309491,0
3132,1.72295220185,0
3133,1.41423561046,0
3134,1.71072690391,0
3135,1.84447897553,0
3136,1.84660433758,0
3137,1.54672904455,0
3138,1.89484775967,0
3139,1.54116492251,0
3140,1.87075694562,0
3141,1.93345200005,0
3142,1.7640578316,0
3143,1.78975263699,0
3144,1.56582934512,0
3145,1.65131801885,0
3146,1.97670973963,0
3147,1.91493362761,0
3148,1.83824718166,0
3149,1.57497840727,0
3150,1.59241802181,0
3151,1.8308664111,0
3152,1.96687783706,0
3153,1.89358843522,0
3154,1.75841071134,0
3155,1.72466466551,0
3156,1.79813758442,0
3157,1.76543636877,0
3158,1.68148929895,0
3159,1.5017537276,0
3160,1.74351876848,0
3161,1.47512820216,0
3162,1.64234289828,0
3163,1.44220452812,0
3164,1.74358551953,0
3165,1.45087597284,0
3166,1.65120976235,0
3167,1.44414283435,0
3168,1.44603281457,0
3169,1.65253899298,0
3170,1.28975797082,0
3171,1.39789270167,0
3172,1.23498941408,0
3173,1.53555061869,0
3174,1.24667922426,0
3175,1.13341628627,0
3176,1.39359149411,0
3177,1.47737336784,0
3178,1.18015516092,0
3179,1.37846043491,0
3180,1.17443592453,0
3181,1.32966260399,0
3182,1.25851883772,0
3183,0.841707695188,0
3184,1.13661586849,0
3185,1.18299056538,0
3186,0.756646337095,0
3187,0.714057276125,0
3188,1.03023783184,0
3189,1.00792573601,0
3190,0.69511166928,0
3191,0.720656169651,0
3192,0.484105049827,0
3193,0.503302358222,0
3194,0.754469710454,0
3195,0.754959814123,0
3196,0.581086668648,0
3197,0.662566843491,0
3198,0.289015517207,0
3199,0.581731416417,0
3200,0.268306871967,0
3201,0.334029166503,0
3202,0.548290162765,0
3203,0.350777381229,0
3204,0.173611952411,0
3205,0.0229620283205,0
3206,0.298925885023,0
3207,-0.0681055848099,0
3208,0.0031422950222,0
3209,0.0448297504439,0
3210,0.186495702009,0
3211,-0.0689852973832,0
3212,0.0173785268996,0
3213,-0.202539195196,0
3214,-0.307649350519,0
3215,-0.0317528589584,0
3216,-0.279879424571,0
3217,-0.493738613047,0
3218,-0.489352826903,0
3219,-0.323415650835,0
3220,-0.211217047999,0
3221,-0.577778510476,0
3222,-0.478705841562,0
3223,-0.708649362609,0
3224,-0.740761959766,0
3225,-0.390774122538,0
3226,-0.454352806516,0
3227,-0.413572701638,0
3228,-0.485451750832,0
3229,-0.521340283486,0
3230,-0.712464147792,0
3231,-0.829799239922,0
3232,-0.838960449743,0
3233,-0.624386582067,0
3234,-1.00428946981,0
3235,-1.02548703291,0
3236,-0.630553579168,0
3237,-0.92262408871,0
3238,-0.978611322398,0
3239,-1.08517940298,0
3240,-1.11064498027,0
3241,-0.707028412017,0
3242,-1.07902673699,0
3243,-1.12222929504,0
3244,-0.838938157476,0
3245,-0.819194179346,0
3246,-0.929794500022,0
3247,-0.801657252548,0
3248,-1.00348375958,0
3249,-1.14133833709,0
3250,-1.0120885914,0
3251,-0.759707919198,0
3252,-1.17580324327,0
3253,-1.03032396132,0
3254,-1.1472732377,0
3255,-0.88809249458,0
3256,-1.14981218497,0
3257,-0.758545356768,0
3258,-0.876066712938,0
3259,-1.02860921781,0
3260,-1.10613075491,0
3261,-0.78911532888,0
3262,-0.671418395551,0
3263,-0.659487205457,0
3264,-0.683272206859,0
3265,-0.708514978892,0
3266,-0.851115695536,0
3267,-0.67993324022,0
3268,-0.557136341133,0
3269,-0.767865818778,0
3270,-0.867054883875,0
3271,-0.550044178559,0
3272,-0.524799013727,0
3273,-0.524940251055,0
3274,-0.680248892665,0
3275,-0.745505806371,0
3276,-0.525315042745,0
3277,-0.498881547985,0
3278,-0.370682769786,0
3279,-0.506345649538,0
3280,-0.577979383197,0
3281,-0.54947945439,0
3282,-0.139621725876,0
3283,-0.0831535439931,0
3284,-0.428551924902,0
3285,0.0213760702586,0
3286,-0.0379241645561,0
3287,0.0976399547908,0
3288,0.0547358587461,0
3289,0.178766878486,0
3290,0.198349998673,0
3291,-0.146466777047,0
3292,0.0725265023085,0
3293,0.165254436334,0
3294,0.00267497104078,0
3295,0.125070477142,0
3296,0.0674061538806,0
3297,0.419035094997,0
3298,0.552068888394,0
3299,0.421861090781,0
3300,0.303729310337,0
3301,0.536538924085,0
3302,0.557666557092,0
3303,0.440773276033,0
3304,0.445996415565,0
3305,0.799250841703,0
3306,0.911747331337,0
3307,0.627294799261,0
3308,1.00306932337,0
3309,0.634542762797,0
3310,1.08932590891,0
3311,0.841138808137,0
3312,0.972350405486,0
3313,0.867654080306,0
3314,1.04952074256,0
3315,1.16960695588,0
3316,1.2766215925,0
3317,1.00104158184,0
3318,1.37326222929,0
3319,1.14348134914,0
3320,1.16191327428,0
3321,1.14125648625,0
3322,1.41522208692,0
3323,1.22087516661,0
3324,1.25078132707,0
3325,1.26955107487,0
3326,1.3332043975,0
3327,1.45321148584,0
3328,1.72417166101,0
3329,1.57736697016,0
3330,1.45338375159,0
3331,1.79658089381,0
3332,1.77958000075,0
3333,1.47086340936,0
3334,1.76735470281,0
3335,1.90110677444,0
3336,1.90323213649,0
3337,1.60335684346,0
3338,1.95147555858,0
3339,1.59779272142,0
3340,1.92738474452,0
3341,1.99007979895,0
3342,1.82068563051,0
3343,1.84638043589,0
3344,1.62245714402,0
3345,1.70794581776,0
3346,2.03333753854,0
3347,1.97156142651,0
3348,1.89487498056,0
3349,1.63160620617,0
3350,1.64904582071,0
3351,1.88749421001,0
3352,2.02350563596,0
3353,1.95021623413,0
3354,1.81503851024,0
3355,1.78129246442,0
3356,1.85476538333,0
3357,1.82206416767,0
3358,1.73811709786,0
3359,1.5583815265,0
3360,1.80014656739,0
3361,1.53175600106,0
3362,1.69897069719,0
3363,1.49883232703,0
3364,1.80021331843,0
3365,1.50750377175,0
3366,1.70783756125,0
3367,1.50077063326,0
3368,1.50266061348,0
3369,1.70916679189,0
3370,1.34638576973,0
3371,1.45452050057,0
3372,1.29161721299,0
3373,1.59217841759,0
3374,1.30330702317,0
3375,1.19004408518,0
3376,1.45021929301,0
3377,1.53400116675,0
3378,1.23678295983,0
3379,1.43508823382,0
3380,1.23106372344,0
3381,1.3862904029,0
3382,1.31514663663,0
3383,0.898335494094,0
3384,1.1932436674,0
3385,1.23961836429,0
3386,0.813274136001,0
3387,0.77068507503,0
3388,1.08686563074,0
3389,1.06455353492,0
3390,0.751739468186,0
3391,0.777283968557,0
3392,0.540732848733,0
3393,0.559930157128,0
3394,0.81109750936,0
3395,0.811587613029,0
3396,0.637714467554,0
3397,0.719194642397,0
3398,0.345643316113,0
3399,0.638359215323,0
3400,0.343423626543,0
3401,0.409145921079,0
3402,0.623406917341,0
3403,0.425894135805,0
3404,0.248728706987,0
3405,0.0980787828964,0
3406,0.374042639599,0
3407,0.00701116976599,0
3408,0.0782590495981,0
3409,0.11994650502,0
3410,0.261612456585,0
3411,0.00613145719273,0
3412,0.0924952814756,0
3413,-0.12742244062,0
3414,-0.232532595943,0
3415,0.0433638956175,0
3416,-0.204762669996,0
3417,-0.418621858471,0
3418,-0.414236072327,0
3419,-0.248298896259,0
3420,-0.136100293423,0
3421,-0.5026617559,0
3422,-0.403589086986,0
3423,-0.633532608034,0
3424,-0.66564520519,0
3425,-0.315657367962,0
3426,-0.37923605194,0
3427,-0.338455947062,0
3428,-0.410334996256,0
3429,-0.44622352891,0
3430,-0.637347393216,0
3431,-0.754682485346,0
3432,-0.763843695167,0
3433,-0.549269827491,0
3434,-0.92917271523,0
3435,-0.950370278332,0
3436,-0.555436824592,0
3437,-0.847507334134,0
3438,-0.903494567822,0
3439,-1.0100626484,0
3440,-1.03552822569,0
3441,-0.631911657441,0
3442,-1.00390998242,0
3443,-1.04711254047,0
3444,-0.7638214029,0
3445,-0.74407742477,0
3446,-0.854677745446,0
3447,-0.726540497972,0
3448,-0.928367005002,0
3449,-1.06622158251,0
3450,-0.936971836829,0
3451,-0.684591164622,0
3452,-1.10068648869,0
3453,-0.955207206743,0
3454,-1.07215648312,0
3455,-0.812975740004,0
3456,-1.0746954304,0
3457,-0.683428602192,0
3458,-0.800949958362,0
3459,-0.953492463232,0
3460,-1.03101400034,0
3461,-0.713998574304,0
3462,-0.596301640975,0
3463,-0.584370450881,0
3464,-0.608155452283,0
3465,-0.633398224316,0
3466,-0.77599894096,0
3467,-0.604816485644,0
3468,-0.482019586557,0
3469,-0.692749064203,0
3470,-0.791938129299,0
3471,-0.474927423983,0
3472,-0.449682259151,0
3473,-0.449823496479,0
3474,-0.60513213809,0
3475,-0.670389051795,0
3476,-0.450198288169,0
3477,-0.423764793409,0
3478,-0.29556601521,0
3479,-0.431228894962,0
3480,-0.502862628621,0
3481,-0.474362699814,0
3482,-0.0645049712996,0
3483,-0.00803678941722,0
3484,-0.353435170326,0
3485,0.0964928248345,0
3486,0.0371925900199,0
3487,0.172756709367,0
3488,0.129852613322,0
3489,0.253883633062,0
3490,0.273466753249,0
3491,-0.0713500224711,0
3492,0.147643256884,0
3493,0.24037119091,0
3494,0.0777917256167,0
3495,0.200187231718,0
3496,0.142522908457,0
3497,0.494151849573,0
3498,0.62718564297,0
3499,0.496977845357,0
3500,0.378846064913,0
3501,0.611655678661,0
3502,0.632783311668,0
3503,0.515890030609,0
3504,0.521113170141,0
3505,0.874367596279,0
3506,0.986864085913,0
3507,0.702411553836,0
3508,1.07818607795,0
3509,0.709659517373,0
3510,1.16444266349,0
3511,0.916255562713,0
3512,1.04746716006,0
3513,0.942770834882,0
3514,1.12463749714,0
3515,1.24472371046,0
3516,1.35173834708,0
3517,1.07615833642,0
3518,1.44837898386,0
3519,1.21859810372,0
3520,1.23703002886,0
3521,1.21637324083,0
3522,1.49033884149,0
3523,1.29599192119,0
3524,1.32589808164,0
3525,1.34466782945,0
3526,1.40832115208,0
3527,1.52832824042,0
3528,1.79928841558,0
3529,1.65248372474,0
3530,1.52850050616,0
3531,1.87169764839,0
3532,1.85469675533,0
3533,1.54598016394,0
3534,1.84247145739,0
3535,1.97622352902,0
3536,1.97834889107,0
3537,1.67847359803,0
3538,2.02659231315,0
3539,1.67290947599,0
3540,2.0025014991,0
3541,2.06519655353,0
3542,1.89580238508,0
3543,1.92149719047,0
3544,1.6975738986,0
3545,1.78306257233,0
3546,2.10845429312,0
3547,2.04667818109,0
3548,1.96999173514,0
3549,1.70672296075,0
3550,1.72416257529,0
3551,1.96261096458,0
3552,2.09862239054,0
3553,2.02533298871,0
3554,1.89015526482,0
3555,1.85640921899,0
3556,1.9298821379,0
3557,1.89718092225,0
3558,1.81323385243,0
3559,1.63349828108,0
3560,1.87526332196,0
3561,1.60687275564,0
3562,1.77408745176,0
3563,1.5739490816,0
3564,1.87533007301,0
3565,1.58262052632,0
3566,1.78295431583,0
3567,1.57588738783,0
3568,1.57777736805,0
3569,1.78428354646,0
3570,1.4215025243,0
3571,1.52963725515,0
3572,1.36673396756,0
3573,1.66729517217,0
3574,1.37842377774,0
3575,1.26516083976,0
3576,1.52533604759,0
3577,1.60911792132,0
3578,1.3118997144,0
3579,1.51020498839,0
3580,1.30618047801,0
3581,1.46140715747,0
3582,1.3902633912,0
3583,0.97345224867,0
3584,1.26836042198,0
3585,1.31473511886,0
3586,0.888390890577,0
3587,0.845801829606,0
3588,1.16198238532,0
3589,1.1396702895,0
3590,0.826856222762,0
3591,0.852400723132,0
3592,0.615849603309,0
3593,0.635046911704,0
3594,0.886214263936,0
3595,0.886704367605,0
3596,0.71283122213,0
3597,0.794311396973,0
3598,0.420760070689,0
3599,0.713475969898,0
3600,0.291501573137,0
3601,0.357223867673,0
3602,0.571484863935,0
3603,0.373972082399,0
3604,0.196806653581,0
3605,0.0461567294901,0
3606,0.322120586193,0
3607,-0.0449108836403,0
3608,0.0263369961918,0
3609,0.0680244516135,0
3610,0.209690403179,0
3611,-0.0457905962136,0
3612,0.0405732280692,0
3613,-0.179344494026,0
3614,-0.28445464935,0
3615,-0.00855815778876,0
3616,-0.256684723402,0
3617,-0.470543911878,0
3618,-0.466158125733,0
3619,-0.300220949665,0
3620,-0.188022346829,0
3621,-0.554583809307,0
3622,-0.455511140393,0
3623,-0.68545466144,0
3624,-0.717567258596,0
3625,-0.367579421369,0
3626,-0.431158105346,0
3627,-0.390378000468,0
3628,-0.462257049663,0
3629,-0.498145582317,0
3630,-0.689269446622,0
3631,-0.806604538752,0
3632,-0.815765748573,0
3633,-0.601191880897,0
3634,-0.981094768636,0
3635,-1.00229233174,0
3636,-0.607358877998,0
3637,-0.89942938754,0
3638,-0.955416621228,0
3639,-1.06198470181,0
3640,-1.0874502791,0
3641,-0.683833710847,0
3642,-1.05583203582,0
3643,-1.09903459388,0
3644,-0.815743456306,0
3645,-0.795999478176,0
3646,-0.906599798852,0
3647,-0.778462551378,0
3648,-0.980289058408,0
3649,-1.11814363592,0
3650,-0.988893890235,0
3651,-0.736513218028,0
3652,-1.1526085421,0
3653,-1.00712926015,0
3654,-1.12407853653,0
3655,-0.86489779341,0
3656,-1.1266174838,0
3657,-0.735350655599,0
3658,-0.852872011768,0
3659,-1.00541451664,0
3660,-1.08293605374,0
3661,-0.76592062771,0
3662,-0.648223694381,0
3663,-0.636292504287,0
3664,-0.660077505689,0
3665,-0.685320277723,0
3666,-0.827920994367,0
3667,-0.656738539051,0
3668,-0.533941639964,0
3669,-0.744671117609,0
3670,-0.843860182706,0
3671,-0.526849477389,0
3672,-0.501604312557,0
3673,-0.501745549886,0
3674,-0.657054191496,0
3675,-0.722311105201,0
3676,-0.502120341576,0
3677,-0.475686846815,0
3678,-0.347488068617,0
3679,-0.483150948369,0
3680,-0.554784682027,0
3681,-0.52628475322,0
3682,-0.116427024706,0
3683,-0.0599588428235,0
3684,-0.405357223732,0
3685,0.0445707714282,0
3686,-0.0147294633864,0
3687,0.12083465596,0
3688,0.0779305599157,0
3689,0.201961579656,0
3690,0.221544699842,0
3691,-0.123272075877,0
3692,0.0957212034781,0
3693,0.188449137503,0
3694,0.0258696722104,0
3695,0.148265178311,0
3696,0.0906008550503,0
3697,0.442229796167,0
3698,0.575263589563,0
3699,0.445055791951,0
3700,0.326924011507,0
3701,0.559733625254,0
3702,0.580861258261,0
3703,0.463967977203,0
3704,0.469191116735,0
3705,0.822445542873,0
3706,0.934942032507,0
3707,0.65048950043,0
3708,1.02626402454,0
3709,0.657737463967,0
3710,1.11252061008,0
3711,0.864333509306,0
3712,0.995545106655,0
3713,0.890848781475,0
3714,1.07271544373,0
3715,1.19280165705,0
3716,1.29981629367,0
3717,1.02423628301,0
3718,1.39645693046,0
3719,1.16667605031,0
3720,1.18510797545,0
3721,1.16445118742,0
3722,1.43841678809,0
3723,1.24406986778,0
3724,1.27397602824,0
3725,1.29274577604,0
3726,1.35639909867,0
3727,1.47640618701,0
3728,1.74736636218,0
3729,1.60056167133,0
3730,1.47657845276,0
3731,1.81977559498,0
3732,1.80277470192,0
3733,1.49405811053,0
3734,1.79054940398,0
3735,1.92430147561,0
3736,1.92642683766,0
3737,1.62655154463,0
3738,1.97467025975,0
3739,1.62098742259,0
3740,1.95057944569,0
3741,2.01327450012,0
3742,1.84388033168,0
3743,1.86957513706,0
3744,1.64565184519,0
3745,1.73114051893,0
3746,2.05653223971,0
3747,1.99475612768,0
3748,1.91806968173,0
3749,1.65480090734,0
3750,1.67224052188,0
3751,1.91068891118,0
3752,2.04670033713,0
3753,1.9734109353,0
3754,1.83823321141,0
3755,1.80448716558,0
3756,1.87796008449,0
3757,1.84525886884,0
3758,1.76131179903,0
3759,1.58157622767,0
3760,1.82334126856,0
3761,1.55495070223,0
3762,1.72216539836,0
3763,1.5220270282,0
3764,1.8234080196,0
3765,1.53069847292,0
3766,1.73103226242,0
3767,1.52396533443,0
3768,1.52585531465,0
3769,1.73236149306,0
3770,1.3695804709,0
3771,1.47771520174,0
3772,1.31481191416,0
3773,1.61537311876,0
3774,1.32650172434,0
3775,1.21323878635,0
3776,1.47341399418,0
3777,1.55719586792,0
3778,1.259977661,0
3779,1.45828293499,0
3780,1.25425842461,0
3781,1.40948510407,0
3782,1.3383413378,0
3783,0.921530195264,0
3784,1.21643836857,0
3785,1.26281306546,0
3786,0.83646883717,0
3787,0.7938797762,0
3788,1.11006033191,0
3789,1.08774823609,0
3790,0.774934169356,0
3791,0.800478669726,0
3792,0.563927549902,0
3793,0.583124858298,0
3794,0.834292210529,0
3795,0.834782314199,0
3796,0.660909168723,0
3797,0.742389343567,0
3798,0.368838017282,0
3799,0.661553916492,0
3800,0.103619923921,0
3801,0.169342218458,0
3802,0.383603214719,0
3803,0.186090433184,0
3804,0.00892500436539,0
3805,-0.141724919725,0
3806,0.134238936977,0
3807,-0.232792532856,0
3808,-0.161544653023,0
3809,-0.119857197602,0
3810,0.0218087539637,0
3811,-0.233672245429,0
3812,-0.147308421146,0
3813,-0.367226143242,0
3814,-0.472336298565,0
3815,-0.196439807004,0
3816,-0.444566372617,0
3817,-0.658425561093,0
3818,-0.654039774948,0
3819,-0.48810259888,0
3820,-0.375903996044,0
3821,-0.742465458522,0
3822,-0.643392789608,0
3823,-0.873336310655,0
3824,-0.905448907811,0
3825,-0.555461070584,0
3826,-0.619039754561,0
3827,-0.578259649684,0
3828,-0.650138698878,0
3829,-0.686027231532,0
3830,-0.877151095838,0
3831,-0.994486187967,0
3832,-1.00364739779,0
3833,-0.789073530112,0
3834,-1.16897641785,0
3835,-1.19017398095,0
3836,-0.795240527213,0
3837,-1.08731103676,0
3838,-1.14329827044,0
3839,-1.24986635102,0
3840,-1.27533192832,0
3841,-0.871715360063,0
3842,-1.24371368504,0
3843,-1.28691624309,0
3844,-1.00362510552,0
3845,-0.983881127391,0
3846,-1.09448144807,0
3847,-0.966344200593,0
3848,-1.16817070762,0
3849,-1.30602528514,0
3850,-1.17677553945,0
3851,-0.924394867243,0
3852,-1.34049019131,0
3853,-1.19501090936,0
3854,-1.31196018575,0
3855,-1.05277944263,0
3856,-1.31449913302,0
3857,-0.923232304814,0
3858,-1.04075366098,0
3859,-1.19329616585,0
3860,-1.27081770296,0
3861,-0.953802276925,0
3862,-0.836105343597,0
3863,-0.824174153502,0
3864,-0.847959154905,0
3865,-0.873201926938,0
3866,-1.01580264358,0
3867,-0.844620188266,0
3868,-0.721823289179,0
3869,-0.932552766824,0
3870,-1.03174183192,0
3871,-0.714731126605,0
3872,-0.689485961772,0
3873,-0.689627199101,0
3874,-0.844935840711,0
3875,-0.910192754416,0
3876,-0.690001990791,0
3877,-0.66356849603,0
3878,-0.535369717832,0
3879,-0.671032597584,0
3880,-0.742666331242,0
3881,-0.714166402436,0
3882,-0.304308673921,0
3883,-0.247840492039,0
3884,-0.593238872947,0
3885,-0.143310877787,0
3886,-0.202611112602,0
3887,-0.0670469932548,0
3888,-0.1099510893,0
3889,0.0140799304404,0
3890,0.033663050627,0
3891,-0.311153725093,0
3892,-0.0921604457372,0
3893,0.000567488288012,0
3894,-0.162011977005,0
3895,-0.039616470904,0
3896,-0.097280794165,0
3897,0.254348146952,0
3898,0.387381940348,0
3899,0.257174142735,0
3900,0.139042362292,0
3901,0.371851976039,0
3902,0.392979609046,0
3903,0.276086327988,0
3904,0.28130946752,0
3905,0.634563893657,0
3906,0.747060383292,0
3907,0.462607851215,0
3908,0.838382375328,0
3909,0.469855814752,0
3910,0.924638960864,0
3911,0.676451860091,0
3912,0.80766345744,0
3913,0.70296713226,0
3914,0.884833794517,0
3915,1.00492000784,0
3916,1.11193464446,0
3917,0.836354633798,0
3918,1.20857528124,0
3919,0.978794401099,0
3920,0.997226326235,0
3921,0.976569538207,0
3922,1.25053513887,0
3923,1.05618821856,0
3924,1.08609437902,0
3925,1.10486412683,0
3926,1.16851744946,0
3927,1.2885245378,0
3928,1.55948471296,0
3929,1.41268002212,0
3930,1.28869680354,0
3931,1.63189394577,0
3932,1.61489305271,0
3933,1.30617646132,0
3934,1.60266775477,0
3935,1.73641982639,0
3936,1.73854518844,0
3937,1.43866989541,0
3938,1.78678861053,0
3939,1.43310577337,0
3940,1.76269779648,0
3941,1.82539285091,0
3942,1.65599868246,0
3943,1.68169348785,0
3944,1.45777019598,0
3945,1.54325886971,0
3946,1.86865059049,0
3947,1.80687447847,0
3948,1.73018803252,0
3949,1.46691925813,0
3950,1.48435887267,0
3951,1.72280726196,0
3952,1.85881868792,0
3953,1.78552928608,0
3954,1.6503515622,0
3955,1.61660551637,0
3956,1.69007843528,0
3957,1.65737721963,0
3958,1.57343014981,0
3959,1.39369457846,0
3960,1.63545961934,0
3961,1.36706905302,0
3962,1.53428374914,0
3963,1.33414537898,0
3964,1.63552637039,0
3965,1.3428168237,0
3966,1.54315061321,0
3967,1.33608368521,0
3968,1.33797366543,0
3969,1.54447984384,0
3970,1.18169882168,0
3971,1.28983355253,0
3972,1.12693026494,0
3973,1.42749146955,0
3974,1.13862007512,0
3975,1.02535713713,0
3976,1.28553234497,0
3977,1.3693142187,0
3978,1.07209601178,0
3979,1.27040128577,0
3980,1.06637677539,0
3981,1.22160345485,0
3982,1.15045968858,0
3983,0.733648546048,0
3984,1.02855671935,0
3985,1.07493141624,0
3986,0.648587187955,0
3987,0.605998126985,0
3988,0.922178682696,0
3989,0.899866586874,0
3990,0.587052520141,0
3991,0.612597020511,0
3992,0.376045900687,0
3993,0.395243209082,0
3994,0.646410561314,0
3995,0.646900664984,0
3996,0.473027519508,0
3997,0.554507694351,0
3998,0.180956368067,0
3999,0.473672267277,0
4000,-0.069669018094,0
4001,-0.00394672355778,0
4002,0.210314272704,0
4003,0.0128014911685,0
4004,-0.16436393765,0
4005,-0.315013861741,0
4006,-0.0390500050381,0
4007,-0.406081474871,0
4008,-0.334833595039,0
4009,-0.293146139617,0
4010,-0.151480188052,0
4011,-0.406961187444,0
4012,-0.320597363161,0
4013,-0.540515085257,0
4014,-0.64562524058,0
4015,-0.369728749019,0
4016,-0.617855314632,0
4017,-0.831714503108,0
4018,-0.827328716964,0
4019,-0.661391540896,0
4020,-0.54919293806,0
4021,-0.915754400537,0
4022,-0.816681731623,0
4023,-1.04662525267,0
4024,-1.07873784983,0
4025,-0.728750012599,0
4026,-0.792328696577,0
4027,-0.751548591699,0
4028,-0.823427640893,0
4029,-0.859316173547,0
4030,-1.05044003785,0
4031,-1.16777512998,0
4032,-1.1769363398,0
4033,-0.962362472127,0
4034,-1.34226535987,0
4035,-1.36346292297,0
4036,-0.968529469229,0
4037,-1.26059997877,0
4038,-1.31658721246,0
4039,-1.42315529304,0
4040,-1.44862087033,0
4041,-1.04500430208,0
4042,-1.41700262706,0
4043,-1.46020518511,0
4044,-1.17691404754,0
4045,-1.15717006941,0
4046,-1.26777039008,0
4047,-1.13963314261,0
4048,-1.34145964964,0
4049,-1.47931422715,0
4050,-1.35006448147,0
4051,-1.09768380926,0
4052,-1.51377913333,0
4053,-1.36829985138,0
4054,-1.48524912776,0
4055,-1.22606838464,0
4056,-1.48778807504,0
4057,-1.09652124683,0
4058,-1.214042603,0
4059,-1.36658510787,0
4060,-1.44410664497,0
4061,-1.12709121894,0
4062,-1.00939428561,0
4063,-0.997463095518,0
4064,-1.02124809692,0
4065,-1.04649086895,0
4066,-1.1890915856,0
4067,-1.01790913028,0
4068,-0.895112231194,0
4069,-1.10584170884,0
4070,-1.20503077394,0
4071,-0.88802006862,0
4072,-0.862774903788,0
4073,-0.862916141116,0
4074,-1.01822478273,0
4075,-1.08348169643,0
4076,-0.863290932806,0
4077,-0.836857438046,0
4078,-0.708658659847,0
4079,-0.844321539599,0
4080,-0.915955273258,0
4081,-0.887455344451,0
4082,-0.477597615937,0
4083,-0.421129434054,0
4084,-0.766527814963,0
4085,-0.316599819802,0
4086,-0.375900054617,0
4087,-0.24033593527,0
4088,-0.283240031315,0
4089,-0.159209011575,0
4090,-0.139625891388,0
4091,-0.484442667108,0
4092,-0.265449387753,0
4093,-0.172721453727,0
4094,-0.33530091902,0
4095,-0.212905412919,0
4096,-0.27056973618,0
4097,0.0810592049362,0
4098,0.214092998333,0
4099,0.0838852007199,0
4100,-0.0342465797235,0
4101,0.198563034024,0
4102,0.219690667031,0
4103,0.102797385972,0
4104,0.108020525504,0
4105,0.461274951642,0
4106,0.573771441276,0
4107,0.2893189092,0
4108,0.665093433312,0
4109,0.296566872736,0
4110,0.751350018849,0
4111,0.503162918076,0
4112,0.634374515425,0
4113,0.529678190245,0
4114,0.711544852501,0
4115,0.83163106582,0
4116,0.938645702444,0
4117,0.663065691782,0
4118,1.03528633923,0
4119,0.805505459084,0
4120,0.82393738422,0
4121,0.803280596191,0
4122,1.07724619686,0
4123,0.882899276548,0
4124,0.912805437007,0
4125,0.931575184812,0
4126,0.995228507444,0
4127,1.11523559578,0
4128,1.38619577095,0
4129,1.2393910801,0
4130,1.11540786153,0
4131,1.45860500375,0
4132,1.44160411069,0
4133,1.1328875193,0
4134,1.42937881275,0
4135,1.56313088438,0
4136,1.56525624643,0
4137,1.2653809534,0
4138,1.61349966852,0
4139,1.25981683136,0
4140,1.58940885446,0
4141,1.65210390889,0
4142,1.48270974044,0
4143,1.50840454583,0
4144,1.28448125396,0
4145,1.3699699277,0
4146,1.69536164848,0
4147,1.63358553645,0
4148,1.5568990905,0
4149,1.29363031611,0
4150,1.31106993065,0
4151,1.54951831994,0
4152,1.6855297459,0
4153,1.61224034407,0
4154,1.47706262018,0
4155,1.44331657435,0
4156,1.51678949326,0
4157,1.48408827761,0
4158,1.4001412078,0
4159,1.22040563644,0
4160,1.46217067733,0
4161,1.193780111,0
4162,1.36099480712,0
4163,1.16085643697,0
4164,1.46223742837,0
4165,1.16952788169,0
4166,1.36986167119,0
4167,1.1627947432,0
4168,1.16468472341,0
4169,1.37119090182,0
4170,1.00840987967,0
4171,1.11654461051,0
4172,0.953641322928,0
4173,1.25420252753,0
4174,0.965331133106,0
4175,0.852068195119,0
4176,1.11224340295,0
4177,1.19602527669,0
4178,0.898807069767,0
4179,1.09711234376,0
4180,0.893087833378,0
4181,1.04831451284,0
4182,0.977170746567,0
4183,0.560359604033,0
4184,0.855267777339,0
4185,0.901642474228,0
4186,0.47529824594,0
4187,0.432709184969,0
4188,0.748889740681,0
4189,0.726577644859,0
4190,0.413763578125,0
4191,0.439308078496,0
4192,0.202756958672,0
4193,0.221954267067,0
4194,0.473121619299,0
4195,0.473611722968,0
4196,0.299738577493,0
4197,0.381218752336,0
4198,0.00766742605176,0
4199,0.300383325262,0
4200,0.254053631263,0
4201,0.319775925799,0
4202,0.534036922061,0
4203,0.336524140526,0
4204,0.159358711707,0
4205,0.00870878761672,0
4206,0.284672644319,0
4207,-0.0823588255137,0
4208,-0.0111109456815,0
4209,0.0305765097401,0
4210,0.172242461306,0
4211,-0.0832385380869,0
4212,0.0031252861959,0
4213,-0.2167924359,0
4214,-0.321902591223,0
4215,-0.0460060996621,0
4216,-0.294132665275,0
4217,-0.507991853751,0
4218,-0.503606067606,0
4219,-0.337668891539,0
4220,-0.225470288702,0
4221,-0.59203175118,0
4222,-0.492959082266,0
4223,-0.722902603313,0
4224,-0.75501520047,0
4225,-0.405027363242,0
4226,-0.46860604722,0
4227,-0.427825942342,0
4228,-0.499704991536,0
4229,-0.53559352419,0
4230,-0.726717388496,0
4231,-0.844052480625,0
4232,-0.853213690446,0
4233,-0.63863982277,0
4234,-1.01854271051,0
4235,-1.03974027361,0
4236,-0.644806819871,0
4237,-0.936877329414,0
4238,-0.992864563102,0
4239,-1.09943264368,0
4240,-1.12489822097,0
4241,-0.721281652721,0
4242,-1.0932799777,0
4243,-1.13648253575,0
4244,-0.85319139818,0
4245,-0.833447420049,0
4246,-0.944047740726,0
4247,-0.815910493251,0
4248,-1.01773700028,0
4249,-1.15559157779,0
4250,-1.02634183211,0
4251,-0.773961159902,0
4252,-1.19005648397,0
4253,-1.04457720202,0
4254,-1.1615264784,0
4255,-0.902345735284,0
4256,-1.16406542568,0
4257,-0.772798597472,0
4258,-0.890319953641,0
4259,-1.04286245851,0
4260,-1.12038399562,0
4261,-0.803368569583,0
4262,-0.685671636255,0
4263,-0.67374044616,0
4264,-0.697525447563,0
4265,-0.722768219596,0
4266,-0.86536893624,0
4267,-0.694186480924,0
4268,-0.571389581837,0
4269,-0.782119059482,0
4270,-0.881308124579,0
4271,-0.564297419263,0
4272,-0.53905225443,0
4273,-0.539193491759,0
4274,-0.694502133369,0
4275,-0.759759047075,0
4276,-0.539568283449,0
4277,-0.513134788688,0
4278,-0.38493601049,0
4279,-0.520598890242,0
4280,-0.5922326239,0
4281,-0.563732695094,0
4282,-0.153874966579,0
4283,-0.0974067846969,0
4284,-0.442805165605,0
4285,0.00712282955484,0
4286,-0.0521774052598,0
4287,0.0833867140871,0
4288,0.0404826180424,0
4289,0.164513637782,0
4290,0.184096757969,0
4291,-0.160720017751,0
4292,0.0582732616047,0
4293,0.15100119563,0
4294,-0.0115782696629,0
4295,0.110817236438,0
4296,0.0531529131769,0
4297,0.404781854293,0
4298,0.53781564769,0
4299,0.407607850077,0
4300,0.289476069634,0
4301,0.522285683381,0
4302,0.543413316388,0
4303,0.42652003533,0
4304,0.431743174861,0
4305,0.784997600999,0
4306,0.897494090634,0
4307,0.613041558557,0
4308,0.98881608267,0
4309,0.620289522094,0
4310,1.07507266821,0
4311,0.826885567433,0
4312,0.958097164782,0
4313,0.853400839602,0
4314,1.03526750186,0
4315,1.15535371518,0
4316,1.2623683518,0
4317,0.98678834114,0
4318,1.35900898858,0
4319,1.12922810844,0
4320,1.14766003358,0
4321,1.12700324555,0
4322,1.40096884622,0
4323,1.20662192591,0
4324,1.23652808636,0
4325,1.25529783417,0
4326,1.3189511568,0
4327,1.43895824514,0
4328,1.70991842031,0
4329,1.56311372946,0
4330,1.43913051088,0
4331,1.78232765311,0
4332,1.76532676005,0
4333,1.45661016866,0
4334,1.75310146211,0
4335,1.88685353374,0
4336,1.88897889579,0
4337,1.58910360275,0
4338,1.93722231787,0
4339,1.58353948071,0
4340,1.91313150382,0
4341,1.97582655825,0
4342,1.8064323898,0
4343,1.83212719519,0
4344,1.60820390332,0
4345,1.69369257705,0
4346,2.01908429784,0
4347,1.95730818581,0
4348,1.88062173986,0
4349,1.61735296547,0
4350,1.63479258001,0
4351,1.8732409693,0
4352,2.00925239526,0
4353,1.93596299343,0
4354,1.80078526954,0
4355,1.76703922371,0
4356,1.84051214262,0
4357,1.80781092697,0
4358,1.72386385715,0
4359,1.5441282858,0
4360,1.78589332668,0
4361,1.51750276036,0
4362,1.68471745648,0
4363,1.48457908632,0
4364,1.78596007773,0
4365,1.49325053105,0
4366,1.69358432055,0
4367,1.48651739255,0
4368,1.48840737277,0
4369,1.69491355118,0
4370,1.33213252902,0
4371,1.44026725987,0
4372,1.27736397228,0
4373,1.57792517689,0
4374,1.28905378246,0
4375,1.17579084448,0
4376,1.43596605231,0
4377,1.51974792604,0
4378,1.22252971912,0
4379,1.42083499311,0
4380,1.21681048274,0
4381,1.37203716219,0
4382,1.30089339592,0
4383,0.88408225339,0
4384,1.1789904267,0
4385,1.22536512359,0
4386,0.799020895297,0
4387,0.756431834327,0
4388,1.07261239004,0
4389,1.05030029422,0
4390,0.737486227482,0
4391,0.763030727853,0
4392,0.526479608029,0
4393,0.545676916424,0
4394,0.796844268656,0
4395,0.797334372326,0
4396,0.62346122685,0
4397,0.704941401693,0
4398,0.331390075409,0
4399,0.624105974619,0
4400,0.359167473336,0
4401,0.424889767872,0
4402,0.639150764134,0
4403,0.441637982598,0
4404,0.26447255378,0
4405,0.113822629689,0
4406,0.389786486391,0
4407,0.0227550165586,0
4408,0.0940028963907,0
4409,0.135690351812,0
4410,0.277356303378,0
4411,0.0218753039853,0
4412,0.108239128268,0
4413,-0.111678593827,0
4414,-0.216788749151,0
4415,0.0591077424101,0
4416,-0.189018823203,0
4417,-0.402878011679,0
4418,-0.398492225534,0
4419,-0.232555049466,0
4420,-0.12035644663,0
4421,-0.486917909108,0
4422,-0.387845240194,0
4423,-0.617788761241,0
4424,-0.649901358397,0
4425,-0.29991352117,0
4426,-0.363492205147,0
4427,-0.322712100269,0
4428,-0.394591149464,0
4429,-0.430479682118,0
4430,-0.621603546423,0
4431,-0.738938638553,0
4432,-0.748099848374,0
4433,-0.533525980698,0
4434,-0.913428868437,0
4435,-0.934626431539,0
4436,-0.539692977799,0
4437,-0.831763487342,0
4438,-0.887750721029,0
4439,-0.994318801607,0
4440,-1.0197843789,0
4441,-0.616167810649,0
4442,-0.988166135626,0
4443,-1.03136869368,0
4444,-0.748077556107,0
4445,-0.728333577977,0
4446,-0.838933898653,0
4447,-0.710796651179,0
4448,-0.912623158209,0
4449,-1.05047773572,0
4450,-0.921227990036,0
4451,-0.668847317829,0
4452,-1.0849426419,0
4453,-0.939463359951,0
4454,-1.05641263633,0
4455,-0.797231893211,0
4456,-1.05895158361,0
4457,-0.6676847554,0
4458,-0.785206111569,0
4459,-0.93774861644,0
4460,-1.01527015355,0
4461,-0.698254727511,0
4462,-0.580557794182,0
4463,-0.568626604088,0
4464,-0.592411605491,0
4465,-0.617654377524,0
4466,-0.760255094168,0
4467,-0.589072638852,0
4468,-0.466275739765,0
4469,-0.67700521741,0
4470,-0.776194282507,0
4471,-0.45918357719,0
4472,-0.433938412358,0
4473,-0.434079649687,0
4474,-0.589388291297,0
4475,-0.654645205002,0
4476,-0.434454441377,0
4477,-0.408020946616,0
4478,-0.279822168418,0
4479,-0.41548504817,0
4480,-0.487118781828,0
4481,-0.458618853021,0
4482,-0.0487611245071,0
4483,0.00770705737537,0
4484,-0.337691323533,0
4485,0.112236671627,0
4486,0.0529364368124,0
4487,0.188500556159,0
4488,0.145596460115,0
4489,0.269627479854,0
4490,0.289210600041,0
4491,-0.0556061756785,0
4492,0.163387103677,0
4493,0.256115037702,0
4494,0.0935355724093,0
4495,0.21593107851,0
4496,0.158266755249,0
4497,0.509895696366,0
4498,0.642929489762,0
4499,0.512721692149,0
4500,0.394589911706,0
4501,0.627399525453,0
4502,0.64852715846,0
4503,0.531633877402,0
4504,0.536857016934,0
4505,0.890111443071,0
4506,1.00260793271,0
4507,0.718155400629,0
4508,1.09392992474,0
4509,0.725403364166,0
4510,1.18018651028,0
4511,0.931999409505,0
4512,1.06321100685,0
4513,0.958514681674,0
4514,1.14038134393,0
4515,1.26046755725,0
4516,1.36748219387,0
4517,1.09190218321,0
4518,1.46412283066,0
4519,1.23434195051,0
4520,1.25277387565,0
4521,1.23211708762,0
4522,1.50608268829,0
4523,1.31173576798,0
4524,1.34164192844,0
4525,1.36041167624,0
4526,1.42406499887,0
4527,1.54407208721,0
4528,1.81503226238,0
4529,1.66822757153,0
4530,1.54424435296,0
4531,1.88744149518,0
4532,1.87044060212,0
4533,1.56172401073,0
4534,1.85821530418,0
4535,1.99196737581,0
4536,1.99409273786,0
4537,1.69421744483,0
4538,2.04233615995,0
4539,1.68865332278,0
4540,2.01824534589,0
4541,2.08094040032,0
4542,1.91154623187,0
4543,1.93724103726,0
4544,1.71331774539,0
4545,1.79880641913,0
4546,2.12419813991,0
4547,2.06242202788,0
4548,1.98573558193,0
4549,1.72246680754,0
4550,1.73990642208,0
4551,1.97835481137,0
4552,2.11436623733,0
4553,2.0410768355,0
4554,1.90589911161,0
4555,1.87215306578,0
4556,1.94562598469,0
4557,1.91292476904,0
4558,1.82897769922,0
4559,1.64924212787,0
4560,1.89100716875,0
4561,1.62261660243,0
4562,1.78983129855,0
4563,1.5896929284,0
4564,1.8910739198,0
4565,1.59836437312,0
4566,1.79869816262,0
4567,1.59163123463,0
4568,1.59352121484,0
4569,1.80002739325,0
4570,1.4372463711,0
4571,1.54538110194,0
4572,1.38247781436,0
4573,1.68303901896,0
4574,1.39416762454,0
4575,1.28090468655,0
4576,1.54107989438,0
4577,1.62486176812,0
4578,1.3276435612,0
4579,1.52594883519,0
4580,1.32192432481,0
4581,1.47715100427,0
4582,1.406007238,0
4583,0.989196095463,0
4584,1.28410426877,0
4585,1.33047896566,0
4586,0.904134737369,0
4587,0.861545676399,0
4588,1.17772623211,0
4589,1.15541413629,0
4590,0.842600069555,0
4591,0.868144569925,0
4592,0.631593450101,0
4593,0.650790758497,0
4594,0.901958110728,0
4595,0.902448214398,0
4596,0.728575068922,0
4597,0.810055243766,0
4598,0.436503917481,0
4599,0.729219816691,0
4600,0.415343194263,0
4601,0.481065488799,0
4602,0.695326485061,0
4603,0.497813703526,0
4604,0.320648274707,0
4605,0.169998350617,0
4606,0.445962207319,0
4607,0.0789307374864,0
4608,0.150178617318,0
4609,0.19186607274,0
4610,0.333532024306,0
4611,0.0780510249131,0
4612,0.164414849196,0
4613,-0.0555028728997,0
4614,-0.160613028223,0
4615,0.115283463338,0
4616,-0.132843102275,0
4617,-0.346702290751,0
4618,-0.342316504606,0
4619,-0.176379328539,0
4620,-0.0641807257023,0
4621,-0.43074218818,0
4622,-0.331669519266,0
4623,-0.561613040313,0
4624,-0.59372563747,0
4625,-0.243737800242,0
4626,-0.30731648422,0
4627,-0.266536379342,0
4628,-0.338415428536,0
4629,-0.37430396119,0
4630,-0.565427825496,0
4631,-0.682762917625,0
4632,-0.691924127446,0
4633,-0.47735025977,0
4634,-0.857253147509,0
4635,-0.878450710611,0
4636,-0.483517256871,0
4637,-0.775587766414,0
4638,-0.831575000101,0
4639,-0.938143080679,0
4640,-0.963608657974,0
4641,-0.559992089721,0
4642,-0.931990414698,0
4643,-0.975192972749,0
4644,-0.69190183518,0
4645,-0.672157857049,0
4646,-0.782758177725,0
4647,-0.654620930251,0
4648,-0.856447437281,0
4649,-0.994302014794,0
4650,-0.865052269108,0
4651,-0.612671596901,0
4652,-1.02876692097,0
4653,-0.883287639023,0
4654,-1.0002369154,0
4655,-0.741056172284,0
4656,-1.00277586268,0
4657,-0.611509034472,0
4658,-0.729030390641,0
4659,-0.881572895512,0
4660,-0.959094432618,0
4661,-0.642079006583,0
4662,-0.524382073255,0
4663,-0.51245088316,0
4664,-0.536235884563,0
4665,-0.561478656596,0
4666,-0.70407937324,0
4667,-0.532896917924,0
4668,-0.410100018837,0
4669,-0.620829496482,0
4670,-0.720018561579,0
4671,-0.403007856263,0
4672,-0.37776269143,0
4673,-0.377903928759,0
4674,-0.533212570369,0
4675,-0.598469484075,0
4676,-0.378278720449,0
4677,-0.351845225688,0
4678,-0.22364644749,0
4679,-0.359309327242,0
4680,-0.4309430609,0
4681,-0.402443132094,0
4682,0.00741459642072,0
4683,0.0638827783031,0
4684,-0.281515602605,0
4685,0.168412392555,0
4686,0.10911215774,0
4687,0.244676277087,0
4688,0.201772181042,0
4689,0.325803200782,0
4690,0.345386320969,0
4691,0.000569545249238,0
4692,0.219562824605,0
4693,0.31229075863,0
4694,0.149711293337,0
4695,0.272106799438,0
4696,0.214442476177,0
4697,0.566071417293,0
4698,0.69910521069,0
4699,0.568897413077,0
4700,0.450765632634,0
4701,0.683575246381,0
4702,0.704702879388,0
4703,0.58780959833,0
4704,0.593032737862,0
4705,0.946287163999,0
4706,1.05878365363,0
4707,0.774331121557,0
4708,1.15010564567,0
4709,0.781579085094,0
4710,1.23636223121,0
4711,0.988175130433,0
4712,1.11938672778,0
4713,1.0146904026,0
4714,1.19655706486,0
4715,1.31664327818,0
4716,1.4236579148,0
4717,1.14807790414,0
4718,1.52029855158,0
4719,1.29051767144,0
4720,1.30894959658,0
4721,1.28829280855,0
4722,1.56225840922,0
4723,1.36791148891,0
4724,1.39781764936,0
4725,1.41658739717,0
4726,1.4802407198,0
4727,1.60024780814,0
4728,1.87120798331,0
4729,1.72440329246,0
4730,1.60042007388,0
4731,1.94361721611,0
4732,1.92661632305,0
4733,1.61789973166,0
4734,1.91439102511,0
4735,2.04814309674,0
4736,2.05026845879,0
4737,1.75039316575,0
4738,2.09851188087,0
4739,1.74482904371,0
4740,2.07442106682,0
4741,2.13711612125,0
4742,1.9677219528,0
4743,1.99341675819,0
4744,1.76949346632,0
4745,1.85498214005,0
4746,2.18037386084,0
4747,2.11859774881,0
4748,2.04191130286,0
4749,1.77864252847,0
4750,1.79608214301,0
4751,2.0345305323,0
4752,2.17054195826,0
4753,2.09725255643,0
4754,1.96207483254,0
4755,1.92832878671,0
4756,2.00180170562,0
4757,1.96910048997,0
4758,1.88515342015,0
4759,1.7054178488,0
4760,1.94718288968,0
4761,1.67879232336,0
4762,1.84600701948,0
4763,1.64586864932,0
4764,1.94724964073,0
4765,1.65454009405,0
4766,1.85487388355,0
4767,1.64780695555,0
4768,1.64969693577,0
4769,1.85620311418,0
4770,1.49342209202,0
4771,1.60155682287,0
4772,1.43865353528,0
4773,1.73921473989,0
4774,1.45034334546,0
4775,1.33708040748,0
4776,1.59725561531,0
4777,1.68103748904,0
4778,1.38381928212,0
4779,1.58212455611,0
4780,1.37810004574,0
4781,1.53332672519,0
4782,1.46218295892,0
4783,1.04537181639,0
4784,1.3402799897,0
4785,1.38665468659,0
4786,0.960310458297,0
4787,0.917721397327,0
4788,1.23390195304,0
4789,1.21158985722,0
4790,0.898775790482,0
4791,0.924320290853,0
4792,0.687769171029,0
4793,0.706966479424,0
4794,0.958133831656,0
4795,0.958623935326,0
4796,0.78475078985,0
4797,0.866230964693,0
4798,0.492679638409,0
4799,0.785395537619,0
4800,0.496815153339,0
4801,0.562537447875,0
4802,0.776798444137,0
4803,0.579285662602,0
4804,0.402120233783,0
4805,0.251470309693,0
4806,0.527434166395,0
4807,0.160402696562,0
4808,0.231650576394,0
4809,0.273338031816,0
4810,0.415003983382,0
4811,0.159522983989,0
4812,0.245886808272,0
4813,0.0259690861762,0
4814,-0.0791410691469,0
4815,0.196755422414,0
4816,-0.0513711431992,0
4817,-0.265230331675,0
4818,-0.26084454553,0
4819,-0.0949073694626,0
4820,0.0172912333737,0
4821,-0.349270229104,0
4822,-0.25019756019,0
4823,-0.480141081237,0
4824,-0.512253678394,0
4825,-0.162265841166,0
4826,-0.225844525144,0
4827,-0.185064420266,0
4828,-0.25694346946,0
4829,-0.292832002114,0
4830,-0.48395586642,0
4831,-0.601290958549,0
4832,-0.61045216837,0
4833,-0.395878300694,0
4834,-0.775781188433,0
4835,-0.796978751535,0
4836,-0.402045297795,0
4837,-0.694115807338,0
4838,-0.750103041026,0
4839,-0.856671121603,0
4840,-0.882136698898,0
4841,-0.478520130645,0
4842,-0.850518455622,0
4843,-0.893721013673,0
4844,-0.610429876104,0
4845,-0.590685897973,0
4846,-0.70128621865,0
4847,-0.573148971175,0
4848,-0.774975478205,0
4849,-0.912830055718,0
4850,-0.783580310032,0
4851,-0.531199637826,0
4852,-0.947294961896,0
4853,-0.801815679947,0
4854,-0.918764956327,0
4855,-0.659584213208,0
4856,-0.921303903602,0
4857,-0.530037075396,0
4858,-0.647558431565,0
4859,-0.800100936436,0
4860,-0.877622473542,0
4861,-0.560607047507,0
4862,-0.442910114179,0
4863,-0.430978924084,0
4864,-0.454763925487,0
4865,-0.48000669752,0
4866,-0.622607414164,0
4867,-0.451424958848,0
4868,-0.328628059761,0
4869,-0.539357537406,0
4870,-0.638546602503,0
4871,-0.321535897187,0
4872,-0.296290732355,0
4873,-0.296431969683,0
4874,-0.451740611293,0
4875,-0.516997524999,0
4876,-0.296806761373,0
4877,-0.270373266612,0
4878,-0.142174488414,0
4879,-0.277837368166,0
4880,-0.349471101824,0
4881,-0.320971173018,0
4882,0.0888865554967,0
4883,0.145354737379,0
4884,-0.200043643529,0
4885,0.249884351631,0
4886,0.190584116816,0
4887,0.326148236163,0
4888,0.283244140118,0
4889,0.407275159858,0
4890,0.426858280045,0
4891,0.0820415043252,0
4892,0.301034783681,0
4893,0.393762717706,0
4894,0.231183252413,0
4895,0.353578758514,0
4896,0.295914435253,0
4897,0.647543376369,0
4898,0.780577169766,0
4899,0.650369372153,0
4900,0.53223759171,0
4901,0.765047205457,0
4902,0.786174838464,0
4903,0.669281557405,0
4904,0.674504696937,0
4905,1.02775912308,0
4906,1.14025561271,0
4907,0.855803080633,0
4908,1.23157760475,0
4909,0.86305104417,0
4910,1.31783419028,0
4911,1.06964708951,0
4912,1.20085868686,0
4913,1.09616236168,0
4914,1.27802902393,0
4915,1.39811523725,0
4916,1.50512987388,0
4917,1.22954986322,0
4918,1.60177051066,0
4919,1.37198963052,0
4920,1.39042155565,0
4921,1.36976476762,0
4922,1.64373036829,0
4923,1.44938344798,0
4924,1.47928960844,0
4925,1.49805935625,0
4926,1.56171267888,0
4927,1.68171976721,0
4928,1.95267994238,0
4929,1.80587525153,0
4930,1.68189203296,0
4931,2.02508917519,0
4932,2.00808828212,0
4933,1.69937169073,0
4934,1.99586298419,0
4935,2.12961505581,0
4936,2.13174041786,0
4937,1.83186512483,0
4938,2.17998383995,0
4939,1.82630100279,0
4940,2.1558930259,0
4941,2.21858808033,0
4942,2.04919391188,0
4943,2.07488871727,0
4944,1.8509654254,0
4945,1.93645409913,0
4946,2.26184581991,0
4947,2.20006970788,0
4948,2.12338326194,0
4949,1.86011448755,0
4950,1.87755410209,0
4951,2.11600249138,0
4952,2.25201391734,0
4953,2.1787245155,0
4954,2.04354679161,0
4955,2.00980074579,0
4956,2.0832736647,0
4957,2.05057244904,0
4958,1.96662537923,0
4959,1.78688980788,0
4960,2.02865484876,0
4961,1.76026428243,0
4962,1.92747897856,0
4963,1.7273406084,0
4964,2.02872159981,0
4965,1.73601205312,0
4966,1.93634584262,0
4967,1.72927891463,0
4968,1.73116889485,0
4969,1.93767507326,0
4970,1.5748940511,0
4971,1.68302878195,0
4972,1.52012549436,0
4973,1.82068669897,0
4974,1.53181530454,0
4975,1.41855236655,0
4976,1.67872757439,0
4977,1.76250944812,0
4978,1.4652912412,0
4979,1.66359651519,0
4980,1.45957200481,0
4981,1.61479868427,0
4982,1.543654918,0
4983,1.12684377547,0
4984,1.42175194877,0
4985,1.46812664566,0
4986,1.04178241737,0
4987,0.999193356403,0
4988,1.31537391211,0
4989,1.29306181629,0
4990,0.980247749558,0
4991,1.00579224993,0
4992,0.769241130105,0
4993,0.7884384385,0
4994,1.03960579073,0
4995,1.0400958944,0
4996,0.866222748926,0
4997,0.947702923769,0
4998,0.574151597485,0
4999,0.866867496695,0
5000,0.548977118164,0
5001,0.6146994127,0
5002,0.828960408962,0
5003,0.631447627426,0
5004,0.454282198608,0
5005,0.303632274517,0
5006,0.579596131219,0
5007,0.212564661387,0
5008,0.283812541219,0
5009,0.32549999664,0
5010,0.467165948206,0
5011,0.211684948813,0
5012,0.298048773096,0
5013,0.0781310510005,0
5014,-0.0269791043227,0
5015,0.248917387238,0
5016,0.000790821625013,0
5017,-0.213068366851,0
5018,-0.208682580706,0
5019,-0.0427454046383,0
5020,0.0694531981979,0
5021,-0.29710826428,0
5022,-0.198035595366,0
5023,-0.427979116413,0
5024,-0.460091713569,0
5025,-0.110103876342,0
5026,-0.173682560319,0
5027,-0.132902455441,0
5028,-0.204781504636,0
5029,-0.24067003729,0
5030,-0.431793901595,0
5031,-0.549128993725,0
5032,-0.558290203546,0
5033,-0.34371633587,0
5034,-0.723619223609,0
5035,-0.744816786711,0
5036,-0.349883332971,0
5037,-0.641953842514,0
5038,-0.697941076201,0
5039,-0.804509156779,0
5040,-0.829974734074,0
5041,-0.426358165821,0
5042,-0.798356490798,0
5043,-0.841559048848,0
5044,-0.558267911279,0
5045,-0.538523933149,0
5046,-0.649124253825,0
5047,-0.520987006351,0
5048,-0.722813513381,0
5049,-0.860668090894,0
5050,-0.731418345208,0
5051,-0.479037673001,0
5052,-0.895132997072,0
5053,-0.749653715123,0
5054,-0.866602991503,0
5055,-0.607422248383,0
5056,-0.869141938778,0
5057,-0.477875110572,0
5058,-0.595396466741,0
5059,-0.747938971612,0
5060,-0.825460508717,0
5061,-0.508445082683,0
5062,-0.390748149354,0
5063,-0.37881695926,0
5064,-0.402601960663,0
5065,-0.427844732696,0
5066,-0.57044544934,0
5067,-0.399262994024,0
5068,-0.276466094937,0
5069,-0.487195572582,0
5070,-0.586384637679,0
5071,-0.269373932362,0
5072,-0.24412876753,0
5073,-0.244270004859,0
5074,-0.399578646469,0
5075,-0.464835560174,0
5076,-0.244644796549,0
5077,-0.218211301788,0
5078,-0.0900125235899,0
5079,-0.225675403342,0
5080,-0.297309137,0
5081,-0.268809208193,0
5082,0.141048520321,0
5083,0.197516702203,0
5084,-0.147881678705,0
5085,0.302046316455,0
5086,0.24274608164,0
5087,0.378310200987,0
5088,0.335406104943,0
5089,0.459437124682,0
5090,0.479020244869,0
5091,0.134203469149,0
5092,0.353196748505,0
5093,0.44592468253,0
5094,0.283345217237,0
5095,0.405740723338,0
5096,0.348076400077,0
5097,0.699705341194,0
5098,0.83273913459,0
5099,0.702531336977,0
5100,0.584399556534,0
5101,0.817209170281,0
5102,0.838336803288,0
5103,0.72144352223,0
5104,0.726666661762,0
5105,1.0799210879,0
5106,1.19241757753,0
5107,0.907965045457,0
5108,1.28373956957,0
5109,0.915213008994,0
5110,1.36999615511,0
5111,1.12180905433,0
5112,1.25302065168,0
5113,1.1483243265,0
5114,1.33019098876,0
5115,1.45027720208,0
5116,1.5572918387,0
5117,1.28171182804,0
5118,1.65393247548,0
5119,1.42415159534,0
5120,1.44258352048,0
5121,1.42192673245,0
5122,1.69589233312,0
5123,1.50154541281,0
5124,1.53145157326,0
5125,1.55022132107,0
5126,1.6138746437,0
5127,1.73388173204,0
5128,2.00484190721,0
5129,1.85803721636,0
5130,1.73405399778,0
5131,2.07725114001,0
5132,2.06025024695,0
5133,1.75153365556,0
5134,2.04802494901,0
5135,2.18177702064,0
5136,2.18390238269,0
5137,1.88402708965,0
5138,2.23214580477,0
5139,1.87846296761,0
5140,2.20805499072,0
5141,2.27075004515,0
5142,2.1013558767,0
5143,2.12705068209,0
5144,1.90312739022,0
5145,1.98861606395,0
5146,2.31400778474,0
5147,2.25223167271,0
5148,2.17554522676,0
5149,1.91227645237,0
5150,1.92971606691,0
5151,2.1681644562,0
5152,2.30417588216,0
5153,2.23088648033,0
5154,2.09570875644,0
5155,2.06196271061,0
5156,2.13543562952,0
5157,2.10273441387,0
5158,2.01878734405,0
5159,1.8390517727,0
5160,2.08081681358,0
5161,1.81242624726,0
5162,1.97964094338,0
5163,1.77950257322,0
5164,2.08088356463,0
5165,1.78817401795,0
5166,1.98850780745,0
5167,1.78144087945,0
5168,1.78333085967,0
5169,1.98983703808,0
5170,1.62705601592,0
5171,1.73519074677,0
5172,1.57228745919,0
5173,1.87284866379,0
5174,1.58397726936,0
5175,1.47071433138,0
5176,1.73088953921,0
5177,1.81467141294,0
5178,1.51745320602,0
5179,1.71575848001,0
5180,1.51173396964,0
5181,1.66696064909,0
5182,1.59581688282,0
5183,1.17900574029,0
5184,1.4739139136,0
5185,1.52028861049,0
5186,1.0939443822,0
5187,1.05135532123,0
5188,1.36753587694,0
5189,1.34522378112,0
5190,1.03240971438,0
5191,1.05795421475,0
5192,0.821403094929,0
5193,0.840600403325,0
5194,1.09176775556,0
5195,1.09225785923,0
5196,0.91838471375,0
5197,0.999864888594,0
5198,0.626313562309,0
5199,0.919029461519,0
5200,0.640675505436,0
5201,0.706397799972,0
5202,0.920658796234,0
5203,0.723146014698,0
5204,0.54598058588,0
5205,0.395330661789,0
5206,0.671294518492,0
5207,0.304263048659,0
5208,0.375510928491,0
5209,0.417198383913,0
5210,0.558864335478,0
5211,0.303383336086,0
5212,0.389747160369,0
5213,0.169829438273,0
5214,0.0647192829498,0
5215,0.340615774511,0
5216,0.0924892088975,0
5217,-0.121369979578,0
5218,-0.116984193434,0
5219,0.0489529826341,0
5220,0.16115158547,0
5221,-0.205409877007,0
5222,-0.106337208093,0
5223,-0.33628072914,0
5224,-0.368393326297,0
5225,-0.0184054890692,0
5226,-0.0819841730469,0
5227,-0.0412040681689,0
5228,-0.113083117363,0
5229,-0.148971650017,0
5230,-0.340095514323,0
5231,-0.457430606453,0
5232,-0.466591816274,0
5233,-0.252017948598,0
5234,-0.631920836337,0
5235,-0.653118399439,0
5236,-0.258184945699,0
5237,-0.550255455241,0
5238,-0.606242688929,0
5239,-0.712810769506,0
5240,-0.738276346801,0
5241,-0.334659778548,0
5242,-0.706658103525,0
5243,-0.749860661576,0
5244,-0.466569524007,0
5245,-0.446825545877,0
5246,-0.557425866553,0
5247,-0.429288619079,0
5248,-0.631115126109,0
5249,-0.768969703621,0
5250,-0.639719957935,0
5251,-0.387339285729,0
5252,-0.8034346098,0
5253,-0.65795532785,0
5254,-0.774904604231,0
5255,-0.515723861111,0
5256,-0.777443551505,0
5257,-0.386176723299,0
5258,-0.503698079469,0
5259,-0.656240584339,0
5260,-0.733762121445,0
5261,-0.416746695411,0
5262,-0.299049762082,0
5263,-0.287118571988,0
5264,-0.31090357339,0
5265,-0.336146345423,0
5266,-0.478747062067,0
5267,-0.307564606751,0
5268,-0.184767707664,0
5269,-0.395497185309,0
5270,-0.494686250406,0
5271,-0.17767554509,0
5272,-0.152430380258,0
5273,-0.152571617586,0
5274,-0.307880259196,0
5275,-0.373137172902,0
5276,-0.152946409276,0
5277,-0.126512914516,0
5278,0.0016858636826,0
5279,-0.133977016069,0
5280,-0.205610749728,0
5281,-0.177110820921,0
5282,0.232746907593,0
5283,0.289215089476,0
5284,-0.0561832914328,0
5285,0.393744703728,0
5286,0.334444468913,0
5287,0.47000858826,0
5288,0.427104492215,0
5289,0.551135511955,0
5290,0.570718632142,0
5291,0.225901856422,0
5292,0.444895135777,0
5293,0.537623069803,0
5294,0.37504360451,0
5295,0.497439110611,0
5296,0.43977478735,0
5297,0.791403728466,0
5298,0.924437521863,0
5299,0.79422972425,0
5300,0.676097943806,0
5301,0.908907557554,0
5302,0.930035190561,0
5303,0.813141909502,0
5304,0.818365049034,0
5305,1.17161947517,0
5306,1.28411596481,0
5307,0.99966343273,0
5308,1.37543795684,0
5309,1.00691139627,0
5310,1.46169454238,0
5311,1.21350744161,0
5312,1.34471903895,0
5313,1.24002271377,0
5314,1.42188937603,0
5315,1.54197558935,0
5316,1.64899022597,0
5317,1.37341021531,0
5318,1.74563086276,0
5319,1.51584998261,0
5320,1.53428190775,0
5321,1.51362511972,0
5322,1.78759072039,0
5323,1.59324380008,0
5324,1.62314996054,0
5325,1.64191970834,0
5326,1.70557303097,0
5327,1.82558011931,0
5328,2.09654029448,0
5329,1.94973560363,0
5330,1.82575238506,0
5331,2.16894952728,0
5332,2.15194863422,0
5333,1.84323204283,0
5334,2.13972333628,0
5335,2.27347540791,0
5336,2.27560076996,0
5337,1.97572547693,0
5338,2.32384419205,0
5339,1.97016135489,0
5340,2.29975337799,0
5341,2.36244843242,0
5342,2.19305426397,0
5343,2.21874906936,0
5344,1.99482577749,0
5345,2.08031445123,0
5346,2.40570617201,0
5347,2.34393005998,0
5348,2.26724361403,0
5349,2.00397483964,0
5350,2.02141445418,0
5351,2.25986284347,0
5352,2.39587426943,0
5353,2.3225848676,0
5354,2.18740714371,0
5355,2.15366109788,0
5356,2.22713401679,0
5357,2.19443280114,0
5358,2.11048573133,0
5359,1.93075015997,0
5360,2.17251520086,0
5361,1.90412463453,0
5362,2.07133933065,0
5363,1.8712009605,0
5364,2.1725819519,0
5365,1.87987240522,0
5366,2.08020619472,0
5367,1.87313926673,0
5368,1.87502924694,0
5369,2.08153542535,0
5370,1.7187544032,0
5371,1.82688913404,0
5372,1.66398584646,0
5373,1.96454705106,0
5374,1.67567565664,0
5375,1.56241271865,0
5376,1.82258792648,0
5377,1.90636980022,0
5378,1.6091515933,0
5379,1.80745686729,0
5380,1.60343235691,0
5381,1.75865903637,0
5382,1.6875152701,0
5383,1.27070412756,0
5384,1.56561230087,0
5385,1.61198699776,0
5386,1.18564276947,0
5387,1.1430537085,0
5388,1.45923426421,0
5389,1.43692216839,0
5390,1.12410810166,0
5391,1.14965260203,0
5392,0.913101482202,0
5393,0.932298790597,0
5394,1.18346614283,0
5395,1.1839562465,0
5396,1.01008310102,0
5397,1.09156327587,0
5398,0.718011949582,0
5399,1.01072784879,0
5400,0.73483937694,0
5401,0.800561671476,0
5402,1.01482266774,0
5403,0.817309886203,0
5404,0.640144457384,0
5405,0.489494533294,0
5406,0.765458389996,0
5407,0.398426920163,0
5408,0.469674799995,0
5409,0.511362255417,0
5410,0.653028206982,0
5411,0.39754720759,0
5412,0.483911031873,0
5413,0.263993309777,0
5414,0.158883154454,0
5415,0.434779646015,0
5416,0.186653080402,0
5417,-0.0272061080741,0
5418,-0.0228203219295,0
5419,0.143116854138,0
5420,0.255315456975,0
5421,-0.111246005503,0
5422,-0.0121733365892,0
5423,-0.242116857636,0
5424,-0.274229454793,0
5425,0.0757583824349,0
5426,0.0121796984573,0
5427,0.0529598033352,0
5428,-0.0189192458591,0
5429,-0.0548077785132,0
5430,-0.245931642819,0
5431,-0.363266734948,0
5432,-0.37242794477,0
5433,-0.157854077093,0
5434,-0.537756964833,0
5435,-0.558954527935,0
5436,-0.164021074195,0
5437,-0.456091583737,0
5438,-0.512078817425,0
5439,-0.618646898002,0
5440,-0.644112475297,0
5441,-0.240495907044,0
5442,-0.612494232021,0
5443,-0.655696790072,0
5444,-0.372405652503,0
5445,-0.352661674373,0
5446,-0.463261995049,0
5447,-0.335124747574,0
5448,-0.536951254605,0
5449,-0.674805832117,0
5450,-0.545556086431,0
5451,-0.293175414225,0
5452,-0.709270738295,0
5453,-0.563791456346,0
5454,-0.680740732727,0
5455,-0.421559989607,0
5456,-0.683279680001,0
5457,-0.292012851795,0
5458,-0.409534207964,0
5459,-0.562076712835,0
5460,-0.639598249941,0
5461,-0.322582823906,0
5462,-0.204885890578,0
5463,-0.192954700484,0
5464,-0.216739701886,0
5465,-0.241982473919,0
5466,-0.384583190563,0
5467,-0.213400735247,0
5468,-0.0906038361602,0
5469,-0.301333313805,0
5470,-0.400522378902,0
5471,-0.0835116735859,0
5472,-0.0582665087537,0
5473,-0.0584077460822,0
5474,-0.213716387692,0
5475,-0.278973301398,0
5476,-0.058782537772,0
5477,-0.0323490430115,0
5478,0.0958497351867,0
5479,-0.0398131445651,0
5480,-0.111446878224,0
5481,-0.0829469494169,0
5482,0.326910779098,0
5483,0.38337896098,0
5484,0.0379805800714,0
5485,0.487908575232,0
5486,0.428608340417,0
5487,0.564172459764,0
5488,0.521268363719,0
5489,0.645299383459,0
5490,0.664882503646,0
5491,0.320065727926,0
5492,0.539059007282,0
5493,0.631786941307,0
5494,0.469207476014,0
5495,0.591602982115,0
5496,0.533938658854,0
5497,0.88556759997,0
5498,1.01860139337,0
5499,0.888393595754,0
5500,0.770261815311,0
5501,1.00307142906,0
5502,1.02419906206,0
5503,0.907305781006,0
5504,0.912528920538,0
5505,1.26578334668,0
5506,1.37827983631,0
5507,1.09382730423,0
5508,1.46960182835,0
5509,1.10107526777,0
5510,1.55585841388,0
5511,1.30767131311,0
5512,1.43888291046,0
5513,1.33418658528,0
5514,1.51605324754,0
5515,1.63613946085,0
5516,1.74315409748,0
5517,1.46757408682,0
5518,1.83979473426,0
5519,1.61001385412,0
5520,1.62844577925,0
5521,1.60778899123,0
5522,1.88175459189,0
5523,1.68740767158,0
5524,1.71731383204,0
5525,1.73608357985,0
5526,1.79973690248,0
5527,1.91974399082,0
5528,2.19070416598,0
5529,2.04389947513,0
5530,1.91991625656,0
5531,2.26311339879,0
5532,2.24611250572,0
5533,1.93739591433,0
5534,2.23388720779,0
5535,2.36763927941,0
5536,2.36976464146,0
5537,2.06988934843,0
5538,2.41800806355,0
5539,2.06432522639,0
5540,2.3939172495,0
5541,2.45661230393,0
5542,2.28721813548,0
5543,2.31291294087,0
5544,2.088989649,0
5545,2.17447832273,0
5546,2.49987004351,0
5547,2.43809393148,0
5548,2.36140748554,0
5549,2.09813871115,0
5550,2.11557832569,0
5551,2.35402671498,0
5552,2.49003814094,0
5553,2.4167487391,0
5554,2.28157101521,0
5555,2.24782496939,0
5556,2.3212978883,0
5557,2.28859667265,0
5558,2.20464960283,0
5559,2.02491403148,0
5560,2.26667907236,0
5561,1.99828850604,0
5562,2.16550320216,0
5563,1.965364832,0
5564,2.26674582341,0
5565,1.97403627672,0
5566,2.17437006622,0
5567,1.96730313823,0
5568,1.96919311845,0
5569,2.17569929686,0
5570,1.8129182747,0
5571,1.92105300555,0
5572,1.75814971796,0
5573,2.05871092257,0
5574,1.76983952814,0
5575,1.65657659015,0
5576,1.91675179799,0
5577,2.00053367172,0
5578,1.7033154648,0
5579,1.90162073879,0
5580,1.69759622841,0
5581,1.85282290787,0
5582,1.7816791416,0
5583,1.36486799907,0
5584,1.65977617237,0
5585,1.70615086926,0
5586,1.27980664097,0
5587,1.23721758,0
5588,1.55339813572,0
5589,1.53108603989,0
5590,1.21827197316,0
5591,1.24381647353,0
5592,1.00726535371,0
5593,1.0264626621,0
5594,1.27763001433,0
5595,1.278120118,0
5596,1.10424697253,0
5597,1.18572714737,0
5598,0.812175821086,0
5599,1.1048917203,0
5600,0.681894027894,0
5601,0.74761632243,0
5602,0.961877318692,0
5603,0.764364537156,0
5604,0.587199108338,0
5605,0.436549184247,0
5606,0.71251304095,0
5607,0.345481571117,0
5608,0.416729450949,0
5609,0.458416906371,0
5610,0.600082857936,0
5611,0.344601858544,0
5612,0.430965682827,0
5613,0.211047960731,0
5614,0.105937805408,0
5615,0.381834296969,0
5616,0.133707731355,0
5617,-0.0801514571202,0
5618,-0.0757656709757,0
5619,0.0901715050921,0
5620,0.202370107928,0
5621,-0.164191354549,0
5622,-0.0651186856353,0
5623,-0.295062206682,0
5624,-0.327174803839,0
5625,0.0228130333888,0
5626,-0.0407656505889,0
5627,1.44542890425e-05,0
5628,-0.0718645949053,0
5629,-0.107753127559,0
5630,-0.298876991865,0
5631,-0.416212083995,0
5632,-0.425373293816,0
5633,-0.21079942614,0
5634,-0.590702313879,0
5635,-0.611899876981,0
5636,-0.216966423241,0
5637,-0.509036932783,0
5638,-0.565024166471,0
5639,-0.671592247049,0
5640,-0.697057824343,0
5641,-0.29344125609,0
5642,-0.665439581067,0
5643,-0.708642139118,0
5644,-0.425351001549,0
5645,-0.405607023419,0
5646,-0.516207344095,0
5647,-0.388070096621,0
5648,-0.589896603651,0
5649,-0.727751181163,0
5650,-0.598501435477,0
5651,-0.346120763271,0
5652,-0.762216087342,0
5653,-0.616736805392,0
5654,-0.733686081773,0
5655,-0.474505338653,0
5656,-0.736225029047,0
5657,-0.344958200841,0
5658,-0.462479557011,0
5659,-0.615022061881,0
5660,-0.692543598987,0
5661,-0.375528172953,0
5662,-0.257831239624,0
5663,-0.24590004953,0
5664,-0.269685050932,0
5665,-0.294927822965,0
5666,-0.437528539609,0
5667,-0.266346084293,0
5668,-0.143549185206,0
5669,-0.354278662851,0
5670,-0.453467727948,0
5671,-0.136457022632,0
5672,-0.1112118578,0
5673,-0.111353095128,0
5674,-0.266661736738,0
5675,-0.331918650444,0
5676,-0.111727886818,0
5677,-0.0852943920577,0
5678,0.0429043861406,0
5679,-0.0927584936113,0
5680,-0.16439222727,0
5681,-0.135892298463,0
5682,0.273965430051,0
5683,0.330433611934,0
5684,-0.0149647689748,0
5685,0.434963226186,0
5686,0.375662991371,0
5687,0.511227110718,0
5688,0.468323014673,0
5689,0.592354034413,0
5690,0.6119371546,0
5691,0.26712037888,0
5692,0.486113658235,0
5693,0.578841592261,0
5694,0.416262126968,0
5695,0.538657633069,0
5696,0.480993309808,0
5697,0.832622250924,0
5698,0.965656044321,0
5699,0.835448246708,0
5700,0.717316466264,0
5701,0.950126080012,0
5702,0.971253713019,0
5703,0.85436043196,0
5704,0.859583571492,0
5705,1.21283799763,0
5706,1.32533448726,0
5707,1.04088195519,0
5708,1.4166564793,0
5709,1.04812991872,0
5710,1.50291306484,0
5711,1.25472596406,0
5712,1.38593756141,0
5713,1.28124123623,0
5714,1.46310789849,0
5715,1.58319411181,0
5716,1.69020874843,0
5717,1.41462873777,0
5718,1.78684938521,0
5719,1.55706850507,0
5720,1.57550043021,0
5721,1.55484364218,0
5722,1.82880924285,0
5723,1.63446232254,0
5724,1.66436848299,0
5725,1.6831382308,0
5726,1.74679155343,0
5727,1.86679864177,0
5728,2.13775881694,0
5729,1.99095412609,0
5730,1.86697090751,0
5731,2.21016804974,0
5732,2.19316715668,0
5733,1.88445056529,0
5734,2.18094185874,0
5735,2.31469393037,0
5736,2.31681929242,0
5737,2.01694399938,0
5738,2.36506271451,0
5739,2.01137987734,0
5740,2.34097190045,0
5741,2.40366695488,0
5742,2.23427278643,0
5743,2.25996759182,0
5744,2.03604429995,0
5745,2.12153297368,0
5746,2.44692469447,0
5747,2.38514858244,0
5748,2.30846213649,0
5749,2.0451933621,0
5750,2.06263297664,0
5751,2.30108136593,0
5752,2.43709279189,0
5753,2.36380339006,0
5754,2.22862566617,0
5755,2.19487962034,0
5756,2.26835253925,0
5757,2.2356513236,0
5758,2.15170425378,0
5759,1.97196868243,0
5760,2.21373372331,0
5761,1.94534315699,0
5762,2.11255785311,0
5763,1.91241948295,0
5764,2.21380047436,0
5765,1.92109092768,0
5766,2.12142471718,0
5767,1.91435778918,0
5768,1.9162477694,0
5769,2.12275394781,0
5770,1.75997292566,0
5771,1.8681076565,0
5772,1.70520436892,0
5773,2.00576557352,0
5774,1.71689417909,0
5775,1.60363124111,0
5776,1.86380644894,0
5777,1.94758832268,0
5778,1.65037011575,0
5779,1.84867538974,0
5780,1.64465087937,0
5781,1.79987755882,0
5782,1.72873379255,0
5783,1.31192265002,0
5784,1.60683082333,0
5785,1.65320552022,0
5786,1.22686129193,0
5787,1.18427223096,0
5788,1.50045278667,0
5789,1.47814069085,0
5790,1.16532662411,0
5791,1.19087112448,0
5792,0.95432000466,0
5793,0.973517313055,0
5794,1.22468466529,0
5795,1.22517476896,0
5796,1.05130162348,0
5797,1.13278179832,0
5798,0.75923047204,0
5799,1.05194637125,0
5800,0.716851460762,0
5801,0.782573755298,0
5802,0.99683475156,0
5803,0.799321970024,0
5804,0.622156541206,0
5805,0.471506617115,0
5806,0.747470473818,0
5807,0.380439003985,0
5808,0.451686883817,0
5809,0.493374339239,0
5810,0.635040290804,0
5811,0.379559291412,0
5812,0.465923115695,0
5813,0.246005393599,0
5814,0.140895238276,0
5815,0.416791729837,0
5816,0.168665164223,0
5817,-0.0451940242523,0
5818,-0.0408082381077,0
5819,0.12512893796,0
5820,0.237327540796,0
5821,-0.129233921681,0
5822,-0.0301612527674,0
5823,-0.260104773815,0
5824,-0.292217370971,0
5825,0.0577704662567,0
5826,-0.00580821772094,0
5827,0.034971887157,0
5828,-0.0369071620373,0
5829,-0.0727956946914,0
5830,-0.263919558997,0
5831,-0.381254651127,0
5832,-0.390415860948,0
5833,-0.175841993272,0
5834,-0.555744881011,0
5835,-0.576942444113,0
5836,-0.182008990373,0
5837,-0.474079499915,0
5838,-0.530066733603,0
5839,-0.636634814181,0
5840,-0.662100391475,0
5841,-0.258483823222,0
5842,-0.630482148199,0
5843,-0.67368470625,0
5844,-0.390393568681,0
5845,-0.370649590551,0
5846,-0.481249911227,0
5847,-0.353112663753,0
5848,-0.554939170783,0
5849,-0.692793748295,0
5850,-0.56354400261,0
5851,-0.311163330403,0
5852,-0.727258654474,0
5853,-0.581779372524,0
5854,-0.698728648905,0
5855,-0.439547905785,0
5856,-0.701267596179,0
5857,-0.310000767973,0
5858,-0.427522124143,0
5859,-0.580064629013,0
5860,-0.657586166119,0
5861,-0.340570740085,0
5862,-0.222873806756,0
5863,-0.210942616662,0
5864,-0.234727618064,0
5865,-0.259970390097,0
5866,-0.402571106741,0
5867,-0.231388651425,0
5868,-0.108591752338,0
5869,-0.319321229984,0
5870,-0.41851029508,0
5871,-0.101499589764,0
5872,-0.0762544249318,0
5873,-0.0763956622603,0
5874,-0.231704303871,0
5875,-0.296961217576,0
5876,-0.0767704539502,0
5877,-0.0503369591897,0
5878,0.0778618190085,0
5879,-0.0578010607433,0
5880,-0.129434794402,0
5881,-0.100934865595,0
5882,0.308922862919,0
5883,0.365391044802,0
5884,0.0199926638932,0
5885,0.469920659053,0
5886,0.410620424239,0
5887,0.546184543586,0
5888,0.503280447541,0
5889,0.627311467281,0
5890,0.646894587468,0
5891,0.302077811748,0
5892,0.521071091103,0
5893,0.613799025129,0
5894,0.451219559836,0
5895,0.573615065937,0
5896,0.515950742676,0
5897,0.867579683792,0
5898,1.00061347719,0
5899,0.870405679576,0
5900,0.752273899132,0
5901,0.98508351288,0
5902,1.00621114589,0
5903,0.889317864828,0
5904,0.89454100436,0
5905,1.2477954305,0
5906,1.36029192013,0
5907,1.07583938806,0
5908,1.45161391217,0
5909,1.08308735159,0
5910,1.5378704977,0
5911,1.28968339693,0
5912,1.42089499428,0
5913,1.3161986691,0
5914,1.49806533136,0
5915,1.61815154468,0
5916,1.7251661813,0
5917,1.44958617064,0
5918,1.82180681808,0
5919,1.59202593794,0
5920,1.61045786308,0
5921,1.58980107505,0
5922,1.86376667571,0
5923,1.6694197554,0
5924,1.69932591586,0
5925,1.71809566367,0
5926,1.7817489863,0
5927,1.90175607464,0
5928,2.1727162498,0
5929,2.02591155896,0
5930,1.90192834038,0
5931,2.24512548261,0
5932,2.22812458955,0
5933,1.91940799816,0
5934,2.21589929161,0
5935,2.34965136323,0
5936,2.35177672529,0
5937,2.05190143225,0
5938,2.40002014737,0
5939,2.04633731021,0
5940,2.37592933332,0
5941,2.43862438775,0
5942,2.2692302193,0
5943,2.29492502469,0
5944,2.07100173282,0
5945,2.15649040655,0
5946,2.48188212733,0
5947,2.42010601531,0
5948,2.34341956936,0
5949,2.08015079497,0
5950,2.09759040951,0
5951,2.3360387988,0
5952,2.47205022476,0
5953,2.39876082293,0
5954,2.26358309904,0
5955,2.22983705321,0
5956,2.30330997212,0
5957,2.27060875647,0
5958,2.18666168665,0
5959,2.0069261153,0
5960,2.24869115618,0
5961,1.98030058986,0
5962,2.14751528598,0
5963,1.94737691582,0
5964,2.24875790723,0
5965,1.95604836054,0
5966,2.15638215005,0
5967,1.94931522205,0
5968,1.95120520227,0
5969,2.15771138068,0
5970,1.79493035852,0
5971,1.90306508937,0
5972,1.74016180178,0
5973,2.04072300639,0
5974,1.75185161196,0
5975,1.63858867397,0
5976,1.89876388181,0
5977,1.98254575554,0
5978,1.68532754862,0
5979,1.88363282261,0
5980,1.67960831223,0
5981,1.83483499169,0
5982,1.76369122542,0
5983,1.34688008289,0
5984,1.64178825619,0
5985,1.68816295308,0
5986,1.2618187248,0
5987,1.21922966383,0
5988,1.53541021954,0
5989,1.51309812371,0
5990,1.20028405698,0
5991,1.22582855735,0
5992,0.989277437528,0
5993,1.00847474592,0
5994,1.25964209815,0
5995,1.26013220182,0
5996,1.08625905635,0
5997,1.16773923119,0
5998,0.794187904908,0
5999,1.08690380412,0
6000,0.670805333037,0
6001,0.736527627573,0
6002,0.950788623835,0
6003,0.753275842299,0
6004,0.576110413481,0
6005,0.42546048939,0
6006,0.701424346092,0
6007,0.33439287626,0
6008,0.405640756092,0
6009,0.447328211513,0
6010,0.588994163079,0
6011,0.333513163686,0
6012,0.419876987969,0
6013,0.199959265874,0
6014,0.0948491105504,0
6015,0.370745602111,0
6016,0.122619036498,0
6017,-0.0912401519776,0
6018,-0.0868543658331,0
6019,0.0790828102347,0
6020,0.191281413071,0
6021,-0.175280049407,0
6022,-0.0762073804927,0
6023,-0.30615090154,0
6024,-0.338263498696,0
6025,0.0117243385314,0
6026,-0.0518543454463,0
6027,-0.0110742405684,0
6028,-0.0829532897627,0
6029,-0.118841822417,0
6030,-0.309965686722,0
6031,-0.427300778852,0
6032,-0.436461988673,0
6033,-0.221888120997,0
6034,-0.601791008736,0
6035,-0.622988571838,0
6036,-0.228055118098,0
6037,-0.52012562764,0
6038,-0.576112861328,0
6039,-0.682680941906,0
6040,-0.708146519201,0
6041,-0.304529950948,0
6042,-0.676528275925,0
6043,-0.719730833975,0
6044,-0.436439696406,0
6045,-0.416695718276,0
6046,-0.527296038952,0
6047,-0.399158791478,0
6048,-0.600985298508,0
6049,-0.738839876021,0
6050,-0.609590130335,0
6051,-0.357209458128,0
6052,-0.773304782199,0
6053,-0.62782550025,0
6054,-0.74477477663,0
6055,-0.48559403351,0
6056,-0.747313723904,0
6057,-0.356046895699,0
6058,-0.473568251868,0
6059,-0.626110756739,0
6060,-0.703632293844,0
6061,-0.38661686781,0
6062,-0.268919934481,0
6063,-0.256988744387,0
6064,-0.280773745789,0
6065,-0.306016517823,0
6066,-0.448617234467,0
6067,-0.277434779151,0
6068,-0.154637880064,0
6069,-0.365367357709,0
6070,-0.464556422806,0
6071,-0.147545717489,0
6072,-0.122300552657,0
6073,-0.122441789986,0
6074,-0.277750431596,0
6075,-0.343007345301,0
6076,-0.122816581676,0
6077,-0.0963830869151,0
6078,0.0318156912832,0
6079,-0.103847188469,0
6080,-0.175480922127,0
6081,-0.14698099332,0
6082,0.262876735194,0
6083,0.319344917076,0
6084,-0.0260534638322,0
6085,0.423874531328,0
6086,0.364574296514,0
6087,0.50013841586,0
6088,0.457234319816,0
6089,0.581265339556,0
6090,0.600848459742,0
6091,0.256031684023,0
6092,0.475024963378,0
6093,0.567752897403,0
6094,0.40517343211,0
6095,0.527568938211,0
6096,0.46990461495,0
6097,0.821533556067,0
6098,0.954567349463,0
6099,0.82435955185,0
6100,0.706227771407,0
6101,0.939037385154,0
6102,0.960165018161,0
6103,0.843271737103,0
6104,0.848494876635,0
6105,1.20174930277,0
6106,1.31424579241,0
6107,1.02979326033,0
6108,1.40556778444,0
6109,1.03704122387,0
6110,1.49182436998,0
6111,1.24363726921,0
6112,1.37484886656,0
6113,1.27015254138,0
6114,1.45201920363,0
6115,1.57210541695,0
6116,1.67912005357,0
6117,1.40354004291,0
6118,1.77576069036,0
6119,1.54597981021,0
6120,1.56441173535,0
6121,1.54375494732,0
6122,1.81772054799,0
6123,1.62337362768,0
6124,1.65327978814,0
6125,1.67204953594,0
6126,1.73570285857,0
6127,1.85570994691,0
6128,2.12667012208,0
6129,1.97986543123,0
6130,1.85588221266,0
6131,2.19907935488,0
6132,2.18207846182,0
6133,1.87336187043,0
6134,2.16985316388,0
6135,2.30360523551,0
6136,2.30573059756,0
6137,2.00585530453,0
6138,2.35397401965,0
6139,2.00029118249,0
6140,2.32988320559,0
6141,2.39257826002,0
6142,2.22318409158,0
6143,2.24887889696,0
6144,2.02495560509,0
6145,2.11044427883,0
6146,2.43583599961,0
6147,2.37405988758,0
6148,2.29737344163,0
6149,2.03410466724,0
6150,2.05154428178,0
6151,2.28999267108,0
6152,2.42600409703,0
6153,2.3527146952,0
6154,2.21753697131,0
6155,2.18379092548,0
6156,2.25726384439,0
6157,2.22456262874,0
6158,2.14061555893,0
6159,1.96087998757,0
6160,2.20264502846,0
6161,1.93425446213,0
6162,2.10146915826,0
6163,1.9013307881,0
6164,2.2027117795,0
6165,1.91000223282,0
6166,2.11033602232,0
6167,1.90326909433,0
6168,1.90515907455,0
6169,2.11166525296,0
6170,1.7488842308,0
6171,1.85701896164,0
6172,1.69411567406,0
6173,1.99467687866,0
6174,1.70580548424,0
6175,1.59254254625,0
6176,1.85271775408,0
6177,1.93649962782,0
6178,1.6392814209,0
6179,1.83758669489,0
6180,1.63356218451,0
6181,1.78878886397,0
6182,1.7176450977,0
6183,1.30083395516,0
6184,1.59574212847,0
6185,1.64211682536,0
6186,1.21577259707,0
6187,1.1731835361,0
6188,1.48936409181,0
6189,1.46705199599,0
6190,1.15423792926,0
6191,1.17978242963,0
6192,0.943231309802,0
6193,0.962428618198,0
6194,1.21359597043,0
6195,1.2140860741,0
6196,1.04021292862,0
6197,1.12169310347,0
6198,0.748141777182,0
6199,1.04085767639,0
6200,0.598375477538,0
6201,0.664097772075,0
6202,0.878358768336,0
6203,0.680845986801,0
6204,0.503680557982,0
6205,0.353030633892,0
6206,0.628994490594,0
6207,0.261963020761,0
6208,0.333210900594,0
6209,0.374898356015,0
6210,0.516564307581,0
6211,0.261083308188,0
6212,0.347447132471,0
6213,0.127529410375,0
6214,0.0224192550522,0
6215,0.298315746613,0
6216,0.0501891809998,0
6217,-0.163670007476,0
6218,-0.159284221331,0
6219,0.0066529547365,0
6220,0.118851557573,0
6221,-0.247709904905,0
6222,-0.148637235991,0
6223,-0.378580757038,0
6224,-0.410693354195,0
6225,-0.0607055169669,0
6226,-0.124284200945,0
6227,-0.0835040960666,0
6228,-0.155383145261,0
6229,-0.191271677915,0
6230,-0.382395542221,0
6231,-0.49973063435,0
6232,-0.508891844171,0
6233,-0.294317976495,0
6234,-0.674220864234,0
6235,-0.695418427336,0
6236,-0.300484973596,0
6237,-0.592555483139,0
6238,-0.648542716826,0
6239,-0.755110797404,0
6240,-0.780576374699,0
6241,-0.376959806446,0
6242,-0.748958131423,0
6243,-0.792160689474,0
6244,-0.508869551905,0
6245,-0.489125573774,0
6246,-0.59972589445,0
6247,-0.471588646976,0
6248,-0.673415154006,0
6249,-0.811269731519,0
6250,-0.682019985833,0
6251,-0.429639313626,0
6252,-0.845734637697,0
6253,-0.700255355748,0
6254,-0.817204632128,0
6255,-0.558023889009,0
6256,-0.819743579403,0
6257,-0.428476751197,0
6258,-0.545998107366,0
6259,-0.698540612237,0
6260,-0.776062149343,0
6261,-0.459046723308,0
6262,-0.34134978998,0
6263,-0.329418599885,0
6264,-0.353203601288,0
6265,-0.378446373321,0
6266,-0.521047089965,0
6267,-0.349864634649,0
6268,-0.227067735562,0
6269,-0.437797213207,0
6270,-0.536986278304,0
6271,-0.219975572988,0
6272,-0.194730408155,0
6273,-0.194871645484,0
6274,-0.350180287094,0
6275,-0.415437200799,0
6276,-0.195246437174,0
6277,-0.168812942413,0
6278,-0.040614164215,0
6279,-0.176277043967,0
6280,-0.247910777625,0
6281,-0.219410848819,0
6282,0.190446879696,0
6283,0.246915061578,0
6284,-0.0984833193304,0
6285,0.35144467583,0
6286,0.292144441015,0
6287,0.427708560362,0
6288,0.384804464317,0
6289,0.508835484057,0
6290,0.528418604244,0
6291,0.183601828524,0
6292,0.40259510788,0
6293,0.495323041905,0
6294,0.332743576612,0
6295,0.455139082713,0
6296,0.397474759452,0
6297,0.749103700569,0
6298,0.882137493965,0
6299,0.751929696352,0
6300,0.633797915909,0
6301,0.866607529656,0
6302,0.887735162663,0
6303,0.770841881605,0
6304,0.776065021137,0
6305,1.12931944727,0
6306,1.24181593691,0
6307,0.957363404832,0
6308,1.33313792894,0
6309,0.964611368369,0
6310,1.41939451448,0
6311,1.17120741371,0
6312,1.30241901106,0
6313,1.19772268588,0
6314,1.37958934813,0
6315,1.49967556145,0
6316,1.60669019808,0
6317,1.33111018741,0
6318,1.70333083486,0
6319,1.47354995472,0
6320,1.49198187985,0
6321,1.47132509182,0
6322,1.74529069249,0
6323,1.55094377218,0
6324,1.58084993264,0
6325,1.59961968044,0
6326,1.66327300308,0
6327,1.78328009141,0
6328,2.05424026658,0
6329,1.90743557573,0
6330,1.78345235716,0
6331,2.12664949938,0
6332,2.10964860632,0
6333,1.80093201493,0
6334,2.09742330839,0
6335,2.23117538001,0
6336,2.23330074206,0
6337,1.93342544903,0
6338,2.28154416415,0
6339,1.92786132699,0
6340,2.2574533501,0
6341,2.32014840453,0
6342,2.15075423608,0
6343,2.17644904147,0
6344,1.95252574959,0
6345,2.03801442333,0
6346,2.36340614411,0
6347,2.30163003208,0
6348,2.22494358614,0
6349,1.96167481175,0
6350,1.97911442629,0
6351,2.21756281558,0
6352,2.35357424154,0
6353,2.2802848397,0
6354,2.14510711581,0
6355,2.11136106999,0
6356,2.1848339889,0
6357,2.15213277324,0
6358,2.06818570343,0
6359,1.88845013207,0
6360,2.13021517296,0
6361,1.86182460663,0
6362,2.02903930276,0
6363,1.8289009326,0
6364,2.130281924,0
6365,1.83757237732,0
6366,2.03790616682,0
6367,1.83083923883,0
6368,1.83272921905,0
6369,2.03923539746,0
6370,1.6764543753,0
6371,1.78458910614,0
6372,1.62168581856,0
6373,1.92224702317,0
6374,1.63337562874,0
6375,1.52011269075,0
6376,1.78028789858,0
6377,1.86406977232,0
6378,1.5668515654,0
6379,1.76515683939,0
6380,1.56113232901,0
6381,1.71635900847,0
6382,1.6452152422,0
6383,1.22840409967,0
6384,1.52331227297,0
6385,1.56968696986,0
6386,1.14334274157,0
6387,1.1007536806,0
6388,1.41693423631,0
6389,1.39462214049,0
6390,1.08180807376,0
6391,1.10735257413,0
6392,0.870801454304,0
6393,0.889998762699,0
6394,1.14116611493,0
6395,1.1416562186,0
6396,0.967783073125,0
6397,1.04926324797,0
6398,0.675711921684,0
6399,0.968427820894,0
6400,0.453155627407,0
6401,0.518877921943,0
6402,0.733138918205,0
6403,0.535626136669,0
6404,0.358460707851,0
6405,0.20781078376,0
6406,0.483774640462,0
6407,0.11674317063,0
6408,0.187991050462,0
6409,0.229678505883,0
6410,0.371344457449,0
6411,0.115863458056,0
6412,0.202227282339,0
6413,-0.0176904397565,0
6414,-0.12280059508,0
6415,0.153095896481,0
6416,-0.095030669132,0
6417,-0.308889857608,0
6418,-0.304504071463,0
6419,-0.138566895395,0
6420,-0.026368292559,0
6421,-0.392929755037,0
6422,-0.293857086123,0
6423,-0.52380060717,0
6424,-0.555913204326,0
6425,-0.205925367099,0
6426,-0.269504051076,0
6427,-0.228723946198,0
6428,-0.300602995393,0
6429,-0.336491528047,0
6430,-0.527615392352,0
6431,-0.644950484482,0
6432,-0.654111694303,0
6433,-0.439537826627,0
6434,-0.819440714366,0
6435,-0.840638277468,0
6436,-0.445704823728,0
6437,-0.737775333271,0
6438,-0.793762566958,0
6439,-0.900330647536,0
6440,-0.925796224831,0
6441,-0.522179656578,0
6442,-0.894177981555,0
6443,-0.937380539605,0
6444,-0.654089402036,0
6445,-0.634345423906,0
6446,-0.744945744582,0
6447,-0.616808497108,0
6448,-0.818635004138,0
6449,-0.956489581651,0
6450,-0.827239835965,0
6451,-0.574859163758,0
6452,-0.990954487829,0
6453,-0.84547520588,0
6454,-0.96242448226,0
6455,-0.70324373914,0
6456,-0.964963429534,0
6457,-0.573696601329,0
6458,-0.691217957498,0
6459,-0.843760462369,0
6460,-0.921281999474,0
6461,-0.60426657344,0
6462,-0.486569640111,0
6463,-0.474638450017,0
6464,-0.498423451419,0
6465,-0.523666223453,0
6466,-0.666266940097,0
6467,-0.495084484781,0
6468,-0.372287585694,0
6469,-0.583017063339,0
6470,-0.682206128436,0
6471,-0.365195423119,0
6472,-0.339950258287,0
6473,-0.340091495616,0
6474,-0.495400137226,0
6475,-0.560657050931,0
6476,-0.340466287306,0
6477,-0.314032792545,0
6478,-0.185834014347,0
6479,-0.321496894099,0
6480,-0.393130627757,0
6481,-0.36463069895,0
6482,0.045227029564,0
6483,0.101695211446,0
6484,-0.243703169462,0
6485,0.206224825698,0
6486,0.146924590883,0
6487,0.28248871023,0
6488,0.239584614186,0
6489,0.363615633926,0
6490,0.383198754112,0
6491,0.0383819783925,0
6492,0.257375257748,0
6493,0.350103191773,0
6494,0.18752372648,0
6495,0.309919232581,0
6496,0.25225490932,0
6497,0.603883850437,0
6498,0.736917643833,0
6499,0.60670984622,0
6500,0.488578065777,0
6501,0.721387679524,0
6502,0.742515312531,0
6503,0.625622031473,0
6504,0.630845171005,0
6505,0.984099597142,0
6506,1.09659608678,0
6507,0.8121435547,0
6508,1.18791807881,0
6509,0.819391518237,0
6510,1.27417466435,0
6511,1.02598756358,0
6512,1.15719916093,0
6513,1.05250283575,0
6514,1.234369498,0
6515,1.35445571132,0
6516,1.46147034794,0
6517,1.18589033728,0
6518,1.55811098473,0
6519,1.32833010458,0
6520,1.34676202972,0
6521,1.32610524169,0
6522,1.60007084236,0
6523,1.40572392205,0
6524,1.43563008251,0
6525,1.45439983031,0
6526,1.51805315294,0
6527,1.63806024128,0
6528,1.90902041645,0
6529,1.7622157256,0
6530,1.63823250703,0
6531,1.98142964925,0
6532,1.96442875619,0
6533,1.6557121648,0
6534,1.95220345825,0
6535,2.08595552988,0
6536,2.08808089193,0
6537,1.7882055989,0
6538,2.13632431402,0
6539,1.78264147686,0
6540,2.11223349996,0
6541,2.17492855439,0
6542,2.00553438595,0
6543,2.03122919133,0
6544,1.80730589946,0
6545,1.8927945732,0
6546,2.21818629398,0
6547,2.15641018195,0
6548,2.079723736,0
6549,1.81645496161,0
6550,1.83389457615,0
6551,2.07234296545,0
6552,2.2083543914,0
6553,2.13506498957,0
6554,1.99988726568,0
6555,1.96614121985,0
6556,2.03961413876,0
6557,2.00691292311,0
6558,1.9229658533,0
6559,1.74323028194,0
6560,1.98499532283,0
6561,1.7166047565,0
6562,1.88381945263,0
6563,1.68368108247,0
6564,1.98506207387,0
6565,1.69235252719,0
6566,1.89268631669,0
6567,1.6856193887,0
6568,1.68750936892,0
6569,1.89401554733,0
6570,1.53123452517,0
6571,1.63936925601,0
6572,1.47646596843,0
6573,1.77702717303,0
6574,1.48815577861,0
6575,1.37489284062,0
6576,1.63506804845,0
6577,1.71884992219,0
6578,1.42163171527,0
6579,1.61993698926,0
6580,1.41591247888,0
6581,1.57113915834,0
6582,1.49999539207,0
6583,1.08318424953,0
6584,1.37809242284,0
6585,1.42446711973,0
6586,0.99812289144,0
6587,0.95553383047,0
6588,1.27171438618,0
6589,1.24940229036,0
6590,0.936588223626,0
6591,0.962132723996,0
6592,0.725581604172,0
6593,0.744778912568,0
6594,0.995946264799,0
6595,0.996436368469,0
6596,0.822563222993,0
6597,0.904043397837,0
6598,0.530492071552,0
6599,0.823207970762,0
6600,0.521310598727,0
6601,0.587032893263,0
6602,0.801293889525,0
6603,0.60378110799,0
6604,0.426615679171,0
6605,0.275965755081,0
6606,0.551929611783,0
6607,0.18489814195,0
6608,0.256146021782,0
6609,0.297833477204,0
6610,0.43949942877,0
6611,0.184018429377,0
6612,0.27038225366,0
6613,0.0504645315643,0
6614,-0.0546456237589,0
6615,0.221250867802,0
6616,-0.0268756978112,0
6617,-0.240734886287,0
6618,-0.236349100142,0
6619,-0.0704119240745,0
6620,0.0417866787617,0
6621,-0.324774783716,0
6622,-0.225702114802,0
6623,-0.455645635849,0
6624,-0.487758233006,0
6625,-0.137770395778,0
6626,-0.201349079756,0
6627,-0.160568974878,0
6628,-0.232448024072,0
6629,-0.268336556726,0
6630,-0.459460421032,0
6631,-0.576795513161,0
6632,-0.585956722982,0
6633,-0.371382855306,0
6634,-0.751285743045,0
6635,-0.772483306147,0
6636,-0.377549852407,0
6637,-0.66962036195,0
6638,-0.725607595637,0
6639,-0.832175676215,0
6640,-0.85764125351,0
6641,-0.454024685257,0
6642,-0.826023010234,0
6643,-0.869225568285,0
6644,-0.585934430716,0
6645,-0.566190452585,0
6646,-0.676790773261,0
6647,-0.548653525787,0
6648,-0.750480032817,0
6649,-0.88833461033,0
6650,-0.759084864644,0
6651,-0.506704192437,0
6652,-0.922799516508,0
6653,-0.777320234559,0
6654,-0.894269510939,0
6655,-0.63508876782,0
6656,-0.896808458214,0
6657,-0.505541630008,0
6658,-0.623062986177,0
6659,-0.775605491048,0
6660,-0.853127028154,0
6661,-0.536111602119,0
6662,-0.418414668791,0
6663,-0.406483478696,0
6664,-0.430268480099,0
6665,-0.455511252132,0
6666,-0.598111968776,0
6667,-0.42692951346,0
6668,-0.304132614373,0
6669,-0.514862092018,0
6670,-0.614051157115,0
6671,-0.297040451799,0
6672,-0.271795286966,0
6673,-0.271936524295,0
6674,-0.427245165905,0
6675,-0.492502079611,0
6676,-0.272311315985,0
6677,-0.245877821224,0
6678,-0.117679043026,0
6679,-0.253341922778,0
6680,-0.324975656436,0
6681,-0.29647572763,0
6682,0.113382000885,0
6683,0.169850182767,0
6684,-0.175548198141,0
6685,0.274379797019,0
6686,0.215079562204,0
6687,0.350643681551,0
6688,0.307739585506,0
6689,0.431770605246,0
6690,0.451353725433,0
6691,0.106536949713,0
6692,0.325530229069,0
6693,0.418258163094,0
6694,0.255678697801,0
6695,0.378074203902,0
6696,0.320409880641,0
6697,0.672038821757,0
6698,0.805072615154,0
6699,0.674864817541,0
6700,0.556733037098,0
6701,0.789542650845,0
6702,0.810670283852,0
6703,0.693777002794,0
6704,0.699000142326,0
6705,1.05225456846,0
6706,1.1647510581,0
6707,0.880298526021,0
6708,1.25607305013,0
6709,0.887546489558,0
6710,1.34232963567,0
6711,1.0941425349,0
6712,1.22535413225,0
6713,1.12065780707,0
6714,1.30252446932,0
6715,1.42261068264,0
6716,1.52962531927,0
6717,1.2540453086,0
6718,1.62626595605,0
6719,1.3964850759,0
6720,1.41491700104,0
6721,1.39426021301,0
6722,1.66822581368,0
6723,1.47387889337,0
6724,1.50378505383,0
6725,1.52255480163,0
6726,1.58620812427,0
6727,1.7062152126,0
6728,1.97717538777,0
6729,1.83037069692,0
6730,1.70638747835,0
6731,2.04958462057,0
6732,2.03258372751,0
6733,1.72386713612,0
6734,2.02035842957,0
6735,2.1541105012,0
6736,2.15623586325,0
6737,1.85636057022,0
6738,2.20447928534,0
6739,1.85079644818,0
6740,2.18038847128,0
6741,2.24308352571,0
6742,2.07368935727,0
6743,2.09938416265,0
6744,1.87546087078,0
6745,1.96094954452,0
6746,2.2863412653,0
6747,2.22456515327,0
6748,2.14787870732,0
6749,1.88460993294,0
6750,1.90204954747,0
6751,2.14049793677,0
6752,2.27650936272,0
6753,2.20321996089,0
6754,2.068042237,0
6755,2.03429619118,0
6756,2.10776911009,0
6757,2.07506789443,0
6758,1.99112082462,0
6759,1.81138525326,0
6760,2.05315029415,0
6761,1.78475972782,0
6762,1.95197442395,0
6763,1.75183605379,0
6764,2.05321704519,0
6765,1.76050749851,0
6766,1.96084128801,0
6767,1.75377436002,0
6768,1.75566434024,0
6769,1.96217051865,0
6770,1.59938949649,0
6771,1.70752422733,0
6772,1.54462093975,0
6773,1.84518214435,0
6774,1.55631074993,0
6775,1.44304781194,0
6776,1.70322301977,0
6777,1.78700489351,0
6778,1.48978668659,0
6779,1.68809196058,0
6780,1.4840674502,0
6781,1.63929412966,0
6782,1.56815036339,0
6783,1.15133922085,0
6784,1.44624739416,0
6785,1.49262209105,0
6786,1.06627786276,0
6787,1.02368880179,0
6788,1.3398693575,0
6789,1.31755726168,0
6790,1.00474319495,0
6791,1.03028769532,0
6792,0.793736575493,0
6793,0.812933883888,0
6794,1.06410123612,0
6795,1.06459133979,0
6796,0.890718194314,0
6797,0.972198369157,0
6798,0.598647042873,0
6799,0.891362942083,0
6800,0.709357085039,0
6801,0.775079379575,0
6802,0.989340375837,0
6803,0.791827594302,0
6804,0.614662165483,0
6805,0.464012241393,0
6806,0.739976098095,0
6807,0.372944628262,0
6808,0.444192508094,0
6809,0.485879963516,0
6810,0.627545915082,0
6811,0.372064915689,0
6812,0.458428739972,0
6813,0.238511017876,0
6814,0.133400862553,0
6815,0.409297354114,0
6816,0.161170788501,0
6817,-0.052688399975,0
6818,-0.0483026138304,0
6819,0.117634562237,0
6820,0.229833165074,0
6821,-0.136728297404,0
6822,-0.0376556284901,0
6823,-0.267599149537,0
6824,-0.299711746694,0
6825,0.050276090534,0
6826,-0.0133025934436,0
6827,0.0274775114343,0
6828,-0.04440153776,0
6829,-0.0802900704141,0
6830,-0.27141393472,0
6831,-0.388749026849,0
6832,-0.39791023667,0
6833,-0.183336368994,0
6834,-0.563239256733,0
6835,-0.584436819835,0
6836,-0.189503366095,0
6837,-0.481573875638,0
6838,-0.537561109326,0
6839,-0.644129189903,0
6840,-0.669594767198,0
6841,-0.265978198945,0
6842,-0.637976523922,0
6843,-0.681179081973,0
6844,-0.397887944404,0
6845,-0.378143966273,0
6846,-0.48874428695,0
6847,-0.360607039475,0
6848,-0.562433546505,0
6849,-0.700288124018,0
6850,-0.571038378332,0
6851,-0.318657706126,0
6852,-0.734753030196,0
6853,-0.589273748247,0
6854,-0.706223024627,0
6855,-0.447042281508,0
6856,-0.708761971902,0
6857,-0.317495143696,0
6858,-0.435016499865,0
6859,-0.587559004736,0
6860,-0.665080541842,0
6861,-0.348065115807,0
6862,-0.230368182479,0
6863,-0.218436992385,0
6864,-0.242221993787,0
6865,-0.26746476582,0
6866,-0.410065482464,0
6867,-0.238883027148,0
6868,-0.116086128061,0
6869,-0.326815605706,0
6870,-0.426004670803,0
6871,-0.108993965487,0
6872,-0.0837488006545,0
6873,-0.083890037983,0
6874,-0.239198679593,0
6875,-0.304455593299,0
6876,-0.0842648296729,0
6877,-0.0578313349124,0
6878,0.0703674432858,0
6879,-0.065295436466,0
6880,-0.136929170124,0
6881,-0.108429241318,0
6882,0.301428487197,0
6883,0.357896669079,0
6884,0.0124982881705,0
6885,0.462426283331,0
6886,0.403126048516,0
6887,0.538690167863,0
6888,0.495786071818,0
6889,0.619817091558,0
6890,0.639400211745,0
6891,0.294583436025,0
6892,0.513576715381,0
6893,0.606304649406,0
6894,0.443725184113,0
6895,0.566120690214,0
6896,0.508456366953,0
6897,0.860085308069,0
6898,0.993119101466,0
6899,0.862911303853,0
6900,0.74477952341,0
6901,0.977589137157,0
6902,0.998716770164,0
6903,0.881823489105,0
6904,0.887046628637,0
6905,1.24030105478,0
6906,1.35279754441,0
6907,1.06834501233,0
6908,1.44411953645,0
6909,1.07559297587,0
6910,1.53037612198,0
6911,1.28218902121,0
6912,1.41340061856,0
6913,1.30870429338,0
6914,1.49057095563,0
6915,1.61065716895,0
6916,1.71767180558,0
6917,1.44209179492,0
6918,1.81431244236,0
6919,1.58453156222,0
6920,1.60296348735,0
6921,1.58230669932,0
6922,1.85627229999,0
6923,1.66192537968,0
6924,1.69183154014,0
6925,1.71060128795,0
6926,1.77425461058,0
6927,1.89426169891,0
6928,2.16522187408,0
6929,2.01841718323,0
6930,1.89443396466,0
6931,2.23763110689,0
6932,2.22063021382,0
6933,1.91191362243,0
6934,2.20840491589,0
6935,2.34215698751,0
6936,2.34428234956,0
6937,2.04440705653,0
6938,2.39252577165,0
6939,2.03884293449,0
6940,2.3684349576,0
6941,2.43113001203,0
6942,2.26173584358,0
6943,2.28743064897,0
6944,2.0635073571,0
6945,2.14899603083,0
6946,2.47438775161,0
6947,2.41261163958,0
6948,2.33592519364,0
6949,2.07265641925,0
6950,2.09009603379,0
6951,2.32854442308,0
6952,2.46455584904,0
6953,2.3912664472,0
6954,2.25608872331,0
6955,2.22234267749,0
6956,2.2958155964,0
6957,2.26311438074,0
6958,2.17916731093,0
6959,1.99943173958,0
6960,2.24119678046,0
6961,1.97280621413,0
6962,2.14002091026,0
6963,1.9398825401,0
6964,2.24126353151,0
6965,1.94855398482,0
6966,2.14888777432,0
6967,1.94182084633,0
6968,1.94371082655,0
6969,2.15021700496,0
6970,1.7874359828,0
6971,1.89557071365,0
6972,1.73266742606,0
6973,2.03322863067,0
6974,1.74435723624,0
6975,1.63109429825,0
6976,1.89126950609,0
6977,1.97505137982,0
6978,1.6778331729,0
6979,1.87613844689,0
6980,1.67211393651,0
6981,1.82734061597,0
6982,1.7561968497,0
6983,1.33938570717,0
6984,1.63429388047,0
6985,1.68066857736,0
6986,1.25432434907,0
6987,1.2117352881,0
6988,1.52791584381,0
6989,1.50560374799,0
6990,1.19278968126,0
6991,1.21833418163,0
6992,0.981783061805,0
6993,1.0009803702,0
6994,1.25214772243,0
6995,1.2526378261,0
6996,1.07876468063,0
6997,1.16024485547,0
6998,0.786693529185,0
6999,1.07940942839,0
7000,0.981044525491,0
7001,1.04676682003,0
7002,1.26102781629,0
7003,1.06351503475,0
7004,0.886349605935,0
7005,0.735699681845,0
7006,1.01166353855,0
7007,0.644632068715,0
7008,0.715879948547,0
7009,0.757567403968,0
7010,0.899233355534,0
7011,0.643752356141,0
7012,0.730116180424,0
7013,0.510198458328,0
7014,0.405088303005,0
7015,0.680984794566,0
7016,0.432858228953,0
7017,0.218999040477,0
7018,0.223384826622,0
7019,0.38932200269,0
7020,0.501520605526,0
7021,0.134959143048,0
7022,0.234031811962,0
7023,0.00408829091499,0
7024,-0.0280243062414,0
7025,0.321963530986,0
7026,0.258384847009,0
7027,0.299164951887,0
7028,0.227285902692,0
7029,0.191397370038,0
7030,0.000273505732541,0
7031,-0.117061586397,0
7032,-0.126222796218,0
7033,0.088351071458,0
7034,-0.291551816281,0
7035,-0.312749379383,0
7036,0.0821840743568,0
7037,-0.209886435186,0
7038,-0.265873668873,0
7039,-0.372441749451,0
7040,-0.397907326746,0
7041,0.00570924150737,0
7042,-0.36628908347,0
7043,-0.409491641521,0
7044,-0.126200503951,0
7045,-0.106456525821,0
7046,-0.217056846497,0
7047,-0.0889195990231,0
7048,-0.290746106053,0
7049,-0.428600683566,0
7050,-0.29935093788,0
7051,-0.0469702656733,0
7052,-0.463065589744,0
7053,-0.317586307795,0
7054,-0.434535584175,0
7055,-0.175354841055,0
7056,-0.43707453145,0
7057,-0.0458077032438,0
7058,-0.163329059413,0
7059,-0.315871564284,0
7060,-0.393393101389,0
7061,-0.0763776753551,0
7062,0.0413192579735,0
7063,0.0532504480677,0
7064,0.0294654466654,0
7065,0.0042226746322,0
7066,-0.138378042012,0
7067,0.0328044133042,0
7068,0.155601312391,0
7069,-0.055128165254,0
7070,-0.154317230351,0
7071,0.162693474965,0
7072,0.187938639798,0
7073,0.187797402469,0
7074,0.032488760859,0
7075,-0.0327681528464,0
7076,0.187422610779,0
7077,0.21385610554,0
7078,0.342054883738,0
7079,0.206392003986,0
7080,0.134758270328,0
7081,0.163258199134,0
7082,0.573115927649,0
7083,0.629584109531,0
7084,0.284185728623,0
7085,0.734113723783,0
7086,0.674813488968,0
7087,0.810377608315,0
7088,0.767473512271,0
7089,0.89150453201,0
7090,0.911087652197,0
7091,0.566270876477,0
7092,0.785264155833,0
7093,0.877992089858,0
7094,0.715412624565,0
7095,0.837808130666,0
7096,0.780143807405,0
7097,1.13177274852,0
7098,1.26480654192,0
7099,1.13459874431,0
7100,1.01646696386,0
7101,1.24927657761,0
7102,1.27040421062,0
7103,1.15351092956,0
7104,1.15873406909,0
7105,1.51198849523,0
7106,1.62448498486,0
7107,1.34003245279,0
7108,1.7158069769,0
7109,1.34728041632,0
7110,1.80206356243,0
7111,1.55387646166,0
7112,1.68508805901,0
7113,1.58039173383,0
7114,1.76225839609,0
7115,1.88234460941,0
7116,1.98935924603,0
7117,1.71377923537,0
7118,2.08599988281,0
7119,1.85621900267,0
7120,1.87465092781,0
7121,1.85399413978,0
7122,2.12795974044,0
7123,1.93361282013,0
7124,1.96351898059,0
7125,1.9822887284,0
7126,2.04594205103,0
7127,2.16594913937,0
7128,2.43690931453,0
7129,2.29010462369,0
7130,2.16612140511,0
7131,2.50931854734,0
7132,2.49231765428,0
7133,2.18360106289,0
7134,2.48009235634,0
7135,2.61384442796,0
7136,2.61596979001,0
7137,2.31609449698,0
7138,2.6642132121,0
7139,2.31053037494,0
7140,2.64012239805,0
7141,2.70281745248,0
7142,2.53342328403,0
7143,2.55911808942,0
7144,2.33519479755,0
7145,2.42068347128,0
7146,2.74607519206,0
7147,2.68429908004,0
7148,2.60761263409,0
7149,2.3443438597,0
7150,2.36178347424,0
7151,2.60023186353,0
7152,2.73624328949,0
7153,2.66295388765,0
7154,2.52777616377,0
7155,2.49403011794,0
7156,2.56750303685,0
7157,2.5348018212,0
7158,2.45085475138,0
7159,2.27111918003,0
7160,2.51288422091,0
7161,2.24449365459,0
7162,2.41170835071,0
7163,2.21156998055,0
7164,2.51295097196,0
7165,2.22024142527,0
7166,2.42057521478,0
7167,2.21350828678,0
7168,2.215398267,0
7169,2.42190444541,0
7170,2.05912342325,0
7171,2.1672581541,0
7172,2.00435486651,0
7173,2.30491607112,0
7174,2.01604467669,0
7175,1.9027817387,0
7176,2.16295694654,0
7177,2.24673882027,0
7178,1.94952061335,0
7179,2.14782588734,0
7180,1.94380137696,0
7181,2.09902805642,0
7182,2.02788429015,0
7183,1.61107314762,0
7184,1.90598132092,0
7185,1.95235601781,0
7186,1.52601178953,0
7187,1.48342272855,0
7188,1.79960328427,0
7189,1.77729118844,0
7190,1.46447712171,0
7191,1.49002162208,0
7192,1.25347050226,0
7193,1.27266781065,0
7194,1.52383516288,0
7195,1.52432526655,0
7196,1.35045212108,0
7197,1.43193229592,0
7198,1.05838096964,0
7199,1.35109686885,0
7200,1.16875154531,0
7201,1.23447383984,0
7202,1.44873483611,0
7203,1.25122205457,0
7204,1.07405662575,0
7205,0.923406701661,0
7206,1.19937055836,0
7207,0.83233908853,0
7208,0.903586968362,0
7209,0.945274423784,0
7210,1.08694037535,0
7211,0.831459375957,0
7212,0.91782320024,0
7213,0.697905478144,0
7214,0.592795322821,0
7215,0.868691814382,0
7216,0.620565248769,0
7217,0.406706060293,0
7218,0.411091846438,0
7219,0.577029022505,0
7220,0.689227625342,0
7221,0.322666162864,0
7222,0.421738831778,0
7223,0.191795310731,0
7224,0.159682713574,0
7225,0.509670550802,0
7226,0.446091866824,0
7227,0.486871971702,0
7228,0.414992922508,0
7229,0.379104389854,0
7230,0.187980525548,0
7231,0.0706454334187,0
7232,0.0614842235975,0
7233,0.276058091274,0
7234,-0.103844796465,0
7235,-0.125042359567,0
7236,0.269891094173,0
7237,-0.0221794153698,0
7238,-0.0781666490575,0
7239,-0.184734729635,0
7240,-0.21020030693,0
7241,0.193416261323,0
7242,-0.178582063654,0
7243,-0.221784621705,0
7244,0.0615065158643,0
7245,0.0812504939946,0
7246,-0.0293498266815,0
7247,0.0987874207927,0
7248,-0.103039086237,0
7249,-0.24089366375,0
7250,-0.111643918064,0
7251,0.140736754142,0
7252,-0.275358569928,0
7253,-0.129879287979,0
7254,-0.246828564359,0
7255,0.0123521787604,0
7256,-0.249367511634,0
7257,0.141899316572,0
7258,0.0243779604027,0
7259,-0.128164544468,0
7260,-0.205686081574,0
7261,0.111329344461,0
7262,0.229026277789,0
7263,0.240957467883,0
7264,0.217172466481,0
7265,0.191929694448,0
7266,0.049328977804,0
7267,0.22051143312,0
7268,0.343308332207,0
7269,0.132578854562,0
7270,0.0333897894651,0
7271,0.350400494781,0
7272,0.375645659613,0
7273,0.375504422285,0
7274,0.220195780675,0
7275,0.154938866969,0
7276,0.375129630595,0
7277,0.401563125356,0
7278,0.529761903554,0
7279,0.394099023802,0
7280,0.322465290144,0
7281,0.35096521895,0
7282,0.760822947465,0
7283,0.817291129347,0
7284,0.471892748438,0
7285,0.921820743599,0
7286,0.862520508784,0
7287,0.998084628131,0
7288,0.955180532086,0
7289,1.07921155183,0
7290,1.09879467201,0
7291,0.753977896293,0
7292,0.972971175649,0
7293,1.06569910967,0
7294,0.903119644381,0
7295,1.02551515048,0
7296,0.967850827221,0
7297,1.31947976834,0
7298,1.45251356173,0
7299,1.32230576412,0
7300,1.20417398368,0
7301,1.43698359743,0
7302,1.45811123043,0
7303,1.34121794937,0
7304,1.34644108891,0
7305,1.69969551504,0
7306,1.81219200468,0
7307,1.5277394726,0
7308,1.90351399671,0
7309,1.53498743614,0
7310,1.98977058225,0
7311,1.74158348148,0
7312,1.87279507883,0
7313,1.76809875365,0
7314,1.9499654159,0
7315,2.07005162922,0
7316,2.17706626585,0
7317,1.90148625518,0
7318,2.27370690263,0
7319,2.04392602248,0
7320,2.06235794762,0
7321,2.04170115959,0
7322,2.31566676026,0
7323,2.12131983995,0
7324,2.15122600041,0
7325,2.16999574821,0
7326,2.23364907085,0
7327,2.35365615918,0
7328,2.62461633435,0
7329,2.4778116435,0
7330,2.35382842493,0
7331,2.69702556715,0
7332,2.68002467409,0
7333,2.3713080827,0
7334,2.66779937615,0
7335,2.80155144778,0
7336,2.80367680983,0
7337,2.5038015168,0
7338,2.85192023192,0
7339,2.49823739476,0
7340,2.82782941786,0
7341,2.89052447229,0
7342,2.72113030385,0
7343,2.74682510923,0
7344,2.52290181736,0
7345,2.6083904911,0
7346,2.93378221188,0
7347,2.87200609985,0
7348,2.7953196539,0
7349,2.53205087952,0
7350,2.54949049405,0
7351,2.78793888335,0
7352,2.9239503093,0
7353,2.85066090747,0
7354,2.71548318358,0
7355,2.68173713776,0
7356,2.75521005667,0
7357,2.72250884101,0
7358,2.6385617712,0
7359,2.45882619984,0
7360,2.70059124073,0
7361,2.4322006744,0
7362,2.59941537053,0
7363,2.39927700037,0
7364,2.70065799177,0
7365,2.40794844509,0
7366,2.60828223459,0
7367,2.4012153066,0
7368,2.40310528682,0
7369,2.60961146523,0
7370,2.24683044307,0
7371,2.35496517391,0
7372,2.19206188633,0
7373,2.49262309093,0
7374,2.20375169651,0
7375,2.09048875852,0
7376,2.35066396635,0
7377,2.43444584009,0
7378,2.13722763317,0
7379,2.33553290716,0
7380,2.13150839678,0
7381,2.28673507624,0
7382,2.21559130997,0
7383,1.79878016743,0
7384,2.09368834074,0
7385,2.14006303763,0
7386,1.71371880934,0
7387,1.67112974837,0
7388,1.98731030408,0
7389,1.96499820826,0
7390,1.65218414153,0
7391,1.6777286419,0
7392,1.44117752207,0
7393,1.46037483047,0
7394,1.7115421827,0
7395,1.71203228637,0
7396,1.53815914089,0
7397,1.61963931574,0
7398,1.24608798945,0
7399,1.53880388866,0
7400,1.39317480437,0
7401,1.45889709891,0
7402,1.67315809517,0
7403,1.47564531363,0
7404,1.29847988482,0
7405,1.14782996073,0
7406,1.42379381743,0
7407,1.0567623476,0
7408,1.12801022743,0
7409,1.16969768285,0
7410,1.31136363441,0
7411,1.05588263502,0
7412,1.14224645931,0
7413,0.922328737209,0
7414,0.817218581886,0
7415,1.09311507345,0
7416,0.844988507834,0
7417,0.631129319358,0
7418,0.635515105503,0
7419,0.801452281571,0
7420,0.913650884407,0
7421,0.547089421929,0
7422,0.646162090843,0
7423,0.416218569796,0
7424,0.38410597264,0
7425,0.734093809867,0
7426,0.67051512589,0
7427,0.711295230768,0
7428,0.639416181573,0
7429,0.603527648919,0
7430,0.412403784614,0
7431,0.295068692484,0
7432,0.285907482663,0
7433,0.500481350339,0
7434,0.1205784626,0
7435,0.0993808994978,0
7436,0.494314353238,0
7437,0.202243843695,0
7438,0.146256610008,0
7439,0.03968852943,0
7440,0.0142229521353,0
7441,0.417839520388,0
7442,0.0458411954113,0
7443,0.00263863736047,0
7444,0.28592977493,0
7445,0.30567375306,0
7446,0.195073432384,0
7447,0.323210679858,0
7448,0.121384172828,0
7449,-0.0164704046847,0
7450,0.112779341001,0
7451,0.365160013208,0
7452,-0.050935310863,0
7453,0.0945439710862,0
7454,-0.0224053052943,0
7455,0.236775437826,0
7456,-0.0249442525686,0
7457,0.366322575637,0
7458,0.248801219468,0
7459,0.0962587145973,0
7460,0.0187371774916,0
7461,0.335752603526,0
7462,0.453449536854,0
7463,0.465380726949,0
7464,0.441595725546,0
7465,0.416352953513,0
7466,0.273752236869,0
7467,0.444934692185,0
7468,0.567731591272,0
7469,0.357002113627,0
7470,0.25781304853,0
7471,0.574823753846,0
7472,0.600068918679,0
7473,0.59992768135,0
7474,0.44461903974,0
7475,0.379362126035,0
7476,0.59955288966,0
7477,0.625986384421,0
7478,0.754185162619,0
7479,0.618522282867,0
7480,0.546888549209,0
7481,0.575388478015,0
7482,0.98524620653,0
7483,1.04171438841,0
7484,0.696316007504,0
7485,1.14624400266,0
7486,1.08694376785,0
7487,1.2225078872,0
7488,1.17960379115,0
7489,1.30363481089,0
7490,1.32321793108,0
7491,0.978401155358,0
7492,1.19739443471,0
7493,1.29012236874,0
7494,1.12754290345,0
7495,1.24993840955,0
7496,1.19227408629,0
7497,1.5439030274,0
7498,1.6769368208,0
7499,1.54672902319,0
7500,1.42859724274,0
7501,1.66140685649,0
7502,1.6825344895,0
7503,1.56564120844,0
7504,1.57086434797,0
7505,1.92411877411,0
7506,2.03661526374,0
7507,1.75216273167,0
7508,2.12793725578,0
7509,1.7594106952,0
7510,2.21419384132,0
7511,1.96600674054,0
7512,2.09721833789,0
7513,1.99252201271,0
7514,2.17438867497,0
7515,2.29447488829,0
7516,2.40148952491,0
7517,2.12590951425,0
7518,2.49813016169,0
7519,2.26834928155,0
7520,2.28678120669,0
7521,2.26612441866,0
7522,2.54009001932,0
7523,2.34574309901,0
7524,2.37564925947,0
7525,2.39441900728,0
7526,2.45807232991,0
7527,2.57807941825,0
7528,2.84903959341,0
7529,2.70223490257,0
7530,2.57825168399,0
7531,2.92144882622,0
7532,2.90444793316,0
7533,2.59573134177,0
7534,2.89222263522,0
7535,3.02597470685,0
7536,3.0281000689,0
7537,2.72822477586,0
7538,3.07634349098,0
7539,2.72266065382,0
7540,3.05225267693,0
7541,3.11494773136,0
7542,2.94555356291,0
7543,2.9712483683,0
7544,2.74732507643,0
7545,2.83281375016,0
7546,3.15820547095,0
7547,3.09642935892,0
7548,3.01974291297,0
7549,2.75647413858,0
7550,2.77391375312,0
7551,3.01236214241,0
7552,3.14837356837,0
7553,3.07508416654,0
7554,2.93990644265,0
7555,2.90616039682,0
7556,2.97963331573,0
7557,2.94693210008,0
7558,2.86298503026,0
7559,2.68324945891,0
7560,2.92501449979,0
7561,2.65662393347,0
7562,2.82383862959,0
7563,2.62370025943,0
7564,2.92508125084,0
7565,2.63237170415,0
7566,2.83270549366,0
7567,2.62563856566,0
7568,2.62752854588,0
7569,2.83403472429,0
7570,2.47125370213,0
7571,2.57938843298,0
7572,2.41648514539,0
7573,2.71704635,0
7574,2.42817495557,0
7575,2.31491201758,0
7576,2.57508722542,0
7577,2.65886909915,0
7578,2.36165089223,0
7579,2.55995616622,0
7580,2.35593165584,0
7581,2.5111583353,0
7582,2.44001456903,0
7583,2.0232034265,0
7584,2.31811159981,0
7585,2.36448629669,0
7586,1.93814206841,0
7587,1.89555300744,0
7588,2.21173356315,0
7589,2.18942146733,0
7590,1.87660740059,0
7591,1.90215190096,0
7592,1.66560078114,0
7593,1.68479808953,0
7594,1.93596544177,0
7595,1.93645554543,0
7596,1.76258239996,0
7597,1.8440625748,0
7598,1.47051124852,0
7599,1.76322714773,0
7600,1.38019021089,0
7601,1.44591250543,0
7602,1.66017350169,0
7603,1.46266072016,0
7604,1.28549529134,0
7605,1.13484536725,0
7606,1.41080922395,0
7607,1.04377775412,0
7608,1.11502563395,0
7609,1.15671308937,0
7610,1.29837904094,0
7611,1.04289804154,0
7612,1.12926186583,0
7613,0.909344143732,0
7614,0.804233988409,0
7615,1.08013047997,0
7616,0.832003914356,0
7617,0.618144725881,0
7618,0.622530512025,0
7619,0.788467688093,0
7620,0.900666290929,0
7621,0.534104828451,0
7622,0.633177497365,0
7623,0.403233976318,0
7624,0.371121379162,0
7625,0.72110921639,0
7626,0.657530532412,0
7627,0.69831063729,0
7628,0.626431588095,0
7629,0.590543055441,0
7630,0.399419191136,0
7631,0.282084099006,0
7632,0.272922889185,0
7633,0.487496756861,0
7634,0.107593869122,0
7635,0.0863963060201,0
7636,0.48132975976,0
7637,0.189259250218,0
7638,0.13327201653,0
7639,0.0267039359522,0
7640,0.00123835865762,0
7641,0.404854926911,0
7642,0.0328566019336,0
7643,-0.0103459561173,0
7644,0.272945181452,0
7645,0.292689159582,0
7646,0.182088838906,0
7647,0.31022608638,0
7648,0.10839957935,0
7649,-0.0294549981624,0
7650,0.0997947475233,0
7651,0.35217541973,0
7652,-0.0639199043408,0
7653,0.0815593776085,0
7654,-0.035389898772,0
7655,0.223790844348,0
7656,-0.0379288460463,0
7657,0.353337982159,0
7658,0.23581662599,0
7659,0.0832741211196,0
7660,0.00575258401386,0
7661,0.322768010048,0
7662,0.440464943377,0
7663,0.452396133471,0
7664,0.428611132069,0
7665,0.403368360035,0
7666,0.260767643392,0
7667,0.431950098708,0
7668,0.554746997794,0
7669,0.344017520149,0
7670,0.244828455053,0
7671,0.561839160369,0
7672,0.587084325201,0
7673,0.586943087872,0
7674,0.431634446262,0
7675,0.366377532557,0
7676,0.586568296183,0
7677,0.613001790943,0
7678,0.741200569141,0
7679,0.605537689389,0
7680,0.533903955731,0
7681,0.562403884538,0
7682,0.972261613052,0
7683,1.02872979493,0
7684,0.683331414026,0
7685,1.13325940919,0
7686,1.07395917437,0
7687,1.20952329372,0
7688,1.16661919767,0
7689,1.29065021741,0
7690,1.3102333376,0
7691,0.965416561881,0
7692,1.18440984124,0
7693,1.27713777526,0
7694,1.11455830997,0
7695,1.23695381607,0
7696,1.17928949281,0
7697,1.53091843392,0
7698,1.66395222732,0
7699,1.53374442971,0
7700,1.41561264927,0
7701,1.64842226301,0
7702,1.66954989602,0
7703,1.55265661496,0
7704,1.55787975449,0
7705,1.91113418063,0
7706,2.02363067027,0
7707,1.73917813819,0
7708,2.1149526623,0
7709,1.74642610173,0
7710,2.20120924784,0
7711,1.95302214706,0
7712,2.08423374441,0
7713,1.97953741923,0
7714,2.16140408149,0
7715,2.28149029481,0
7716,2.38850493143,0
7717,2.11292492077,0
7718,2.48514556822,0
7719,2.25536468807,0
7720,2.27379661321,0
7721,2.25313982518,0
7722,2.52710542585,0
7723,2.33275850554,0
7724,2.362664666,0
7725,2.3814344138,0
7726,2.44508773643,0
7727,2.56509482477,0
7728,2.83605499994,0
7729,2.68925030909,0
7730,2.56526709052,0
7731,2.90846423274,0
7732,2.89146333968,0
7733,2.58274674829,0
7734,2.87923804174,0
7735,3.01299011337,0
7736,3.01511547542,0
7737,2.71524018238,0
7738,3.06335889751,0
7739,2.70967606034,0
7740,3.03926808345,0
7741,3.10196313788,0
7742,2.93256896943,0
7743,2.95826377482,0
7744,2.73434048295,0
7745,2.81982915669,0
7746,3.14522087747,0
7747,3.08344476544,0
7748,3.00675831949,0
7749,2.7434895451,0
7750,2.76092915964,0
7751,2.99937754893,0
7752,3.13538897489,0
7753,3.06209957306,0
7754,2.92692184917,0
7755,2.89317580334,0
7756,2.96664872225,0
7757,2.9339475066,0
7758,2.85000043678,0
7759,2.67026486543,0
7760,2.91202990631,0
7761,2.64363933999,0
7762,2.81085403611,0
7763,2.61071566595,0
7764,2.91209665736,0
7765,2.61938711068,0
7766,2.81972090018,0
7767,2.61265397218,0
7768,2.6145439524,0
7769,2.82105013081,0
7770,2.45826910866,0
7771,2.5664038395,0
7772,2.40350055192,0
7773,2.70406175652,0
7774,2.41519036209,0
7775,2.30192742411,0
7776,2.56210263194,0
7777,2.64588450568,0
7778,2.34866629876,0
7779,2.54697157274,0
7780,2.34294706237,0
7781,2.49817374182,0
7782,2.42702997556,0
7783,2.01021883302,0
7784,2.30512700633,0
7785,2.35150170322,0
7786,1.92515747493,0
7787,1.88256841396,0
7788,2.19874896967,0
7789,2.17643687385,0
7790,1.86362280711,0
7791,1.88916730748,0
7792,1.65261618766,0
7793,1.67181349606,0
7794,1.92298084829,0
7795,1.92347095196,0
7796,1.74959780648,0
7797,1.83107798132,0
7798,1.45752665504,0
7799,1.75024255425,0
7800,1.52653508781,0
7801,1.59225738235,0
7802,1.80651837861,0
7803,1.60900559707,0
7804,1.43184016826,0
7805,1.28119024417,0
7806,1.55715410087,0
7807,1.19012263103,0
7808,1.26137051087,0
7809,1.30305796629,0
7810,1.44472391785,0
7811,1.18924291846,0
7812,1.27560674274,0
7813,1.05568902065,0
7814,0.950578865326,0
7815,1.22647535689,0
7816,0.978348791273,0
7817,0.764489602798,0
7818,0.768875388942,0
7819,0.93481256501,0
7820,1.04701116785,0
7821,0.680449705368,0
7822,0.779522374283,0
7823,0.549578853235,0
7824,0.517466256079,0
7825,0.867454093307,0
7826,0.803875409329,0
7827,0.844655514207,0
7828,0.772776465013,0
7829,0.736887932359,0
7830,0.545764068053,0
7831,0.428428975923,0
7832,0.419267766102,0
7833,0.633841633778,0
7834,0.253938746039,0
7835,0.232741182937,0
7836,0.627674636677,0
7837,0.335604127135,0
7838,0.279616893447,0
7839,0.173048812869,0
7840,0.147583235575,0
7841,0.551199803828,0
7842,0.179201478851,0
7843,0.1359989208,0
7844,0.419290058369,0
7845,0.439034036499,0
7846,0.328433715823,0
7847,0.456570963297,0
7848,0.254744456267,0
7849,0.116889878755,0
7850,0.24613962444,0
7851,0.498520296647,0
7852,0.0824249725763,0
7853,0.227904254526,0
7854,0.110954978145,0
7855,0.370135721265,0
7856,0.108416030871,0
7857,0.499682859077,0
7858,0.382161502907,0
7859,0.229618998037,0
7860,0.152097460931,0
7861,0.469112886965,0
7862,0.586809820294,0
7863,0.598741010388,0
7864,0.574956008986,0
7865,0.549713236953,0
7866,0.407112520309,0
7867,0.578294975625,0
7868,0.701091874712,0
7869,0.490362397066,0
7870,0.39117333197,0
7871,0.708184037286,0
7872,0.733429202118,0
7873,0.73328796479,0
7874,0.577979323179,0
7875,0.512722409474,0
7876,0.7329131731,0
7877,0.75934666786,0
7878,0.887545446058,0
7879,0.751882566307,0
7880,0.680248832648,0
7881,0.708748761455,0
7882,1.11860648997,0
7883,1.17507467185,0
7884,0.829676290943,0
7885,1.2796042861,0
7886,1.22030405129,0
7887,1.35586817064,0
7888,1.31296407459,0
7889,1.43699509433,0
7890,1.45657821452,0
7891,1.1117614388,0
7892,1.33075471815,0
7893,1.42348265218,0
7894,1.26090318689,0
7895,1.38329869299,0
7896,1.32563436973,0
7897,1.67726331084,0
7898,1.81029710424,0
7899,1.68008930663,0
7900,1.56195752618,0
7901,1.79476713993,0
7902,1.81589477294,0
7903,1.69900149188,0
7904,1.70422463141,0
7905,2.05747905755,0
7906,2.16997554718,0
7907,1.88552301511,0
7908,2.26129753922,0
7909,1.89277097864,0
7910,2.34755412475,0
7911,2.09936702398,0
7912,2.23057862133,0
7913,2.12588229615,0
7914,2.30774895841,0
7915,2.42783517173,0
7916,2.53484980835,0
7917,2.25926979769,0
7918,2.63149044513,0
7919,2.40170956499,0
7920,2.42014149013,0
7921,2.3994847021,0
7922,2.67345030276,0
7923,2.47910338245,0
7924,2.50900954291,0
7925,2.52777929072,0
7926,2.59143261335,0
7927,2.71143970169,0
7928,2.98239987685,0
7929,2.83559518601,0
7930,2.71161196743,0
7931,3.05480910966,0
7932,3.0378082166,0
7933,2.72909162521,0
7934,3.02558291866,0
7935,3.15933499028,0
7936,3.16146035233,0
7937,2.8615850593,0
7938,3.20970377442,0
7939,2.85602093726,0
7940,3.18561296037,0
7941,3.2483080148,0
7942,3.07891384635,0
7943,3.10460865174,0
7944,2.88068535987,0
7945,2.9661740336,0
7946,3.29156575438,0
7947,3.22978964236,0
7948,3.15310319641,0
7949,2.88983442202,0
7950,2.90727403656,0
7951,3.14572242585,0
7952,3.28173385181,0
7953,3.20844444998,0
7954,3.07326672609,0
7955,3.03952068026,0
7956,3.11299359917,0
7957,3.08029238352,0
7958,2.9963453137,0
7959,2.81660974235,0
7960,3.05837478323,0
7961,2.78998421691,0
7962,2.95719891303,0
7963,2.75706054287,0
7964,3.05844153428,0
7965,2.76573198759,0
7966,2.9660657771,0
7967,2.7589988491,0
7968,2.76088882932,0
7969,2.96739500773,0
7970,2.60461398557,0
7971,2.71274871642,0
7972,2.54984542883,0
7973,2.85040663344,0
7974,2.56153523901,0
7975,2.44827230102,0
7976,2.70844750886,0
7977,2.79222938259,0
7978,2.49501117567,0
7979,2.69331644966,0
7980,2.48929193928,0
7981,2.64451861874,0
7982,2.57337485247,0
7983,2.15656370994,0
7984,2.45147188324,0
7985,2.49784658013,0
7986,2.07150235185,0
7987,2.02891329088,0
7988,2.34509384659,0
7989,2.32278175076,0
7990,2.00996768403,0
7991,2.0355121844,0
7992,1.79896106458,0
7993,1.81815837297,0
7994,2.0693257252,0
7995,2.06981582887,0
7996,1.8959426834,0
7997,1.97742285824,0
7998,1.60387153196,0
7999,1.89658743117,0
8000,1.45363628981,0
8001,1.51935858435,0
8002,1.73361958061,0
8003,1.53610679908,0
8004,1.35894137026,0
8005,1.20829144617,0
8006,1.48425530287,0
8007,1.11722383304,0
8008,1.18847171287,0
8009,1.23015916829,0
8010,1.37182511986,0
8011,1.11634412046,0
8012,1.20270794475,0
8013,0.982790222651,0
8014,0.877680067328,0
8015,1.15357655889,0
8016,0.905449993276,0
8017,0.6915908048,0
8018,0.695976590944,0
8019,0.861913767012,0
8020,0.974112369849,0
8021,0.607550907371,0
8022,0.706623576285,0
8023,0.476680055238,0
8024,0.444567458081,0
8025,0.794555295309,0
8026,0.730976611331,0
8027,0.771756716209,0
8028,0.699877667015,0
8029,0.663989134361,0
8030,0.472865270055,0
8031,0.355530177926,0
8032,0.346368968104,0
8033,0.560942835781,0
8034,0.181039948041,0
8035,0.159842384939,0
8036,0.554775838679,0
8037,0.262705329137,0
8038,0.206718095449,0
8039,0.100150014872,0
8040,0.074684437577,0
8041,0.47830100583,0
8042,0.106302680853,0
8043,0.0631001228021,0
8044,0.346391260371,0
8045,0.366135238501,0
8046,0.255534917825,0
8047,0.3836721653,0
8048,0.181845658269,0
8049,0.043991080757,0
8050,0.173240826443,0
8051,0.425621498649,0
8052,0.00952617457862,0
8053,0.155005456528,0
8054,0.0380561801474,0
8055,0.297236923267,0
8056,0.0355172328731,0
8057,0.426784061079,0
8058,0.30926270491,0
8059,0.156720200039,0
8060,0.0791986629333,0
8061,0.396214088968,0
8062,0.513911022296,0
8063,0.52584221239,0
8064,0.502057210988,0
8065,0.476814438955,0
8066,0.334213722311,0
8067,0.505396177627,0
8068,0.628193076714,0
8069,0.417463599069,0
8070,0.318274533972,0
8071,0.635285239288,0
8072,0.66053040412,0
8073,0.660389166792,0
8074,0.505080525182,0
8075,0.439823611476,0
8076,0.660014375102,0
8077,0.686447869862,0
8078,0.814646648061,0
8079,0.678983768309,0
8080,0.60735003465,0
8081,0.635849963457,0
8082,1.04570769197,0
8083,1.10217587385,0
8084,0.756777492945,0
8085,1.20670548811,0
8086,1.14740525329,0
8087,1.28296937264,0
8088,1.24006527659,0
8089,1.36409629633,0
8090,1.38367941652,0
8091,1.0388626408,0
8092,1.25785592016,0
8093,1.35058385418,0
8094,1.18800438889,0
8095,1.31039989499,0
8096,1.25273557173,0
8097,1.60436451284,0
8098,1.73739830624,0
8099,1.60719050863,0
8100,1.48905872818,0
8101,1.72186834193,0
8102,1.74299597494,0
8103,1.62610269388,0
8104,1.63132583341,0
8105,1.98458025955,0
8106,2.09707674918,0
8107,1.81262421711,0
8108,2.18839874122,0
8109,1.81987218064,0
8110,2.27465532676,0
8111,2.02646822598,0
8112,2.15767982333,0
8113,2.05298349815,0
8114,2.23485016041,0
8115,2.35493637373,0
8116,2.46195101035,0
8117,2.18637099969,0
8118,2.55859164713,0
8119,2.32881076699,0
8120,2.34724269213,0
8121,2.3265859041,0
8122,2.60055150477,0
8123,2.40620458446,0
8124,2.43611074491,0
8125,2.45488049272,0
8126,2.51853381535,0
8127,2.63854090369,0
8128,2.90950107886,0
8129,2.76269638801,0
8130,2.63871316943,0
8131,2.98191031166,0
8132,2.9649094186,0
8133,2.65619282721,0
8134,2.95268412066,0
8135,3.08643619229,0
8136,3.08856155434,0
8137,2.7886862613,0
8138,3.13680497643,0
8139,2.78312213926,0
8140,3.11271416237,0
8141,3.1754092168,0
8142,3.00601504835,0
8143,3.03170985374,0
8144,2.80778656187,0
8145,2.8932752356,0
8146,3.21866695639,0
8147,3.15689084436,0
8148,3.08020439841,0
8149,2.81693562402,0
8150,2.83437523856,0
8151,3.07282362785,0
8152,3.20883505381,0
8153,3.13554565198,0
8154,3.00036792809,0
8155,2.96662188226,0
8156,3.04009480117,0
8157,3.00739358552,0
8158,2.9234465157,0
8159,2.74371094435,0
8160,2.98547598523,0
8161,2.71708541891,0
8162,2.88430011503,0
8163,2.68416174487,0
8164,2.98554273628,0
8165,2.6928331896,0
8166,2.8931669791,0
8167,2.6861000511,0
8168,2.68799003132,0
8169,2.89449620973,0
8170,2.53171518758,0
8171,2.63984991842,0
8172,2.47694663084,0
8173,2.77750783544,0
8174,2.48863644101,0
8175,2.37537350303,0
8176,2.63554871086,0
8177,2.7193305846,0
8178,2.42211237767,0
8179,2.62041765166,0
8180,2.41639314129,0
8181,2.57161982074,0
8182,2.50047605447,0
8183,2.08366491194,0
8184,2.37857308525,0
8185,2.42494778214,0
8186,1.99860355385,0
8187,1.95601449288,0
8188,2.27219504859,0
8189,2.24988295277,0
8190,1.93706888603,0
8191,1.9626133864,0
8192,1.72606226658,0
8193,1.74525957498,0
8194,1.99642692721,0
8195,1.99691703088,0
8196,1.8230438854,0
8197,1.90452406024,0
8198,1.53097273396,0
8199,1.82368863317,0
8200,1.43279446139,0
8201,1.49851675593,0
8202,1.71277775219,0
8203,1.51526497066,0
8204,1.33809954184,0
8205,1.18744961775,0
8206,1.46341347445,0
8207,1.09638200462,0
8208,1.16762988445,0
8209,1.20931733987,0
8210,1.35098329144,0
8211,1.09550229204,0
8212,1.18186611633,0
8213,0.961948394231,0
8214,0.856838238908,0
8215,1.13273473047,0
8216,0.884608164856,0
8217,0.67074897638,0
8218,0.675134762525,0
8219,0.841071938592,0
8220,0.953270541429,0
8221,0.586709078951,0
8222,0.685781747865,0
8223,0.455838226818,0
8224,0.423725629661,0
8225,0.773713466889,0
8226,0.710134782911,0
8227,0.750914887789,0
8228,0.679035838595,0
8229,0.643147305941,0
8230,0.452023441635,0
8231,0.334688349506,0
8232,0.325527139685,0
8233,0.540101007361,0
8234,0.160198119622,0
8235,0.13900055652,0
8236,0.53393401026,0
8237,0.241863500717,0
8238,0.185876267029,0
8239,0.0793081864518,0
8240,0.0538426091571,0
8241,0.45745917741,0
8242,0.0854608524331,0
8243,0.0422582943823,0
8244,0.325549431951,0
8245,0.345293410082,0
8246,0.234693089405,0
8247,0.36283033688,0
8248,0.16100382985,0
8249,0.0231492523371,0
8250,0.152398998023,0
8251,0.404779670229,0
8252,-0.0113156538412,0
8253,0.134163628108,0
8254,0.0172143517275,0
8255,0.276395094847,0
8256,0.0146754044532,0
8257,0.405942232659,0
8258,0.28842087649,0
8259,0.135878371619,0
8260,0.0583568345134,0
8261,0.375372260548,0
8262,0.493069193876,0
8263,0.505000383971,0
8264,0.481215382568,0
8265,0.455972610535,0
8266,0.313371893891,0
8267,0.484554349207,0
8268,0.607351248294,0
8269,0.396621770649,0
8270,0.297432705552,0
8271,0.614443410868,0
8272,0.6396885757,0
8273,0.639547338372,0
8274,0.484238696762,0
8275,0.418981783056,0
8276,0.639172546682,0
8277,0.665606041443,0
8278,0.793804819641,0
8279,0.658141939889,0
8280,0.586508206231,0
8281,0.615008135037,0
8282,1.02486586355,0
8283,1.08133404543,0
8284,0.735935664526,0
8285,1.18586365969,0
8286,1.12656342487,0
8287,1.26212754422,0
8288,1.21922344817,0
8289,1.34325446791,0
8290,1.3628375881,0
8291,1.01802081238,0
8292,1.23701409174,0
8293,1.32974202576,0
8294,1.16716256047,0
8295,1.28955806657,0
8296,1.23189374331,0
8297,1.58352268442,0
8298,1.71655647782,0
8299,1.58634868021,0
8300,1.46821689976,0
8301,1.70102651351,0
8302,1.72215414652,0
8303,1.60526086546,0
8304,1.61048400499,0
8305,1.96373843113,0
8306,2.07623492076,0
8307,1.79178238869,0
8308,2.1675569128,0
8309,1.79903035222,0
8310,2.25381349834,0
8311,2.00562639756,0
8312,2.13683799491,0
8313,2.03214166973,0
8314,2.21400833199,0
8315,2.33409454531,0
8316,2.44110918193,0
8317,2.16552917127,0
8318,2.53774981871,0
8319,2.30796893857,0
8320,2.32640086371,0
8321,2.30574407568,0
8322,2.57970967635,0
8323,2.38536275604,0
8324,2.4152689165,0
8325,2.4340386643,0
8326,2.49769198693,0
8327,2.61769907527,0
8328,2.88865925044,0
8329,2.74185455959,0
8330,2.61787134101,0
8331,2.96106848324,0
8332,2.94406759018,0
8333,2.63535099879,0
8334,2.93184229224,0
8335,3.06559436387,0
8336,3.06771972592,0
8337,2.76784443288,0
8338,3.11596314801,0
8339,2.76228031084,0
8340,3.09187233395,0
8341,3.15456738838,0
8342,2.98517321993,0
8343,3.01086802532,0
8344,2.78694473345,0
8345,2.87243340718,0
8346,3.19782512797,0
8347,3.13604901594,0
8348,3.05936256999,0
8349,2.7960937956,0
8350,2.81353341014,0
8351,3.05198179943,0
8352,3.18799322539,0
8353,3.11470382356,0
8354,2.97952609967,0
8355,2.94578005384,0
8356,3.01925297275,0
8357,2.9865517571,0
8358,2.90260468728,0
8359,2.72286911593,0
8360,2.96463415681,0
8361,2.69624359049,0
8362,2.86345828661,0
8363,2.66331991645,0
8364,2.96470090786,0
8365,2.67199136118,0
8366,2.87232515068,0
8367,2.66525822268,0
8368,2.6671482029,0
8369,2.87365438131,0
8370,2.51087335916,0
8371,2.61900809,0
8372,2.45610480242,0
8373,2.75666600702,0
8374,2.46779461259,0
8375,2.35453167461,0
8376,2.61470688244,0
8377,2.69848875618,0
8378,2.40127054925,0
8379,2.59957582324,0
8380,2.39555131287,0
8381,2.55077799232,0
8382,2.47963422605,0
8383,2.06282308352,0
8384,2.35773125683,0
8385,2.40410595372,0
8386,1.97776172543,0
8387,1.93517266446,0
8388,2.25135322017,0
8389,2.22904112435,0
8390,1.91622705761,0
8391,1.94177155798,0
8392,1.70522043816,0
8393,1.72441774656,0
8394,1.97558509879,0
8395,1.97607520246,0
8396,1.80220205698,0
8397,1.88368223182,0
8398,1.51013090554,0
8399,1.80284680475,0
8400,1.42376867832,0
8401,1.48949097286,0
8402,1.70375196912,0
8403,1.50623918758,0
8404,1.32907375877,0
8405,1.17842383467,0
8406,1.45438769138,0
8407,1.08735622154,0
8408,1.15860410138,0
8409,1.2002915568,0
8410,1.34195750836,0
8411,1.08647650897,0
8412,1.17284033325,0
8413,0.952922611158,0
8414,0.847812455835,0
8415,1.1237089474,0
8416,0.875582381783,0
8417,0.661723193307,0
8418,0.666108979451,0
8419,0.832046155519,0
8420,0.944244758356,0
8421,0.577683295878,0
8422,0.676755964792,0
8423,0.446812443745,0
8424,0.414699846588,0
8425,0.764687683816,0
8426,0.701108999838,0
8427,0.741889104716,0
8428,0.670010055522,0
8429,0.634121522868,0
8430,0.442997658562,0
8431,0.325662566433,0
8432,0.316501356611,0
8433,0.531075224288,0
8434,0.151172336548,0
8435,0.129974773447,0
8436,0.524908227187,0
8437,0.232837717644,0
8438,0.176850483956,0
8439,0.0702824033787,0
8440,0.044816826084,0
8441,0.448433394337,0
8442,0.07643506936,0
8443,0.0332325113092,0
8444,0.316523648878,0
8445,0.336267627008,0
8446,0.225667306332,0
8447,0.353804553807,0
8448,0.151978046776,0
8449,0.014123469264,0
8450,0.14337321495,0
8451,0.395753887156,0
8452,-0.0203414369144,0
8453,0.125137845035,0
8454,0.00818856865443,0
8455,0.267369311774,0
8456,0.0056496213801,0
8457,0.396916449586,0
8458,0.279395093417,0
8459,0.126852588546,0
8460,0.0493310514403,0
8461,0.366346477475,0
8462,0.484043410803,0
8463,0.495974600897,0
8464,0.472189599495,0
8465,0.446946827462,0
8466,0.304346110818,0
8467,0.475528566134,0
8468,0.598325465221,0
8469,0.387595987576,0
8470,0.288406922479,0
8471,0.605417627795,0
8472,0.630662792627,0
8473,0.630521555299,0
8474,0.475212913689,0
8475,0.409955999983,0
8476,0.630146763609,0
8477,0.656580258369,0
8478,0.784779036568,0
8479,0.649116156816,0
8480,0.577482423158,0
8481,0.605982351964,0
8482,1.01584008048,0
8483,1.07230826236,0
8484,0.726909881452,0
8485,1.17683787661,0
8486,1.1175376418,0
8487,1.25310176114,0
8488,1.2101976651,0
8489,1.33422868484,0
8490,1.35381180503,0
8491,1.00899502931,0
8492,1.22798830866,0
8493,1.32071624269,0
8494,1.15813677739,0
8495,1.2805322835,0
8496,1.22286796023,0
8497,1.57449690135,0
8498,1.70753069475,0
8499,1.57732289714,0
8500,1.45919111669,0
8501,1.69200073044,0
8502,1.71312836345,0
8503,1.59623508239,0
8504,1.60145822192,0
8505,1.95471264806,0
8506,2.06720913769,0
8507,1.78275660561,0
8508,2.15853112973,0
8509,1.79000456915,0
8510,2.24478771526,0
8511,1.99660061449,0
8512,2.12781221184,0
8513,2.02311588666,0
8514,2.20498254892,0
8515,2.32506876223,0
8516,2.43208339886,0
8517,2.1565033882,0
8518,2.52872403564,0
8519,2.2989431555,0
8520,2.31737508063,0
8521,2.29671829261,0
8522,2.57068389327,0
8523,2.37633697296,0
8524,2.40624313342,0
8525,2.42501288123,0
8526,2.48866620386,0
8527,2.6086732922,0
8528,2.87963346736,0
8529,2.73282877652,0
8530,2.60884555794,0
8531,2.95204270017,0
8532,2.93504180711,0
8533,2.62632521572,0
8534,2.92281650917,0
8535,3.05656858079,0
8536,3.05869394284,0
8537,2.75881864981,0
8538,3.10693736493,0
8539,2.75325452777,0
8540,3.08284655088,0
8541,3.14554160531,0
8542,2.97614743686,0
8543,3.00184224225,0
8544,2.77791895038,0
8545,2.86340762411,0
8546,3.18879934489,0
8547,3.12702323287,0
8548,3.05033678692,0
8549,2.78706801253,0
8550,2.80450762707,0
8551,3.04295601636,0
8552,3.17896744232,0
8553,3.10567804048,0
8554,2.9705003166,0
8555,2.93675427077,0
8556,3.01022718968,0
8557,2.97752597403,0
8558,2.89357890421,0
8559,2.71384333286,0
8560,2.95560837374,0
8561,2.68721780742,0
8562,2.85443250354,0
8563,2.65429413338,0
8564,2.95567512479,0
8565,2.6629655781,0
8566,2.86329936761,0
8567,2.65623243961,0
8568,2.65812241983,0
8569,2.86462859824,0
8570,2.50184757608,0
8571,2.60998230693,0
8572,2.44707901934,0
8573,2.74764022395,0
8574,2.45876882952,0
8575,2.34550589153,0
8576,2.60568109937,0
8577,2.6894629731,0
8578,2.39224476618,0
8579,2.59055004017,0
8580,2.38652552979,0
8581,2.54175220925,0
8582,2.47060844298,0
8583,2.05379730045,0
8584,2.34870547375,0
8585,2.39508017064,0
8586,1.96873594235,0
8587,1.92614688138,0
8588,2.2423274371,0
8589,2.22001534127,0
8590,1.90720127454,0
8591,1.93274577491,0
8592,1.69619465509,0
8593,1.71539196348,0
8594,1.96655931571,0
8595,1.96704941938,0
8596,1.79317627391,0
8597,1.87465644875,0
8598,1.50110512247,0
8599,1.79382102168,0
8600,1.3504874365,0
8601,1.41620973103,0
8602,1.6304707273,0
8603,1.43295794576,0
8604,1.25579251694,0
8605,1.10514259285,0
8606,1.38110644955,0
8607,1.01407497972,0
8608,1.08532285955,0
8609,1.12701031498,0
8610,1.26867626654,0
8611,1.01319526715,0
8612,1.09955909143,0
8613,0.879641369335,0
8614,0.774531214012,0
8615,1.05042770557,0
8616,0.80230113996,0
8617,0.588441951484,0
8618,0.592827737629,0
8619,0.758764913697,0
8620,0.870963516533,0
8621,0.504402054055,0
8622,0.603474722969,0
8623,0.373531201922,0
8624,0.341418604766,0
8625,0.691406441993,0
8626,0.627827758016,0
8627,0.668607862894,0
8628,0.596728813699,0
8629,0.560840281045,0
8630,0.36971641674,0
8631,0.25238132461,0
8632,0.243220114789,0
8633,0.457793982465,0
8634,0.0778910947257,0
8635,0.0566935316238,0
8636,0.451626985364,0
8637,0.159556475821,0
8638,0.103569242134,0
8639,-0.00299883844404,0
8640,-0.0284644157387,0
8641,0.375152152514,0
8642,0.00315382753729,0
8643,-0.0400487305135,0
8644,0.243242407056,0
8645,0.262986385186,0
8646,0.15238606451,0
8647,0.280523311984,0
8648,0.0786968049538,0
8649,-0.0591577725587,0
8650,0.070091973127,0
8651,0.322472645334,0
8652,-0.0936226787371,0
8653,0.0518566032122,0
8654,-0.0650926731683,0
8655,0.194088069952,0
8656,-0.0676316204426,0
8657,0.323635207763,0
8658,0.206113851594,0
8659,0.0535713467233,0
8660,-0.0239501903824,0
8661,0.293065235652,0
8662,0.41076216898,0
8663,0.422693359075,0
8664,0.398908357672,0
8665,0.373665585639,0
8666,0.231064868995,0
8667,0.402247324311,0
8668,0.525044223398,0
8669,0.314314745753,0
8670,0.215125680656,0
8671,0.532136385972,0
8672,0.557381550805,0
8673,0.557240313476,0
8674,0.401931671866,0
8675,0.336674758161,0
8676,0.556865521786,0
8677,0.583299016547,0
8678,0.711497794745,0
8679,0.575834914993,0
8680,0.504201181335,0
8681,0.532701110141,0
8682,0.942558838656,0
8683,0.999027020538,0
8684,0.65362863963,0
8685,1.10355663479,0
8686,1.04425639998,0
8687,1.17982051932,0
8688,1.13691642328,0
8689,1.26094744302,0
8690,1.2805305632,0
8691,0.935713787484,0
8692,1.15470706684,0
8693,1.24743500087,0
8694,1.08485553557,0
8695,1.20725104167,0
8696,1.14958671841,0
8697,1.50121565953,0
8698,1.63424945293,0
8699,1.50404165531,0
8700,1.38590987487,0
8701,1.61871948862,0
8702,1.63984712162,0
8703,1.52295384056,0
8704,1.5281769801,0
8705,1.88143140623,0
8706,1.99392789587,0
8707,1.70947536379,0
8708,2.0852498879,0
8709,1.71672332733,0
8710,2.17150647344,0
8711,1.92331937267,0
8712,2.05453097002,0
8713,1.94983464484,0
8714,2.13170130709,0
8715,2.25178752041,0
8716,2.35880215704,0
8717,2.08322214637,0
8718,2.45544279382,0
8719,2.22566191368,0
8720,2.24409383881,0
8721,2.22343705078,0
8722,2.49740265145,0
8723,2.30305573114,0
8724,2.3329618916,0
8725,2.3517316394,0
8726,2.41538496204,0
8727,2.53539205037,0
8728,2.80635222554,0
8729,2.65954753469,0
8730,2.53556431612,0
8731,2.87876145834,0
8732,2.86176056528,0
8733,2.55304397389,0
8734,2.84953526735,0
8735,2.98328733897,0
8736,2.98541270102,0
8737,2.68553740799,0
8738,3.03365612311,0
8739,2.67997328595,0
8740,3.00956530906,0
8741,3.07226036349,0
8742,2.90286619504,0
8743,2.92856100043,0
8744,2.70463770855,0
8745,2.79012638229,0
8746,3.11551810307,0
8747,3.05374199104,0
8748,2.9770555451,0
8749,2.71378677071,0
8750,2.73122638525,0
8751,2.96967477454,0
8752,3.1056862005,0
8753,3.03239679866,0
8754,2.89721907477,0
8755,2.86347302895,0
8756,2.93694594786,0
8757,2.9042447322,0
8758,2.82029766239,0
8759,2.64056209103,0
8760,2.88232713192,0
8761,2.61393656559,0
8762,2.78115126172,0
8763,2.58101289156,0
8764,2.88239388296,0
8765,2.58968433628,0
8766,2.79001812578,0
8767,2.58295119779,0
8768,2.58484117801,0
8769,2.79134735642,0
8770,2.42856633426,0
8771,2.5367010651,0
8772,2.37379777752,0
8773,2.67435898213,0
8774,2.3854875877,0
8775,2.27222464971,0
8776,2.53239985754,0
8777,2.61618173128,0
8778,2.31896352436,0
8779,2.51726879835,0
8780,2.31324428797,0
8781,2.46847096743,0
8782,2.39732720116,0
8783,1.98051605863,0
8784,2.27542423193,0
8785,2.32179892882,0
8786,1.89545470053,0
8787,1.85286563956,0
8788,2.16904619527,0
8789,2.14673409945,0
8790,1.83392003272,0
8791,1.85946453309,0
8792,1.62291341326,0
8793,1.64211072166,0
8794,1.89327807389,0
8795,1.89376817756,0
8796,1.71989503209,0
8797,1.80137520693,0
8798,1.42782388064,0
8799,1.72053977985,0
8800,1.2649462316,0
8801,1.33066852614,0
8802,1.5449295224,0
8803,1.34741674087,0
8804,1.17025131205,0
8805,1.01960138796,0
8806,1.29556524466,0
8807,0.928533774826,0
8808,0.999781654658,0
8809,1.04146911008,0
8810,1.18313506165,0
8811,0.927654062253,0
8812,1.01401788654,0
8813,0.79410016444,0
8814,0.688990009117,0
8815,0.964886500678,0
8816,0.716759935065,0
8817,0.502900746589,0
8818,0.507286532734,0
8819,0.673223708801,0
8820,0.785422311638,0
8821,0.41886084916,0
8822,0.517933518074,0
8823,0.287989997027,0
8824,0.25587739987,0
8825,0.605865237098,0
8826,0.54228655312,0
8827,0.583066657998,0
8828,0.511187608804,0
8829,0.47529907615,0
8830,0.284175211844,0
8831,0.166840119715,0
8832,0.157678909894,0
8833,0.37225277757,0
8834,-0.00765011016945,0
8835,-0.0288476732714,0
8836,0.366085780469,0
8837,0.0740152709262,0
8838,0.0180280372385,0
8839,-0.0885400433392,0
8840,-0.114005620634,0
8841,0.289610947619,0
8842,-0.0823873773579,0
8843,-0.125589935409,0
8844,0.15770120216,0
8845,0.177445180291,0
8846,0.0668448596145,0
8847,0.194982107089,0
8848,-0.00684439994141,0
8849,-0.144698977454,0
8850,-0.0154492317682,0
8851,0.236931440438,0
8852,-0.179163883632,0
8853,-0.033684601683,0
8854,-0.150633878063,0
8855,0.108546865056,0
8856,-0.153172825338,0
8857,0.238094002868,0
8858,0.120572646699,0
8859,-0.0319698581719,0
8860,-0.109491395278,0
8861,0.207524030757,0
8862,0.325220964085,0
8863,0.337152154179,0
8864,0.313367152777,0
8865,0.288124380744,0
8866,0.1455236641,0
8867,0.316706119416,0
8868,0.439503018503,0
8869,0.228773540858,0
8870,0.129584475761,0
8871,0.446595181077,0
8872,0.471840345909,0
8873,0.471699108581,0
8874,0.316390466971,0
8875,0.251133553265,0
8876,0.471324316891,0
8877,0.497757811652,0
8878,0.62595658985,0
8879,0.490293710098,0
8880,0.41865997644,0
8881,0.447159905246,0
8882,0.857017633761,0
8883,0.913485815643,0
8884,0.568087434734,0
8885,1.01801542989,0
8886,0.95871519508,0
8887,1.09427931443,0
8888,1.05137521838,0
8889,1.17540623812,0
8890,1.19498935831,0
8891,0.850172582589,0
8892,1.06916586194,0
8893,1.16189379597,0
8894,0.999314330677,0
8895,1.12170983678,0
8896,1.06404551352,0
8897,1.41567445463,0
8898,1.54870824803,0
8899,1.41850045042,0
8900,1.30036866997,0
8901,1.53317828372,0
8902,1.55430591673,0
8903,1.43741263567,0
8904,1.4426357752,0
8905,1.79589020134,0
8906,1.90838669097,0
8907,1.6239341589,0
8908,1.99970868301,0
8909,1.63118212243,0
8910,2.08596526855,0
8911,1.83777816777,0
8912,1.96898976512,0
8913,1.86429343994,0
8914,2.0461601022,0
8915,2.16624631552,0
8916,2.27326095214,0
8917,1.99768094148,0
8918,2.36990158892,0
8919,2.14012070878,0
8920,2.15855263392,0
8921,2.13789584589,0
8922,2.41186144656,0
8923,2.21751452625,0
8924,2.2474206867,0
8925,2.26619043451,0
8926,2.32984375714,0
8927,2.44985084548,0
8928,2.72081102064,0
8929,2.5740063298,0
8930,2.45002311122,0
8931,2.79322025345,0
8932,2.77621936039,0
8933,2.467502769,0
8934,2.76399406245,0
8935,2.89774613408,0
8936,2.89987149613,0
8937,2.59999620309,0
8938,2.94811491821,0
8939,2.59443208105,0
8940,2.92402410416,0
8941,2.98671915859,0
8942,2.81732499014,0
8943,2.84301979553,0
8944,2.61909650366,0
8945,2.70458517739,0
8946,3.02997689818,0
8947,2.96820078615,0
8948,2.8915143402,0
8949,2.62824556581,0
8950,2.64568518035,0
8951,2.88413356964,0
8952,3.0201449956,0
8953,2.94685559377,0
8954,2.81167786988,0
8955,2.77793182405,0
8956,2.85140474296,0
8957,2.81870352731,0
8958,2.73475645749,0
8959,2.55502088614,0
8960,2.79678592702,0
8961,2.5283953607,0
8962,2.69561005682,0
8963,2.49547168666,0
8964,2.79685267807,0
8965,2.50414313139,0
8966,2.70447692089,0
8967,2.49740999289,0
8968,2.49929997311,0
8969,2.70580615152,0
8970,2.34302512936,0
8971,2.45115986021,0
8972,2.28825657262,0
8973,2.58881777723,0
8974,2.2999463828,0
8975,2.18668344482,0
8976,2.44685865265,0
8977,2.53064052638,0
8978,2.23342231946,0
8979,2.43172759345,0
8980,2.22770308308,0
8981,2.38292976253,0
8982,2.31178599626,0
8983,1.89497485373,0
8984,2.18988302704,0
8985,2.23625772393,0
8986,1.80991349564,0
8987,1.76732443467,0
8988,2.08350499038,0
8989,2.06119289456,0
8990,1.74837882782,0
8991,1.77392332819,0
8992,1.53737220837,0
8993,1.55656951676,0
8994,1.807736869,0
8995,1.80822697267,0
8996,1.63435382719,0
8997,1.71583400203,0
8998,1.34228267575,0
8999,1.63499857496,0
9000,1.06511198882,0
9001,1.13083428336,0
9002,1.34509527962,0
9003,1.14758249808,0
9004,0.970417069263,0
9005,0.819767145173,0
9006,1.09573100188,0
9007,0.728699532042,0
9008,0.799947411874,0
9009,0.841634867296,0
9010,0.983300818862,0
9011,0.727819819469,0
9012,0.814183643752,0
9013,0.594265921656,0
9014,0.489155766333,0
9015,0.765052257894,0
9016,0.516925692281,0
9017,0.303066503805,0
9018,0.30745228995,0
9019,0.473389466017,0
9020,0.585588068854,0
9021,0.219026606376,0
9022,0.31809927529,0
9023,0.0881557542428,0
9024,0.0560431570864,0
9025,0.406030994314,0
9026,0.342452310336,0
9027,0.383232415214,0
9028,0.31135336602,0
9029,0.275464833366,0
9030,0.0843409690603,0
9031,-0.0329941230693,0
9032,-0.0421553328905,0
9033,0.172418534786,0
9034,-0.207484352953,0
9035,-0.228681916055,0
9036,0.166251537685,0
9037,-0.125818971858,0
9038,-0.181806205546,0
9039,-0.288374286123,0
9040,-0.313839863418,0
9041,0.0897767048351,0
9042,-0.282221620142,0
9043,-0.325424178193,0
9044,-0.0421330406237,0
9045,-0.0223890624934,0
9046,-0.13298938317,0
9047,-0.00485213569532,0
9048,-0.206678642725,0
9049,-0.344533220238,0
9050,-0.215283474552,0
9051,0.0370971976545,0
9052,-0.378998126416,0
9053,-0.233518844467,0
9054,-0.350468120847,0
9055,-0.0912873777276,0
9056,-0.353007068122,0
9057,0.038259760084,0
9058,-0.0792615960853,0
9059,-0.231804100956,0
9060,-0.309325638062,0
9061,0.00768978797267,0
9062,0.125386721301,0
9063,0.137317911395,0
9064,0.113532909993,0
9065,0.08829013796,0
9066,-0.054310578684,0
9067,0.116871876632,0
9068,0.239668775719,0
9069,0.0289392980738,0
9070,-0.0702497670229,0
9071,0.246760938293,0
9072,0.272006103125,0
9073,0.271864865797,0
9074,0.116556224187,0
9075,0.0512993104814,0
9076,0.271490074107,0
9077,0.297923568868,0
9078,0.426122347066,0
9079,0.290459467314,0
9080,0.218825733656,0
9081,0.247325662462,0
9082,0.657183390977,0
9083,0.713651572859,0
9084,0.36825319195,0
9085,0.818181187111,0
9086,0.758880952296,0
9087,0.894445071643,0
9088,0.851540975598,0
9089,0.975571995338,0
9090,0.995155115525,0
9091,0.650338339805,0
9092,0.869331619161,0
9093,0.962059553186,0
9094,0.799480087893,0
9095,0.921875593994,0
9096,0.864211270733,0
9097,1.21584021185,0
9098,1.34887400525,0
9099,1.21866620763,0
9100,1.10053442719,0
9101,1.33334404094,0
9102,1.35447167394,0
9103,1.23757839289,0
9104,1.24280153242,0
9105,1.59605595856,0
9106,1.70855244819,0
9107,1.42409991611,0
9108,1.79987444023,0
9109,1.43134787965,0
9110,1.88613102576,0
9111,1.63794392499,0
9112,1.76915552234,0
9113,1.66445919716,0
9114,1.84632585941,0
9115,1.96641207273,0
9116,2.07342670936,0
9117,1.7978466987,0
9118,2.17006734614,0
9119,1.940286466,0
9120,1.95871839113,0
9121,1.9380616031,0
9122,2.21202720377,0
9123,2.01768028346,0
9124,2.04758644392,0
9125,2.06635619173,0
9126,2.13000951436,0
9127,2.25001660269,0
9128,2.52097677786,0
9129,2.37417208701,0
9130,2.25018886844,0
9131,2.59338601067,0
9132,2.5763851176,0
9133,2.26766852621,0
9134,2.56415981967,0
9135,2.69791189129,0
9136,2.70003725334,0
9137,2.40016196031,0
9138,2.74828067543,0
9139,2.39459783827,0
9140,2.72418986138,0
9141,2.78688491581,0
9142,2.61749074736,0
9143,2.64318555275,0
9144,2.41926226088,0
9145,2.50475093461,0
9146,2.83014265539,0
9147,2.76836654336,0
9148,2.69168009742,0
9149,2.42841132303,0
9150,2.44585093757,0
9151,2.68429932686,0
9152,2.82031075282,0
9153,2.74702135098,0
9154,2.61184362709,0
9155,2.57809758127,0
9156,2.65157050018,0
9157,2.61886928452,0
9158,2.53492221471,0
9159,2.35518664336,0
9160,2.59695168424,0
9161,2.32856111791,0
9162,2.49577581404,0
9163,2.29563744388,0
9164,2.59701843529,0
9165,2.3043088886,0
9166,2.5046426781,0
9167,2.29757575011,0
9168,2.29946573033,0
9169,2.50597190874,0
9170,2.14319088658,0
9171,2.25132561743,0
9172,2.08842232984,0
9173,2.38898353445,0
9174,2.10011214002,0
9175,1.98684920203,0
9176,2.24702440987,0
9177,2.3308062836,0
9178,2.03358807668,0
9179,2.23189335067,0
9180,2.02786884029,0
9181,2.18309551975,0
9182,2.11195175348,0
9183,1.69514061095,0
9184,1.99004878425,0
9185,2.03642348114,0
9186,1.61007925285,0
9187,1.56749019188,0
9188,1.88367074759,0
9189,1.86135865177,0
9190,1.54854458504,0
9191,1.57408908541,0
9192,1.33753796558,0
9193,1.35673527398,0
9194,1.60790262621,0
9195,1.60839272988,0
9196,1.43451958441,0
9197,1.51599975925,0
9198,1.14244843296,0
9199,1.43516433217,0
9200,0.990827035962,0
9201,1.0565493305,0
9202,1.27081032676,0
9203,1.07329754522,0
9204,0.896132116406,0
9205,0.745482192316,0
9206,1.02144604902,0
9207,0.654414579185,0
9208,0.725662459017,0
9209,0.767349914439,0
9210,0.909015866005,0
9211,0.653534866612,0
9212,0.739898690895,0
9213,0.519980968799,0
9214,0.414870813476,0
9215,0.690767305037,0
9216,0.442640739424,0
9217,0.228781550948,0
9218,0.233167337093,0
9219,0.39910451316,0
9220,0.511303115997,0
9221,0.144741653519,0
9222,0.243814322433,0
9223,0.0138708013858,0
9224,-0.0182417957706,0
9225,0.331746041457,0
9226,0.268167357479,0
9227,0.308947462357,0
9228,0.237068413163,0
9229,0.201179880509,0
9230,0.0100560162033,0
9231,-0.107279075926,0
9232,-0.116440285747,0
9233,0.0981335819287,0
9234,-0.28176930581,0
9235,-0.302966868912,0
9236,0.0919665848276,0
9237,-0.200103924715,0
9238,-0.256091158403,0
9239,-0.36265923898,0
9240,-0.388124816275,0
9241,0.0154917519781,0
9242,-0.356506572999,0
9243,-0.39970913105,0
9244,-0.116417993481,0
9245,-0.0966740153504,0
9246,-0.207274336027,0
9247,-0.0791370885523,0
9248,-0.280963595582,0
9249,-0.418818173095,0
9250,-0.289568427409,0
9251,-0.0371877552025,0
9252,-0.453283079273,0
9253,-0.307803797324,0
9254,-0.424753073704,0
9255,-0.165572330585,0
9256,-0.427292020979,0
9257,-0.036025192773,0
9258,-0.153546548942,0
9259,-0.306089053813,0
9260,-0.383610590919,0
9261,-0.0665951648843,0
9262,0.0511017684443,0
9263,0.0630329585385,0
9264,0.0392479571362,0
9265,0.014005185103,0
9266,-0.128595531541,0
9267,0.042586923775,0
9268,0.165383822862,0
9269,-0.0453456547832,0
9270,-0.14453471988,0
9271,0.172475985436,0
9272,0.197721150268,0
9273,0.19757991294,0
9274,0.0422712713298,0
9275,-0.0229856423756,0
9276,0.19720512125,0
9277,0.223638616011,0
9278,0.351837394209,0
9279,0.216174514457,0
9280,0.144540780799,0
9281,0.173040709605,0
9282,0.58289843812,0
9283,0.639366620002,0
9284,0.293968239093,0
9285,0.743896234254,0
9286,0.684595999439,0
9287,0.820160118786,0
9288,0.777256022741,0
9289,0.901287042481,0
9290,0.920870162668,0
9291,0.576053386948,0
9292,0.795046666304,0
9293,0.887774600329,0
9294,0.725195135036,0
9295,0.847590641137,0
9296,0.789926317876,0
9297,1.14155525899,0
9298,1.27458905239,0
9299,1.14438125478,0
9300,1.02624947433,0
9301,1.25905908808,0
9302,1.28018672109,0
9303,1.16329344003,0
9304,1.16851657956,0
9305,1.5217710057,0
9306,1.63426749533,0
9307,1.34981496326,0
9308,1.72558948737,0
9309,1.35706292679,0
9310,1.8118460729,0
9311,1.56365897213,0
9312,1.69487056948,0
9313,1.5901742443,0
9314,1.77204090656,0
9315,1.89212711988,0
9316,1.9991417565,0
9317,1.72356174584,0
9318,2.09578239328,0
9319,1.86600151314,0
9320,1.88443343828,0
9321,1.86377665025,0
9322,2.13774225091,0
9323,1.9433953306,0
9324,1.97330149106,0
9325,1.99207123887,0
9326,2.0557245615,0
9327,2.17573164984,0
9328,2.446691825,0
9329,2.29988713416,0
9330,2.17590391558,0
9331,2.51910105781,0
9332,2.50210016475,0
9333,2.19338357336,0
9334,2.48987486681,0
9335,2.62362693844,0
9336,2.62575230049,0
9337,2.32587700745,0
9338,2.67399572257,0
9339,2.32031288541,0
9340,2.64990490852,0
9341,2.71259996295,0
9342,2.5432057945,0
9343,2.56890059989,0
9344,2.34497730802,0
9345,2.43046598175,0
9346,2.75585770253,0
9347,2.69408159051,0
9348,2.61739514456,0
9349,2.35412637017,0
9350,2.37156598471,0
9351,2.610014374,0
9352,2.74602579996,0
9353,2.67273639813,0
9354,2.53755867424,0
9355,2.50381262841,0
9356,2.57728554732,0
9357,2.54458433167,0
9358,2.46063726185,0
9359,2.2809016905,0
9360,2.52266673138,0
9361,2.25427616506,0
9362,2.42149086118,0
9363,2.22135249102,0
9364,2.52273348243,0
9365,2.23002393574,0
9366,2.43035772525,0
9367,2.22329079725,0
9368,2.22518077747,0
9369,2.43168695588,0
9370,2.06890593372,0
9371,2.17704066457,0
9372,2.01413737698,0
9373,2.31469858159,0
9374,2.02582718716,0
9375,1.91256424917,0
9376,2.17273945701,0
9377,2.25652133074,0
9378,1.95930312382,0
9379,2.15760839781,0
9380,1.95358388743,0
9381,2.10881056689,0
9382,2.03766680062,0
9383,1.62085565809,0
9384,1.91576383139,0
9385,1.96213852828,0
9386,1.5357943,0
9387,1.49320523903,0
9388,1.80938579474,0
9389,1.78707369892,0
9390,1.47425963218,0
9391,1.49980413255,0
9392,1.26325301273,0
9393,1.28245032112,0
9394,1.53361767335,0
9395,1.53410777702,0
9396,1.36023463155,0
9397,1.44171480639,0
9398,1.06816348011,0
9399,1.36087937932,0
9400,0.761108317164,0
9401,0.8268306117,0
9402,1.04109160796,0
9403,0.843578826426,0
9404,0.666413397608,0
9405,0.515763473517,0
9406,0.79172733022,0
9407,0.424695860387,0
9408,0.495943740219,0
9409,0.537631195641,0
9410,0.679297147206,0
9411,0.423816147814,0
9412,0.510179972096,0
9413,0.290262250001,0
9414,0.185152094678,0
9415,0.461048586238,0
9416,0.212922020625,0
9417,-0.000937167850387,0
9418,0.00344861829416,0
9419,0.169385794362,0
9420,0.281584397198,0
9421,-0.0849770652796,0
9422,0.0140956036345,0
9423,-0.215847917413,0
9424,-0.247960514569,0
9425,0.102027322659,0
9426,0.038448638681,0
9427,0.0792287435589,0
9428,0.00734969436458,0
9429,-0.0285388382895,0
9430,-0.219662702595,0
9431,-0.336997794725,0
9432,-0.346159004546,0
9433,-0.13158513687,0
9434,-0.511488024609,0
9435,-0.532685587711,0
9436,-0.137752133971,0
9437,-0.429822643513,0
9438,-0.485809877201,0
9439,-0.592377957779,0
9440,-0.617843535073,0
9441,-0.21422696682,0
9442,-0.586225291797,0
9443,-0.629427849848,0
9444,-0.346136712279,0
9445,-0.326392734149,0
9446,-0.436993054825,0
9447,-0.308855807351,0
9448,-0.510682314381,0
9449,-0.648536891893,0
9450,-0.519287146208,0
9451,-0.266906474001,0
9452,-0.683001798072,0
9453,-0.537522516122,0
9454,-0.654471792503,0
9455,-0.395291049383,0
9456,-0.657010739777,0
9457,-0.265743911571,0
9458,-0.383265267741,0
9459,-0.535807772611,0
9460,-0.613329309717,0
9461,-0.296313883683,0
9462,-0.178616950354,0
9463,-0.16668576026,0
9464,-0.190470761662,0
9465,-0.215713533695,0
9466,-0.358314250339,0
9467,-0.187131795023,0
9468,-0.0643348959365,0
9469,-0.275064373582,0
9470,-0.374253438678,0
9471,-0.0572427333622,0
9472,-0.03199756853,0
9473,-0.0321388058585,0
9474,-0.187447447469,0
9475,-0.252704361174,0
9476,-0.0325135975483,0
9477,-0.00608010278784,0
9478,0.12211867541,0
9479,-0.0135442043414,0
9480,-0.0851779379998,0
9481,-0.0566780091932,0
9482,0.353179719321,0
9483,0.409647901204,0
9484,0.0642495202951,0
9485,0.514177515455,0
9486,0.454877280641,0
9487,0.590441399988,0
9488,0.547537303943,0
9489,0.671568323683,0
9490,0.691151443869,0
9491,0.34633466815,0
9492,0.565327947505,0
9493,0.65805588153,0
9494,0.495476416238,0
9495,0.617871922338,0
9496,0.560207599077,0
9497,0.911836540194,0
9498,1.04487033359,0
9499,0.914662535978,0
9500,0.796530755534,0
9501,1.02934036928,0
9502,1.05046800229,0
9503,0.93357472123,0
9504,0.938797860762,0
9505,1.2920522869,0
9506,1.40454877653,0
9507,1.12009624446,0
9508,1.49587076857,0
9509,1.12734420799,0
9510,1.58212735411,0
9511,1.33394025333,0
9512,1.46515185068,0
9513,1.3604555255,0
9514,1.54232218776,0
9515,1.66240840108,0
9516,1.7694230377,0
9517,1.49384302704,0
9518,1.86606367448,0
9519,1.63628279434,0
9520,1.65471471948,0
9521,1.63405793145,0
9522,1.90802353212,0
9523,1.71367661181,0
9524,1.74358277226,0
9525,1.76235252007,0
9526,1.8260058427,0
9527,1.94601293104,0
9528,2.21697310621,0
9529,2.07016841536,0
9530,1.94618519678,0
9531,2.28938233901,0
9532,2.27238144595,0
9533,1.96366485456,0
9534,2.26015614801,0
9535,2.39390821964,0
9536,2.39603358169,0
9537,2.09615828865,0
9538,2.44427700378,0
9539,2.09059416661,0
9540,2.42018618972,0
9541,2.48288124415,0
9542,2.3134870757,0
9543,2.33918188109,0
9544,2.11525858922,0
9545,2.20074726295,0
9546,2.52613898374,0
9547,2.46436287171,0
9548,2.38767642576,0
9549,1.1588495711,0
9550,1.11110913788,1
9551,1.063161838,1
9552,1.01506054363,1
9553,0.966858296729,1
9554,0.918608250572,1
9555,0.870363611156,1
9556,0.822177578512,1
9557,0.774103288043,1
9558,0.726193751935,1
9559,0.678501800695,1
9560,0.631080024896,1
9561,0.583980717186,1
9562,0.537255814624,1
9563,0.490956841403,1
9564,0.445134852043,1
9565,0.399840375084,1
9566,0.355123357371,1
9567,0.311033108979,1
9568,0.267618248832,1
9569,0.224926651099,1
9570,0.183005392393,1
9571,0.141900699866,1
9572,0.10165790023,1
9573,0.0623213697768,1
9574,0.0239344854419,1
9575,-0.0134604230267,1
9576,-0.0498221197467,1
9577,-0.0851105081727,1
9578,-0.119286675311,1
9579,-0.15231293463,1
9580,-0.184152867616,1
9581,-0.214771363937,1
9582,-0.244134660152,1
9583,-0.272210376949,1
9584,-0.298967554848,1
9585,-0.324376688338,1
9586,-0.348409758416,1
9587,-0.371040263486,1
9588,-0.392243248574,1
9589,-0.411995332858,1
9590,-0.43027473544,1
9591,-0.447061299371,1
9592,-0.462336513874,1
9593,-0.47608353476,1
9594,-0.488287202999,1
9595,-0.498934061437,1
9596,-0.508012369636,1
9597,-0.51551211682,1
9598,-0.521425032914,1
9599,-0.525744597664,1
9600,-0.500190773568,1
9601,-0.501311108162,1
9602,-0.50082909178,1
9603,-0.498745255946,1
9604,-0.495061898537,1
9605,-0.48978308124,1
9606,-0.482914625081,1
9607,-0.474464104001,1
9608,-0.464440836507,1
9609,-0.452855875394,1
9610,-0.439721995559,1
9611,-0.425053679913,1
9612,-0.40886710341,1
9613,-0.391180115211,1
9614,-0.372012219004,1
9615,-0.351384551492,1
9616,-0.329319859089,1
9617,-0.305842472836,1
9618,-0.280978281572,1
9619,-0.254754703384,1
9620,-0.227200655374,1
9621,-0.198346521772,1
9622,-0.168224120429,1
9623,-0.136866667734,1
9624,-0.104308741983,1
9625,-0.0705862452508,1
9626,-0.0357363638009,1
9627,0.000202472921166,1
9628,0.0371906346633,1
9629,0.0751873340684,1
9630,0.114150671651,1
9631,0.154037682,1
9632,0.194804381158,1
9633,0.236405815123,1
9634,0.278796109418,1
9635,0.32192851968,1
9636,0.365755483204,1
9637,0.410228671392,1
9638,0.455299043045,1
9639,0.50091689844,1
9640,0.547031934138,1
9641,0.593593298453,1
9642,0.640549647524,1
9643,0.687849201935,1
9644,0.735439803816,1
9645,0.783268974351,1
9646,0.831283971653,1
9647,0.879431848921,1
9648,0.927659512825,1
9649,0.975913782054,1
9650,1.02414144596,1
9651,1.07228932323,1
9652,1.12030432053,1
9653,1.16813349106,1
9654,1.21572409294,1
9655,1.26302364735,1
9656,1.30997999643,1
9657,1.35654136074,1
9658,1.40265639644,1
9659,1.44827425183,1
9660,1.49334462349,1
9661,1.53781781167,1
9662,1.5816447752,1
9663,1.62477718546,1
9664,1.66716747976,1
9665,1.70876891372,1
9666,1.74953561288,1
9667,1.78942262323,1
9668,1.82838596081,1
9669,1.86638266022,1
9670,1.90337082196,1
9671,1.93930965868,1
9672,1.97415954013,1
9673,2.00788203686,1
9674,2.04043996261,1
9675,2.07179741531,1
9676,2.10191981665,1
9677,2.13077395025,1
9678,2.15832799826,1
9679,2.18455157645,1
9680,2.20941576771,1
9681,2.23289315397,1
9682,2.25495784637,1
9683,2.27558551388,1
9684,2.29475341009,1
9685,2.31244039829,1
9686,2.32862697479,1
9687,2.34329529044,1
9688,2.35642917027,1
9689,2.36801413139,1
9690,2.37803739888,1
9691,2.38648791996,1
9692,2.39335637612,1
9693,2.39863519342,1
9694,2.40231855082,1
9695,2.40440238666,1
9696,2.40488440304,1
9697,2.40376406845,1
9698,2.40104261828,1
9699,2.39672305353,1
9700,2.39081013744,1
9701,2.38331039026,1
9702,2.37423208206,1
9703,2.36358522362,1
9704,2.35138155538,1
9705,2.33763453449,1
9706,2.32235931999,1
9707,2.30557275606,1
9708,2.28729335348,1
9709,2.26754126919,1
9710,2.24633828411,1
9711,2.22370777904,1
9712,2.19967470896,1
9713,2.17426557547,1
9714,2.14750839757,1
9715,2.11943268077,1
9716,2.09006938456,1
9717,2.05945088824,1
9718,2.02761095525,1
9719,1.99458469593,1
9720,1.96040852879,1
9721,1.92512014037,1
9722,1.88875844365,1
9723,1.85136353518,1
9724,1.81297665084,1
9725,1.77364012039,1
9726,1.73339732075,1
9727,1.69229262823,1
9728,1.65037136952,1
9729,1.60767977179,1
9730,1.56426491164,1
9731,1.52017466325,1
9732,1.47545764554,1
9733,1.43016316858,1
9734,1.38434117922,1
9735,1.338042206,1
9736,1.29131730343,1
9737,1.24421799572,1
9738,1.19679621993,1
9739,1.14910426869,1
9740,1.10119473258,1
9741,1.05312044211,1
9742,1.00493440946,1
9743,0.956689770048,1
9744,0.908439723891,1
9745,0.860237476986,1
9746,0.812136182616,1
9747,0.764188882743,1
9748,0.716448449519,1
9749,2.15268292563,1
9750,2.17012254017,0
9751,2.40857092946,0
9752,2.54458235542,0
9753,2.47129295359,0
9754,2.3361152297,0
9755,2.30236918387,0
9756,2.37584210278,0
9757,2.34314088713,0
9758,2.25919381731,0
9759,2.07945824596,0
9760,2.32122328684,0
9761,2.05283272052,0
9762,2.22004741664,0
9763,2.01990904648,0
9764,2.32129003789,0
9765,2.0285804912,0
9766,2.22891428071,0
9767,2.02184735271,0
9768,2.02373733293,0
9769,2.23024351134,0
9770,1.86746248918,0
9771,1.97559722003,0
9772,1.81269393244,0
9773,2.11325513705,0
9774,1.82438374262,0
9775,1.71112080463,0
9776,1.97129601247,0
9777,2.0550778862,0
9778,1.75785967928,0
9779,1.95616495327,0
9780,1.75214044289,0
9781,1.90736712235,0
9782,1.83622335608,0
9783,1.41941221355,0
9784,1.71432038686,0
9785,1.76069508374,0
9786,1.33435085546,0
9787,1.29176179449,0
9788,1.6079423502,0
9789,1.58563025438,0
9790,1.27281618764,0
9791,1.29836068801,0
9792,1.06180956819,0
9793,1.08100687658,0
9794,1.33217422882,0
9795,1.33266433248,0
9796,1.15879118701,0
9797,1.24027136185,0
9798,0.866720035568,0
9799,1.15943593478,0
9800,0.813676662553,0
9801,0.879398957089,0
9802,1.09365995335,0
9803,0.896147171816,0
9804,0.718981742997,0
9805,0.568331818907,0
9806,0.844295675609,0
9807,0.477264205776,0
9808,0.548512085608,0
9809,-0.0402867283855,1
9810,-0.17053845195,1
9811,-0.275164221806,1
9812,-0.351825739813,1
9813,-0.398809685389,1
9814,-0.415066006785,1
9815,-0.400231388864,1
9816,-0.354637372884,1
9817,-0.279302946834,1
9818,-0.175911771904,1
9819,-0.0467745540743,1
9820,0.105222598227,1
9821,0.276682676223,1
9822,0.463773691083,1
9823,0.662314315659,1
9824,0.867867333635,1
9825,1.07583880759,1
9826,1.28158074963,1
9827,1.48049500005,1
9828,1.6681359923,1
9829,1.84031010771,1
9830,1.9931693993,1
9831,2.12329759021,1
9832,2.2277864246,1
9833,2.30430066471,1
9834,2.3511302815,1
9835,2.36722867235,1
9836,2.35223605173,1
9837,2.30648749212,1
9838,2.23100543544,1
9839,2.1274768423,1
9840,1.99821548985,1
9841,1.84611026084,1
9842,1.67456057945,1
9843,1.48740043709,1
9844,1.28881270584,1
9845,1.08323565482,1
9846,0.875263758555,1
9847,0.669545014382,1
9848,0.470677063561,1
9849,0.283104437875,1
9850,0.111019228071,1
9851,-0.0417326058499,1
9852,-0.17173718861,1
9853,-0.276089026904,1
9854,-0.35245594473,1
9855,-0.399131205575,1
9856,-0.415071656534,1
9857,-0.399921041908,1
9858,-0.354017965218,1
9859,-0.278388321698,1
9860,-0.174722370404,1
9861,-0.0453369583341,1
9862,0.106876259149,1
9863,0.278515444393,1
9864,0.465744605671,1
9865,0.664379328378,1
9866,0.869980293184,1
9867,1.07795249109,1
9868,1.28364791804,1
9869,1.48246945389,1
9870,1.66997360418,1
9871,1.84196980854,1
9872,1.99461409617,1
9873,2.12449499536,1
9874,2.22870977702,1
9875,2.30492932825,1
9876,2.35145020607,1
9877,2.36723270789,1
9878,2.35192410805,1
9879,2.30586654091,1
9880,2.23008935443,1
9881,2.12628610513,1
9882,1.9967767085,1
9883,1.84445559086,1
9884,1.67272700134,1
9885,1.48542892977,1
9886,1.28674733084,1
9887,1.08112257154,1
9888,0.873150192643,1
9889,0.667478202256,1
9890,0.468703196737,1
9891,0.281267630619,1
9892,0.109360531484,1
9893,-0.0431761212914,1
9894,-0.172933261548,1
9895,-0.277010926111,1
9896,-0.353083066534,1
9897,-0.399449534329,1
9898,-0.415074077858,1
9899,-0.399607501687,1
9900,-0.353395470812,1
9901,-0.277470785336,1
9902,-0.173530298253,1
9903,-0.0438969922064,1
9904,0.108531937219,1
9905,0.28034983139,1
9906,0.467716704586,1
9907,0.666445064456,1
9908,0.872093498956,1
9909,1.08006593818,1
9910,1.28571437268,1
9911,1.48444273255,1
9912,1.67180960575,1
9913,1.84362749992,1
9914,1.99605642935,1
9915,2.12568973539,1
9916,2.22963022248,1
9917,2.30555490795,1
9918,2.35176693883,1
9919,2.367233515,1
9920,2.35160897147,1
9921,2.30524250367,1
9922,2.22917036325,1
9923,2.12509269869,1
9924,1.99533555843,1
9925,1.84279890566,1
9926,1.67089180652,1
9927,1.4834562404,1
9928,1.28468123488,1
9929,1.0790092445,1
9930,0.871036865598,1
9931,0.665412106297,1
9932,0.466730507374,1
9933,0.279432435804,1
9934,0.10770384628,1
9935,-0.04461727136,1
9936,-0.174126667987,1
9937,-0.277929917288,1
9938,-0.353707103767,1
9939,-0.399764670911,1
9940,-0.41507327075,1
9941,-0.399290768927,1
9942,-0.352769891113,1
9943,-0.276550339877,1
9944,-0.172335558218,1
9945,-0.042454659033,1
9946,0.110189628595,1
9947,0.282185832958,1
9948,0.469689983252,1
9949,0.668511519098,1
9950,0.874206946047,1
9951,1.08217914396,1
9952,1.28778010876,1
9953,1.48641483147,1
9954,1.67364399275,1
9955,1.84528317799,1
9956,1.99749639547,1
9957,2.12688180754,1
9958,2.23054775884,1
9959,2.30617740236,1
9960,2.35208047905,1
9961,2.36723109367,1
9962,2.35129064272,1
9963,2.30461538187,1
9964,2.22824846404,1
9965,2.12389662575,1
9966,1.99389204299,1
9967,1.84114020907,1
9968,1.66905499926,1
9969,1.48148237358,1
9970,1.28261442276,1
9971,1.07689567859,1
9972,0.868923782325,1
9973,0.663346731299,1
9974,0.46475900005,1
9975,0.277598857688,1
9976,0.106049176304,1
9977,-0.0460560527113,1
9978,-0.175317405158,1
9979,-0.278845998302,1
9980,-0.354328054983,1
9981,-0.40007661459,1
9982,-0.415069235212,1
9983,-0.398970844365,1
9984,-0.35214122757,1
9985,-0.275626987457,1
9986,-0.171138153072,1
9987,-0.041009962161,1
9988,0.111849329431,1
9989,0.284023444837,1
9990,0.47166443709,1
9991,0.670578687509,1
9992,0.876320629553,1
9993,1.08429210351,1
9994,1.28984512148,1
9995,1.48838574606,1
9996,1.67547676092,1
9997,1.84693683891,1
9998,1.99893399121,1
9999,2.12807120904,1
10000,2.14209565279,1
10001,2.21743007885,1
10002,2.26302409483,1
10003,2.27785871275,1
10004,2.26160239135,1
10005,2.21461844577,1
10006,2.13795692777,1
10007,2.03333115791,1
10008,1.90307943435,1
10009,0.500832809851,0
10010,0.642498761417,0
10011,0.387017762024,0
10012,0.473381586307,0
10013,0.253463864211,0
10014,0.148353708888,0
10015,0.424250200449,0
10016,0.176123634836,0
10017,-0.0377355536398,0
10018,-0.0333497674952,0
10019,0.132587408573,0
10020,0.244786011409,0
10021,-0.121775451069,0
10022,-0.0227027821549,0
10023,-0.252646303202,0
10024,-0.284758900358,0
10025,0.0652289368692,0
10026,0.00165025289159,0
10027,0.0424303577695,0
10028,-0.0294486914248,0
10029,-0.0653372240789,0
10030,-0.256461088384,0
10031,-0.373796180514,0
10032,-0.382957390335,0
10033,-0.168383522659,0
10034,-0.548286410398,0
10035,-0.5694839735,0
10036,-0.17455051976,0
10037,-0.466621029303,0
10038,-0.52260826299,0
10039,-0.629176343568,0
10040,-0.654641920863,0
10041,-0.25102535261,0
10042,-0.623023677587,0
10043,-0.666226235638,0
10044,-0.382935098068,0
10045,-0.363191119938,0
10046,-0.473791440614,0
10047,-0.34565419314,0
10048,-0.54748070017,0
10049,-0.685335277683,0
10050,-0.556085531997,0
10051,-0.30370485979,0
10052,-0.719800183861,0
10053,-0.574320901912,0
10054,-0.691270178292,0
10055,-0.432089435172,0
10056,-0.693809125567,0
10057,-0.302542297361,0
10058,-0.42006365353,0
10059,-0.572606158401,0
10060,-0.650127695506,0
10061,-0.333112269472,0
10062,-0.215415336144,0
10063,-0.203484146049,0
10064,-0.227269147452,0
10065,-0.252511919485,0
10066,-0.395112636129,0
10067,-0.223930180813,0
10068,-0.101133281726,0
10069,-0.311862759371,0
10070,-0.411051824468,0
10071,-0.0940411191516,0
10072,-0.0687959543193,0
10073,-0.0689371916478,0
10074,-0.224245833258,0
10075,-0.289502746963,0
10076,-0.0693119833377,0
10077,-0.0428784885772,0
10078,0.0853202896211,0
10079,-0.0503425901308,0
10080,-0.121976323789,0
10081,-0.0934763949825,0
10082,0.316381333532,0
10083,0.372849515414,0
10084,0.0274511345057,0
10085,0.477379129666,0
10086,0.418078894851,0
10087,0.553643014198,0
10088,0.510738918154,0
10089,0.634769937893,0
10090,0.65435305808,0
10091,0.30953628236,0
10092,0.528529561716,0
10093,0.621257495741,0
10094,0.458678030448,0
10095,0.581073536549,0
10096,0.523409213288,0
10097,0.875038154405,0
10098,1.0080719478,0
10099,0.877864150188,0
10100,0.759732369745,0
10101,0.992541983492,0
10102,1.0136696165,0
10103,0.896776335441,0
10104,0.901999474973,0
10105,1.25525390111,0
10106,1.36775039074,0
10107,1.08329785867,0
10108,1.45907238278,0
10109,1.0905458222,0
10110,1.54532896832,0
10111,1.29714186754,0
10112,1.42835346489,0
10113,1.32365713971,0
10114,1.50552380197,0
10115,1.62561001529,0
10116,1.73262465191,0
10117,1.45704464125,0
10118,1.8292652887,0
10119,1.59948440855,0
10120,1.61791633369,0
10121,1.59725954566,0
10122,1.87122514633,0
10123,1.67687822602,0
10124,1.70678438648,0
10125,1.72555413428,0
10126,1.78920745691,0
10127,1.90921454525,0
10128,2.18017472042,0
10129,2.03337002957,0
10130,1.909386811,0
10131,2.25258395322,0
10132,2.23558306016,0
10133,1.92686646877,0
10134,2.22335776222,0
10135,2.35710983385,0
10136,2.3592351959,0
10137,2.05935990286,0
10138,2.40747861799,0
10139,2.05379578082,0
10140,2.38338780393,0
10141,2.44608285836,0
10142,2.27668868991,0
10143,2.3023834953,0
10144,2.07846020343,0
10145,2.16394887716,0
10146,2.48934059795,0
10147,2.42756448592,0
10148,2.35087803997,0
10149,2.08760926558,0
10150,2.10504888012,0
10151,2.34349726941,0
10152,2.47950869537,0
10153,2.40621929354,0
10154,2.27104156965,0
10155,2.23729552382,0
10156,2.31076844273,0
10157,2.27806722708,0
10158,2.19412015726,0
10159,2.01438458591,0
10160,2.25614962679,0
10161,1.98775906047,0
10162,2.15497375659,0
10163,1.95483538643,0
10164,2.25621637784,0
10165,1.96350683116,0
10166,2.16384062066,0
10167,1.95677369266,0
10168,1.95866367288,0
10169,2.16516985129,0
10170,1.80238882914,0
10171,1.91052355998,0
10172,1.7476202724,0
10173,2.048181477,0
10174,1.75931008257,0
10175,1.64604714459,0
10176,1.90622235242,0
10177,1.99000422616,0
10178,1.69278601923,0
10179,1.89109129322,0
10180,1.68706678285,0
10181,1.8422934623,0
10182,1.77114969603,0
10183,1.3543385535,0
10184,1.64924672681,0
10185,1.6956214237,0
10186,1.26927719541,0
10187,1.22668813444,0
10188,1.54286869015,0
10189,1.52055659433,0
10190,1.20774252759,0
10191,1.23328702796,0
10192,0.99673590814,0
10193,1.01593321654,0
10194,1.26710056877,0
10195,1.26759067244,0
10196,1.09371752696,0
10197,1.1751977018,0
10198,0.80164637552,0
10199,1.09436227473,0
10200,0.657251153948,0
10201,0.722973448484,0
10202,0.937234444746,0
10203,0.73972166321,0
10204,0.562556234392,0
10205,0.411906310301,0
10206,0.687870167003,0
10207,0.320838697171,0
10208,0.392086577003,0
10209,0.433774032424,0
10210,0.57543998399,0
10211,0.319958984597,0
10212,0.40632280888,0
10213,0.186405086784,0
10214,0.0812949314613,0
10215,0.357191423022,0
10216,0.109064857409,0
10217,-0.104794331067,0
10218,-0.100408544922,0
10219,0.0655286311457,0
10220,0.177727233982,0
10221,-0.188834228496,0
10222,-0.0897615595818,0
10223,-0.319705080629,0
10224,-0.351817677785,0
10225,-0.00182984055769,0
10226,-0.0654085245353,0
10227,-0.0246284196574,0
10228,-0.0965074688517,0
10229,-0.132396001506,0
10230,-0.323519865811,0
10231,-0.440854957941,0
10232,-0.450016167762,0
10233,-0.235442300086,0
10234,-0.615345187825,0
10235,-0.636542750927,0
10236,-0.241609297187,0
10237,-0.53367980673,0
10238,-0.589667040417,0
10239,-0.696235120995,0
10240,-0.72170069829,0
10241,-0.318084130037,0
10242,-0.690082455014,0
10243,-0.733285013064,0
10244,-0.449993875495,0
10245,-0.430249897365,0
10246,-0.540850218041,0
10247,-0.412712970567,0
10248,-0.614539477597,0
10249,-0.75239405511,0
10250,-0.623144309424,0
10251,-0.370763637217,0
10252,-0.786858961288,0
10253,-0.641379679339,0
10254,-0.758328955719,0
10255,-0.499148212599,0
10256,-0.760867902994,0
10257,-0.369601074788,0
10258,-0.487122430957,0
10259,-0.639664935828,0
10260,-0.717186472933,0
10261,-0.400171046899,0
10262,-0.28247411357,0
10263,-0.270542923476,0
10264,-0.294327924879,0
10265,-0.319570696912,0
10266,-0.462171413556,0
10267,-0.29098895824,0
10268,-0.168192059153,0
10269,-0.378921536798,0
10270,-0.478110601895,0
10271,-0.161099896578,0
10272,-0.135854731746,0
10273,-0.135995969075,0
10274,-0.291304610685,0
10275,-0.35656152439,0
10276,-0.136370760765,0
10277,-0.109937266004,0
10278,0.0182615121941,0
10279,-0.117401367558,0
10280,-0.189035101216,0
10281,-0.160535172409,0
10282,0.249322556105,0
10283,0.305790737987,0
10284,-0.0396076429212,0
10285,0.410320352239,0
10286,0.351020117424,0
10287,0.486584236771,0
10288,0.443680140727,0
10289,0.567711160466,0
10290,0.587294280653,0
10291,0.242477504933,0
10292,0.461470784289,0
10293,0.554198718314,0
10294,0.391619253021,0
10295,0.514014759122,0
10296,0.456350435861,0
10297,0.807979376978,0
10298,0.941013170374,0
10299,0.810805372761,0
10300,0.692673592318,0
10301,0.925483206065,0
10302,0.946610839072,0
10303,0.829717558014,0
10304,0.834940697546,0
10305,1.18819512368,0
10306,1.30069161332,0
10307,1.01623908124,0
10308,1.39201360535,0
10309,1.02348704478,0
10310,1.47827019089,0
10311,1.23008309012,0
10312,1.36129468747,0
10313,1.25659836229,0
10314,1.43846502454,0
10315,1.55855123786,0
10316,1.66556587449,0
10317,1.38998586382,0
10318,1.76220651127,0
10319,1.53242563113,0
10320,1.55085755626,0
10321,1.53020076823,0
10322,1.8041663689,0
10323,1.60981944859,0
10324,1.63972560905,0
10325,1.65849535685,0
10326,1.72214867949,0
10327,1.84215576782,0
10328,2.11311594299,0
10329,1.96631125214,0
10330,1.84232803357,0
10331,2.18552517579,0
10332,2.16852428273,0
10333,1.85980769134,0
10334,2.15629898479,0
10335,2.29005105642,0
10336,2.29217641847,0
10337,1.99230112544,0
10338,2.34041984056,0
10339,1.9867370034,0
10340,2.3163290265,0
10341,2.37902408093,0
10342,2.20962991249,0
10343,2.23532471787,0
10344,2.011401426,0
10345,2.09689009974,0
10346,2.42228182052,0
10347,2.36050570849,0
10348,2.28381926254,0
10349,2.02055048816,0
10350,2.03799010269,0
10351,2.27643849199,0
10352,2.41244991794,0
10353,2.33916051611,0
10354,2.20398279222,0
10355,2.1702367464,0
10356,2.24370966531,0
10357,2.21100844965,0
10358,2.12706137984,0
10359,1.94732580848,0
10360,2.18909084937,0
10361,1.92070028304,0
10362,2.08791497917,0
10363,1.88777660901,0
10364,2.18915760041,0
10365,1.89644805373,0
10366,2.09678184323,0
10367,1.88971491524,0
10368,1.89160489546,0
10369,2.09811107387,0
10370,1.73533005171,0
10371,1.84346478255,0
10372,1.68056149497,0
10373,1.98112269957,0
10374,1.69225130515,0
10375,1.57898836716,0
10376,1.83916357499,0
10377,1.92294544873,0
10378,1.62572724181,0
10379,1.8240325158,0
10380,1.62000800542,0
10381,1.77523468488,0
10382,1.70409091861,0
10383,1.28727977607,0
10384,1.58218794938,0
10385,1.62856264627,0
10386,1.20221841798,0
10387,1.15962935701,0
10388,1.47580991272,0
10389,1.4534978169,0
10390,1.14068375017,0
10391,1.16622825054,0
10392,0.929677130713,0
10393,0.948874439109,0
10394,1.20004179134,0
10395,1.20053189501,0
10396,1.02665874953,0
10397,1.10813892438,0
10398,0.734587598093,0
10399,1.0273034973,0
10400,0.610528269297,0
10401,0.676250563833,0
10402,0.890511560095,0
10403,0.69299877856,0
10404,0.515833349741,0
10405,0.365183425651,0
10406,0.641147282353,0
10407,0.27411581252,0
10408,0.345363692352,0
10409,0.387051147774,0
10410,0.52871709934,0
10411,0.273236099947,0
10412,0.35959992423,0
10413,0.139682202134,0
10414,0.034572046811,0
10415,0.310468538372,0
10416,0.0623419727586,0
10417,-0.151517215717,0
10418,-0.147131429573,0
10419,0.0188057464953,0
10420,0.131004349332,0
10421,-0.235557113146,0
10422,-0.136484444232,0
10423,-0.366427965279,0
10424,-0.398540562436,0
10425,-0.0485527252081,0
10426,-0.112131409186,0
10427,-0.0713513043078,0
10428,-0.143230353502,0
10429,-0.179118886156,0
10430,-0.370242750462,0
10431,-0.487577842591,0
10432,-0.496739052413,0
10433,-0.282165184736,0
10434,-0.662068072476,0
10435,-0.683265635577,0
10436,-0.288332181837,0
10437,-0.58040269138,0
10438,-0.636389925068,0
10439,-0.742958005645,0
10440,-0.76842358294,0
10441,-0.364807014687,0
10442,-0.736805339664,0
10443,-0.780007897715,0
10444,-0.496716760146,0
10445,-0.476972782016,0
10446,-0.587573102692,0
10447,-0.459435855217,0
10448,-0.661262362248,0
10449,-0.79911693976,0
10450,-0.669867194074,0
10451,-0.417486521868,0
10452,-0.833581845938,0
10453,-0.688102563989,0
10454,-0.80505184037,0
10455,-0.54587109725,0
10456,-0.807590787644,0
10457,-0.416323959438,0
10458,-0.533845315607,0
10459,-0.686387820478,0
10460,-0.763909357584,0
10461,-0.446893931549,0
10462,-0.329196998221,0
10463,-0.317265808127,0
10464,-0.341050809529,0
10465,-0.366293581562,0
10466,-0.508894298206,0
10467,-0.33771184289,0
10468,-0.214914943803,0
10469,-0.425644421448,0
10470,-0.524833486545,0
10471,-0.207822781229,0
10472,-0.182577616397,0
10473,-0.182718853725,0
10474,-0.338027495335,0
10475,-0.403284409041,0
10476,-0.183093645415,0
10477,-0.156660150655,0
10478,-0.0284613724562,0
10479,-0.164124252208,0
10480,-0.235757985866,0
10481,-0.20725805706,0
10482,0.202599671455,0
10483,0.259067853337,0
10484,-0.0863305275716,0
10485,0.363597467589,0
10486,0.304297232774,0
10487,0.439861352121,0
10488,0.396957256076,0
10489,0.520988275816,0
10490,0.540571396003,0
10491,0.195754620283,0
10492,0.414747899639,0
10493,0.507475833664,0
10494,0.344896368371,0
10495,0.467291874472,0
10496,0.409627551211,0
10497,0.761256492327,0
10498,0.894290285724,0
10499,0.764082488111,0
10500,0.645950707668,0
10501,0.878760321415,0
10502,0.899887954422,0
10503,0.782994673363,0
10504,0.788217812895,0
10505,1.14147223903,0
10506,1.25396872867,0
10507,0.969516196591,0
10508,1.3452907207,0
10509,0.976764160127,0
10510,1.43154730624,0
10511,1.18336020547,0
10512,1.31457180282,0
10513,1.20987547764,0
10514,1.39174213989,0
10515,1.51182835321,0
10516,1.61884298984,0
10517,1.34326297917,0
10518,1.71548362662,0
10519,1.48570274647,0
10520,1.50413467161,0
10521,1.48347788358,0
10522,1.75744348425,0
10523,1.56309656394,0
10524,1.5930027244,0
10525,1.6117724722,0
10526,1.67542579484,0
10527,1.79543288317,0
10528,2.06639305834,0
10529,1.91958836749,0
10530,1.79560514892,0
10531,2.13880229114,0
10532,2.12180139808,0
10533,1.81308480669,0
10534,2.10957610014,0
10535,2.24332817177,0
10536,2.24545353382,0
10537,1.94557824079,0
10538,2.29369695591,0
10539,1.94001411875,0
10540,2.26960614185,0
10541,2.33230119628,0
10542,2.16290702784,0
10543,2.18860183322,0
10544,1.96467854135,0
10545,2.05016721509,0
10546,2.37555893587,0
10547,2.31378282384,0
10548,2.23709637789,0
10549,1.9738276035,0
10550,1.99126721804,0
10551,2.22971560734,0
10552,2.36572703329,0
10553,2.29243763146,0
10554,2.15725990757,0
10555,2.12351386175,0
10556,2.19698678066,0
10557,2.164285565,0
10558,2.08033849519,0
10559,1.90060292383,0
10560,2.14236796472,0
10561,1.87397739839,0
10562,2.04119209452,0
10563,1.84105372436,0
10564,2.14243471576,0
10565,1.84972516908,0
10566,2.05005895858,0
10567,1.84299203059,0
10568,1.84488201081,0
10569,2.05138818922,0
10570,1.68860716706,0
10571,1.7967418979,0
10572,1.63383861032,0
10573,1.93439981492,0
10574,1.6455284205,0
10575,1.53226548251,0
10576,1.79244069034,0
10577,1.87622256408,0
10578,1.57900435716,0
10579,1.77730963115,0
10580,1.57328512077,0
10581,1.72851180023,0
10582,1.65736803396,0
10583,1.24055689142,0
10584,1.53546506473,0
10585,1.58183976162,0
10586,1.15549553333,0
10587,1.11290647236,0
10588,1.42908702807,0
10589,1.40677493225,0
10590,1.09396086552,0
10591,1.11950536589,0
10592,0.882954246063,0
10593,0.902151554458,0
10594,1.15331890669,0
10595,1.15380901036,0
10596,0.979935864884,0
10597,1.06141603973,0
10598,0.687864713443,0
10599,0.980580612653,0
10600,0.878449481299,0
10601,0.944171775836,0
10602,1.1584327721,0
10603,0.960919990562,0
10604,0.783754561743,0
10605,0.633104637653,0
10606,0.909068494355,0
10607,0.542037024522,0
10608,0.613284904355,0
10609,0.654972359776,0
10610,0.796638311342,0
10611,0.541157311949,0
10612,0.627521136232,0
10613,0.407603414136,0
10614,0.302493258813,0
10615,0.578389750374,0
10616,0.330263184761,0
10617,0.116403996285,0
10618,0.12078978243,0
10619,0.286726958497,0
10620,0.398925561334,0
10621,0.0323640988559,0
10622,0.13143676777,0
10623,-0.0985067532772,0
10624,-0.130619350434,0
10625,0.219368486794,0
10626,0.155789802816,0
10627,0.196569907694,0
10628,0.1246908585,0
10629,0.088802325846,0
10630,-0.10232153846,0
10631,-0.219656630589,0
10632,-0.22881784041,0
10633,-0.0142439727342,0
10634,-0.394146860473,0
10635,-0.415344423575,0
10636,-0.0204109698353,0
10637,-0.312481479378,0
10638,-0.368468713065,0
10639,-0.475036793643,0
10640,-0.500502370938,0
10641,-0.0968858026848,0
10642,-0.468884127662,0
10643,-0.512086685713,0
10644,-0.228795548144,0
10645,-0.209051570013,0
10646,-0.319651890689,0
10647,-0.191514643215,0
10648,-0.393341150245,0
10649,-0.531195727758,0
10650,-0.401945982072,0
10651,-0.149565309865,0
10652,-0.565660633936,0
10653,-0.420181351987,0
10654,-0.537130628367,0
10655,-0.277949885248,0
10656,-0.539669575642,0
10657,-0.148402747436,0
10658,-0.265924103605,0
10659,-0.418466608476,0
10660,-0.495988145582,0
10661,-0.178972719547,0
10662,-0.0612757862187,0
10663,-0.0493445961244,0
10664,-0.0731295975267,0
10665,-0.09837236956,0
10666,-0.240973086204,0
10667,-0.0697906308879,0
10668,0.053006268199,0
10669,-0.157723209446,0
10670,-0.256912274543,0
10671,0.0600984307733,0
10672,0.0853435956055,0
10673,0.085202358277,0
10674,-0.0701062833332,0
10675,-0.135363197039,0
10676,0.0848275665871,0
10677,0.111261061348,0
10678,0.239459839546,0
10679,0.103796959794,0
10680,0.0321632261357,0
10681,0.0606631549423,0
10682,0.470520883457,0
10683,0.526989065339,0
10684,0.181590684431,0
10685,0.631518679591,0
10686,0.572218444776,0
10687,0.707782564123,0
10688,0.664878468078,0
10689,0.788909487818,0
10690,0.808492608005,0
10691,0.463675832285,0
10692,0.682669111641,0
10693,0.775397045666,0
10694,0.612817580373,0
10695,0.735213086474,0
10696,0.677548763213,0
10697,1.02917770433,0
10698,1.16221149773,0
10699,1.03200370011,0
10700,0.91387191967,0
10701,1.14668153342,0
10702,1.16780916642,0
10703,1.05091588537,0
10704,1.0561390249,0
10705,1.40939345104,0
10706,1.52188994067,0
10707,1.23743740859,0
10708,1.61321193271,0
10709,1.24468537213,0
10710,1.69946851824,0
10711,1.45128141747,0
10712,1.58249301482,0
10713,1.47779668964,0
10714,1.65966335189,0
10715,1.77974956521,0
10716,1.88676420184,0
10717,1.61118419118,0
10718,1.98340483862,0
10719,1.75362395848,0
10720,1.77205588361,0
10721,1.75139909558,0
10722,2.02536469625,0
10723,1.83101777594,0
10724,1.8609239364,0
10725,1.87969368421,0
10726,1.94334700684,0
10727,2.06335409517,0
10728,2.33431427034,0
10729,2.18750957949,0
10730,2.06352636092,0
10731,2.40672350315,0
10732,2.38972261008,0
10733,2.08100601869,0
10734,2.37749731215,0
10735,2.51124938377,0
10736,2.51337474582,0
10737,2.21349945279,0
10738,2.56161816791,0
10739,2.20793533075,0
10740,2.53752735386,0
10741,2.60022240829,0
10742,2.43082823984,0
10743,2.45652304523,0
10744,2.23259975336,0
10745,2.31808842709,0
10746,2.64348014787,0
10747,2.58170403584,0
10748,2.5050175899,0
10749,2.24174881551,0
10750,2.25918843005,0
10751,2.49763681934,0
10752,2.6336482453,0
10753,2.56035884346,0
10754,2.42518111957,0
10755,2.39143507375,0
10756,2.46490799266,0
10757,2.432206777,0
10758,2.34825970719,0
10759,2.16852413584,0
10760,2.41028917672,0
10761,2.14189861039,0
10762,2.30911330652,0
10763,2.10897493636,0
10764,2.41035592777,0
10765,2.11764638108,0
10766,2.31798017058,0
10767,2.11091324259,0
10768,2.11280322281,0
10769,2.31930940122,0
10770,1.95652837906,0
10771,2.06466310991,0
10772,1.90175982232,0
10773,2.20232102693,0
10774,1.9134496325,0
10775,1.80018669451,0
10776,2.06036190235,0
10777,2.14414377608,0
10778,1.84692556916,0
10779,2.04523084315,0
10780,1.84120633277,0
10781,1.99643301223,0
10782,1.92528924596,0
10783,1.50847810343,0
10784,1.80338627673,0
10785,1.84976097362,0
10786,1.42341674533,0
10787,1.38082768436,0
10788,1.69700824007,0
10789,1.67469614425,0
10790,1.36188207752,0
10791,1.38742657789,0
10792,1.15087545807,0
10793,1.17007276646,0
10794,1.42124011869,0
10795,1.42173022236,0
10796,1.24785707689,0
10797,1.32933725173,0
10798,0.955785925445,0
10799,1.24850182465,0
10800,0.962161701643,0
10801,1.02788399618,0
10802,1.24214499244,0
10803,1.04463221091,0
10804,0.867466782087,0
10805,0.716816857997,0
10806,0.992780714699,0
10807,0.625749244866,0
10808,0.696997124698,0
10809,0.73868458012,0
10810,0.880350531685,0
10811,0.624869532293,0
10812,0.711233356576,0
10813,0.49131563448,0
10814,0.386205479157,0
10815,0.662101970718,0
10816,0.413975405105,0
10817,0.200116216629,0
10818,0.204502002773,0
10819,0.370439178841,0
10820,0.482637781678,0
10821,0.1160763192,0
10822,0.215148988114,0
10823,-0.0147945329333,0
10824,-0.0469071300897,0
10825,0.303080707138,0
10826,0.23950202316,0
10827,0.280282128038,0
10828,0.208403078844,0
10829,0.17251454619,0
10830,-0.0186093181158,0
10831,-0.135944410245,0
10832,-0.145105620067,0
10833,0.0694682476096,0
10834,-0.31043464013,0
10835,-0.331632203232,0
10836,0.0633012505085,0
10837,-0.228769259034,0
10838,-0.284756492722,0
10839,-0.391324573299,0
10840,-0.416790150594,0
10841,-0.013173582341,0
10842,-0.385171907318,0
10843,-0.428374465369,0
10844,-0.1450833278,0
10845,-0.12533934967,0
10846,-0.235939670346,0
10847,-0.107802422871,0
10848,-0.309628929902,0
10849,-0.447483507414,0
10850,-0.318233761728,0
10851,-0.0658530895217,0
10852,-0.481948413592,0
10853,-0.336469131643,0
10854,-0.453418408024,0
10855,-0.194237664904,0
10856,-0.455957355298,0
10857,-0.0646905270921,0
10858,-0.182211883261,0
10859,-0.334754388132,0
10860,-0.412275925238,0
10861,-0.0952604992034,0
10862,0.0224364341252,0
10863,0.0343676242194,0
10864,0.0105826228171,0
10865,-0.0146601492161,0
10866,-0.15726086586,0
10867,0.0139215894559,0
10868,0.136718488543,0
10869,-0.0740109891023,0
10870,-0.173200054199,0
10871,0.143810651117,0
10872,0.169055815949,0
10873,0.168914578621,0
10874,0.0136059370107,0
10875,-0.0516509766947,0
10876,0.168539786931,0
10877,0.194973281691,0
10878,0.32317205989,0
10879,0.187509180138,0
10880,0.11587544648,0
10881,0.144375375286,0
10882,0.554233103801,0
10883,0.610701285683,0
10884,0.265302904774,0
10885,0.715230899935,0
10886,0.65593066512,0
10887,0.791494784467,0
10888,0.748590688422,0
10889,0.872621708162,0
10890,0.892204828349,0
10891,0.547388052629,0
10892,0.766381331985,0
10893,0.85910926601,0
10894,0.696529800717,0
10895,0.818925306818,0
10896,0.761260983557,0
10897,1.11288992467,0
10898,1.24592371807,0
10899,1.11571592046,0
10900,0.997584140014,0
10901,1.23039375376,0
10902,1.25152138677,0
10903,1.13462810571,0
10904,1.13985124524,0
10905,1.49310567138,0
10906,1.60560216101,0
10907,1.32114962894,0
10908,1.69692415305,0
10909,1.32839759247,0
10910,1.78318073859,0
10911,1.53499363781,0
10912,1.66620523516,0
10913,1.56150890998,0
10914,1.74337557224,0
10915,1.86346178556,0
10916,1.97047642218,0
10917,1.69489641152,0
10918,2.06711705896,0
10919,1.83733617882,0
10920,1.85576810396,0
10921,1.83511131593,0
10922,2.1090769166,0
10923,1.91472999629,0
10924,1.94463615674,0
10925,1.96340590455,0
10926,2.02705922718,0
10927,2.14706631552,0
10928,2.41802649068,0
10929,2.27122179984,0
10930,2.14723858126,0
10931,2.49043572349,0
10932,2.47343483043,0
10933,2.16471823904,0
10934,2.46120953249,0
10935,2.59496160412,0
10936,2.59708696617,0
10937,2.29721167313,0
10938,2.64533038825,0
10939,2.29164755109,0
10940,2.6212395742,0
10941,2.68393462863,0
10942,2.51454046018,0
10943,2.54023526557,0
10944,2.3163119737,0
10945,2.40180064743,0
10946,2.72719236822,0
10947,2.66541625619,0
10948,2.58872981024,0
10949,2.32546103585,0
10950,2.34290065039,0
10951,2.58134903968,0
10952,2.71736046564,0
10953,2.64407106381,0
10954,2.50889333992,0
10955,2.47514729409,0
10956,2.548620213,0
10957,2.51591899735,0
10958,2.43197192753,0
10959,2.25223635618,0
10960,2.49400139706,0
10961,2.22561083074,0
10962,2.39282552686,0
10963,2.1926871567,0
10964,2.49406814811,0
10965,2.20135860143,0
10966,2.40169239093,0
10967,2.19462546293,0
10968,2.19651544315,0
10969,2.40302162156,0
10970,2.0402405994,0
10971,2.14837533025,0
10972,1.98547204266,0
10973,2.28603324727,0
10974,1.99716185284,0
10975,1.88389891486,0
10976,2.14407412269,0
10977,2.22785599642,0
10978,1.9306377895,0
10979,2.12894306349,0
10980,1.92491855312,0
10981,2.08014523257,0
10982,2.0090014663,0
10983,1.59219032377,0
10984,1.88709849708,0
10985,1.93347319396,0
10986,1.50712896568,0
10987,1.46453990471,0
10988,1.78072046042,0
10989,1.7584083646,0
10990,1.44559429786,0
10991,1.47113879823,0
10992,1.23458767841,0
10993,1.2537849868,0
10994,1.50495233904,0
10995,1.50544244271,0
10996,1.33156929723,0
10997,1.41304947207,0
10998,1.03949814579,0
10999,1.332214045,0
11000,0.757072800387,0
11001,0.822795094924,0
11002,1.03705609119,0
11003,0.83954330965,0
11004,0.662377880831,0
11005,0.511727956741,0
11006,0.787691813443,0
11007,0.420660343611,0
11008,0.491908223443,0
11009,0.533595678864,0
11010,0.67526163043,0
11011,0.419780631037,0
11012,0.50614445532,0
11013,0.286226733224,0
11014,0.181116577901,0
11015,0.457013069462,0
11016,0.208886503849,0
11017,-0.00497268462673,0
11018,-0.000586898482187,0
11019,0.165350277586,0
11020,0.277548880422,0
11021,-0.0890125820559,0
11022,0.0100600868582,0
11023,-0.219883434189,0
11024,-0.251996031345,0
11025,0.0979918058823,0
11026,0.0344131219046,0
11027,0.0751932267825,0
11028,0.00331417758823,0
11029,-0.0325743550659,0
11030,-0.223698219371,0
11031,-0.341033311501,0
11032,-0.350194521322,0
11033,-0.135620653646,0
11034,-0.515523541385,0
11035,-0.536721104487,0
11036,-0.141787650747,0
11037,-0.43385816029,0
11038,-0.489845393977,0
11039,-0.596413474555,0
11040,-0.62187905185,0
11041,-0.218262483597,0
11042,-0.590260808574,0
11043,-0.633463366625,0
11044,-0.350172229055,0
11045,-0.330428250925,0
11046,-0.441028571601,0
11047,-0.312891324127,0
11048,-0.514717831157,0
11049,-0.65257240867,0
11050,-0.523322662984,0
11051,-0.270941990777,0
11052,-0.687037314848,0
11053,-0.541558032899,0
11054,-0.658507309279,0
11055,-0.399326566159,0
11056,-0.661046256554,0
11057,-0.269779428348,0
11058,-0.387300784517,0
11059,-0.539843289388,0
11060,-0.617364826493,0
11061,-0.300349400459,0
11062,-0.18265246713,0
11063,-0.170721277036,0
11064,-0.194506278439,0
11065,-0.219749050472,0
11066,-0.362349767116,0
11067,-0.1911673118,0
11068,-0.0683704127128,0
11069,-0.279099890358,0
11070,-0.378288955455,0
11071,-0.0612782501385,0
11072,-0.0360330853063,0
11073,-0.0361743226348,0
11074,-0.191482964245,0
11075,-0.25673987795,0
11076,-0.0365491143247,0
11077,-0.0101156195642,0
11078,0.118083158634,0
11079,-0.0175797211178,0
11080,-0.0892134547762,0
11081,-0.0607135259695,0
11082,0.349144202545,0
11083,0.405612384427,0
11084,0.0602140035187,0
11085,0.510141998679,0
11086,0.450841763864,0
11087,0.586405883211,0
11088,0.543501787167,0
11089,0.667532806906,0
11090,0.687115927093,0
11091,0.342299151373,0
11092,0.561292430729,0
11093,0.654020364754,0
11094,0.491440899461,0
11095,0.613836405562,0
11096,0.556172082301,0
11097,0.907801023418,0
11098,1.04083481681,0
11099,0.910627019201,0
11100,0.792495238758,0
11101,1.02530485251,0
11102,1.04643248551,0
11103,0.929539204454,0
11104,0.934762343986,0
11105,1.28801677012,0
11106,1.40051325976,0
11107,1.11606072768,0
11108,1.49183525179,0
11109,1.12330869122,0
11110,1.57809183733,0
11111,1.32990473656,0
11112,1.46111633391,0
11113,1.35642000873,0
11114,1.53828667098,0
11115,1.6583728843,0
11116,1.76538752093,0
11117,1.48980751026,0
11118,1.86202815771,0
11119,1.63224727757,0
11120,1.6506792027,0
11121,1.63002241467,0
11122,1.90398801534,0
11123,1.70964109503,0
11124,1.73954725549,0
11125,1.75831700329,0
11126,1.82197032593,0
11127,1.94197741426,0
11128,2.21293758943,0
11129,2.06613289858,0
11130,1.94214968001,0
11131,2.28534682223,0
11132,2.26834592917,0
11133,1.95962933778,0
11134,2.25612063123,0
11135,2.38987270286,0
11136,2.39199806491,0
11137,2.09212277188,0
11138,2.440241487,0
11139,2.08655864984,0
11140,2.41615067294,0
11141,2.47884572737,0
11142,2.30945155893,0
11143,2.33514636431,0
11144,2.11122307244,0
11145,2.19671174618,0
11146,2.52210346696,0
11147,2.46032735493,0
11148,2.38364090898,0
11149,2.1203721346,0
11150,2.13781174913,0
11151,2.37626013843,0
11152,2.51227156438,0
11153,2.43898216255,0
11154,2.30380443866,0
11155,2.27005839284,0
11156,2.34353131175,0
11157,2.31083009609,0
11158,2.22688302628,0
11159,2.04714745492,0
11160,2.28891249581,0
11161,2.02052192948,0
11162,2.18773662561,0
11163,1.98759825545,0
11164,2.28897924685,0
11165,1.99626970017,0
11166,2.19660348967,0
11167,1.98953656168,0
11168,1.9914265419,0
11169,2.19793272031,0
11170,1.83515169815,0
11171,1.94328642899,0
11172,1.78038314141,0
11173,2.08094434601,0
11174,1.79207295159,0
11175,1.6788100136,0
11176,1.93898522143,0
11177,2.02276709517,0
11178,1.72554888825,0
11179,1.92385416224,0
11180,1.71982965186,0
11181,1.87505633132,0
11182,1.80391256505,0
11183,1.38710142251,0
11184,1.68200959582,0
11185,1.72838429271,0
11186,1.30204006442,0
11187,1.25945100345,0
11188,1.57563155916,0
11189,1.55331946334,0
11190,1.24050539661,0
11191,1.26604989698,0
11192,1.02949877715,0
11193,1.04869608555,0
11194,1.29986343778,0
11195,1.30035354145,0
11196,1.12648039597,0
11197,1.20796057082,0
11198,0.834409244533,0
11199,1.12712514374,0
11200,0.736643880735,0
11201,0.802366175271,0
11202,1.01662717153,0
11203,0.819114389997,0
11204,0.641948961179,0
11205,0.491299037088,0
11206,0.76726289379,0
11207,0.400231423958,0
11208,0.47147930379,0
11209,0.513166759211,0
11210,0.654832710777,0
11211,0.399351711384,0
11212,0.485715535667,0
11213,0.265797813572,0
11214,0.160687658248,0
11215,0.436584149809,0
11216,0.188457584196,0
11217,-0.0254016042796,0
11218,-0.0210158181351,0
11219,0.144921357933,0
11220,0.257119960769,0
11221,-0.109441501709,0
11222,-0.0103688327947,0
11223,-0.240312353842,0
11224,-0.272424950998,0
11225,0.0775628862294,0
11226,0.0139842022517,0
11227,0.0547643071296,0
11228,-0.0171147420647,0
11229,-0.0530032747188,0
11230,-0.244127139024,0
11231,-0.361462231154,0
11232,-0.370623440975,0
11233,-0.156049573299,0
11234,-0.535952461038,0
11235,-0.55715002414,0
11236,-0.1622165704,0
11237,-0.454287079943,0
11238,-0.51027431363,0
11239,-0.616842394208,0
11240,-0.642307971503,0
11241,-0.23869140325,0
11242,-0.610689728227,0
11243,-0.653892286277,0
11244,-0.370601148708,0
11245,-0.350857170578,0
11246,-0.461457491254,0
11247,-0.33332024378,0
11248,-0.53514675081,0
11249,-0.673001328323,0
11250,-0.543751582637,0
11251,-0.29137091043,0
11252,-0.707466234501,0
11253,-0.561986952552,0
11254,-0.678936228932,0
11255,-0.419755485812,0
11256,-0.681475176206,0
11257,-0.290208348001,0
11258,-0.40772970417,0
11259,-0.560272209041,0
11260,-0.637793746146,0
11261,-0.320778320112,0
11262,-0.203081386783,0
11263,-0.191150196689,0
11264,-0.214935198091,0
11265,-0.240177970125,0
11266,-0.382778686769,0
11267,-0.211596231453,0
11268,-0.0887993323658,0
11269,-0.299528810011,0
11270,-0.398717875108,0
11271,-0.0817071697914,0
11272,-0.0564620049592,0
11273,-0.0566032422877,0
11274,-0.211911883898,0
11275,-0.277168797603,0
11276,-0.0569780339776,0
11277,-0.0305445392171,0
11278,0.0976542389812,0
11279,-0.0380086407707,0
11280,-0.109642374429,0
11281,-0.0811424456224,0
11282,0.328715282892,0
11283,0.385183464774,0
11284,0.0397850838658,0
11285,0.489713079026,0
11286,0.430412844211,0
11287,0.565976963558,0
11288,0.523072867514,0
11289,0.647103887254,0
11290,0.66668700744,0
11291,0.321870231721,0
11292,0.540863511076,0
11293,0.633591445101,0
11294,0.471011979808,0
11295,0.593407485909,0
11296,0.535743162648,0
11297,0.887372103765,0
11298,1.02040589716,0
11299,0.890198099548,0
11300,0.772066319105,0
11301,1.00487593285,0
11302,1.02600356586,0
11303,0.909110284801,0
11304,0.914333424333,0
11305,1.26758785047,0
11306,1.3800843401,0
11307,1.09563180803,0
11308,1.47140633214,0
11309,1.10287977156,0
11310,1.55766291768,0
11311,1.3094758169,0
11312,1.44068741425,0
11313,1.33599108907,0
11314,1.51785775133,0
11315,1.63794396465,0
11316,1.74495860127,0
11317,1.46937859061,0
11318,1.84159923806,0
11319,1.61181835791,0
11320,1.63025028305,0
11321,1.60959349502,0
11322,1.88355909569,0
11323,1.68921217538,0
11324,1.71911833584,0
11325,1.73788808364,0
11326,1.80154140627,0
11327,1.92154849461,0
11328,2.19250866978,0
11329,2.04570397893,0
11330,1.92172076036,0
11331,2.26491790258,0
11332,2.24791700952,0
11333,1.93920041813,0
11334,2.23569171158,0
11335,2.36944378321,0
11336,2.37156914526,0
11337,2.07169385222,0
11338,2.41981256735,0
11339,2.06612973018,0
11340,2.39572175329,0
11341,2.45841680772,0
11342,2.28902263927,0
11343,2.31471744466,0
11344,2.09079415279,0
11345,2.17628282653,0
11346,2.50167454731,0
11347,2.43989843528,0
11348,2.36321198933,0
11349,2.09994321494,0
11350,2.11738282948,0
11351,2.35583121877,0
11352,2.49184264473,0
11353,2.4185532429,0
11354,2.28337551901,0
11355,2.24962947318,0
11356,2.32310239209,0
11357,2.29040117644,0
11358,2.20645410662,0
11359,2.02671853527,0
11360,2.26848357615,0
11361,2.00009300983,0
11362,2.16730770595,0
11363,1.96716933579,0
11364,2.2685503272,0
11365,1.97584078052,0
11366,2.17617457002,0
11367,1.96910764202,0
11368,1.97099762224,0
11369,2.17750380065,0
11370,1.8147227785,0
11371,1.92285750934,0
11372,1.75995422176,0
11373,2.06051542636,0
11374,1.77164403193,0
11375,1.65838109395,0
11376,1.91855630178,0
11377,2.00233817552,0
11378,1.7051199686,0
11379,1.90342524258,0
11380,1.69940073221,0
11381,1.85462741166,0
11382,1.7834836454,0
11383,1.36667250286,0
11384,1.66158067617,0
11385,1.70795537306,0
11386,1.28161114477,0
11387,1.2390220838,0
11388,1.55520263951,0
11389,1.53289054369,0
11390,1.22007647695,0
11391,1.24562097732,0
11392,1.0090698575,0
11393,1.0282671659,0
11394,1.27943451813,0
11395,1.2799246218,0
11396,1.10605147632,0
11397,1.18753165116,0
11398,0.81398032488,0
11399,1.10669622409,0
11400,0.890200788644,0
11401,0.955923083181,0
11402,1.17018407944,0
11403,0.972671297907,0
11404,0.795505869088,0
11405,0.644855944998,0
11406,0.9208198017,0
11407,0.553788331867,0
11408,0.6250362117,0
11409,0.666723667121,0
11410,0.808389618687,0
11411,0.552908619294,0
11412,0.639272443577,0
11413,0.419354721481,0
11414,0.314244566158,0
11415,0.590141057719,0
11416,0.342014492106,0
11417,0.12815530363,0
11418,0.132541089775,0
11419,0.298478265843,0
11420,0.410676868679,0
11421,0.044115406201,0
11422,0.143188075115,0
11423,-0.0867554459321,0
11424,-0.118868043088,0
11425,0.231119794139,0
11426,0.167541110162,0
11427,0.208321215039,0
11428,0.136442165845,0
11429,0.100553633191,0
11430,-0.0905702311145,0
11431,-0.207905323244,0
11432,-0.217066533065,0
11433,-0.00249266538912,0
11434,-0.382395553128,0
11435,-0.40359311623,0
11436,-0.00865966249024,0
11437,-0.300730172033,0
11438,-0.35671740572,0
11439,-0.463285486298,0
11440,-0.488751063593,0
11441,-0.0851344953397,0
11442,-0.457132820317,0
11443,-0.500335378368,0
11444,-0.217044240799,0
11445,-0.197300262668,0
11446,-0.307900583344,0
11447,-0.17976333587,0
11448,-0.3815898429,0
11449,-0.519444420413,0
11450,-0.390194674727,0
11451,-0.13781400252,0
11452,-0.553909326591,0
11453,-0.408430044642,0
11454,-0.525379321022,0
11455,-0.266198577902,0
11456,-0.527918268297,0
11457,-0.136651440091,0
11458,-0.25417279626,0
11459,-0.406715301131,0
11460,-0.484236838236,0
11461,-0.167221412202,0
11462,-0.0495244788736,0
11463,-0.0375932887794,0
11464,-0.0613782901816,0
11465,-0.0866210622149,0
11466,-0.229221778859,0
11467,-0.0580393235428,0
11468,0.0647575755441,0
11469,-0.145971902101,0
11470,-0.245160967198,0
11471,0.0718497381184,0
11472,0.0970949029506,0
11473,0.0969536656221,0
11474,-0.0583549759881,0
11475,-0.123611889693,0
11476,0.0965788739322,0
11477,0.123012368693,0
11478,0.251211146891,0
11479,0.115548267139,0
11480,0.0439145334808,0
11481,0.0724144622874,0
11482,0.482272190802,0
11483,0.538740372684,0
11484,0.193341991776,0
11485,0.643269986936,0
11486,0.583969752121,0
11487,0.719533871468,0
11488,0.676629775423,0
11489,0.800660795163,0
11490,0.82024391535,0
11491,0.47542713963,0
11492,0.694420418986,0
11493,0.787148353011,0
11494,0.624568887718,0
11495,0.746964393819,0
11496,0.689300070558,0
11497,1.04092901167,0
11498,1.17396280507,0
11499,1.04375500746,0
11500,0.925623227015,0
11501,1.15843284076,0
11502,1.17956047377,0
11503,1.06266719271,0
11504,1.06789033224,0
11505,1.42114475838,0
11506,1.53364124801,0
11507,1.24918871594,0
11508,1.62496324005,0
11509,1.25643667947,0
11510,1.71121982559,0
11511,1.46303272481,0
11512,1.59424432216,0
11513,1.48954799698,0
11514,1.67141465924,0
11515,1.79150087256,0
11516,1.89851550918,0
11517,1.62293549852,0
11518,1.99515614597,0
11519,1.76537526582,0
11520,1.78380719096,0
11521,1.76315040293,0
11522,2.0371160036,0
11523,1.84276908329,0
11524,1.87267524375,0
11525,1.89144499155,0
11526,1.95509831418,0
11527,2.07510540252,0
11528,2.34606557769,0
11529,2.19926088684,0
11530,2.07527766827,0
11531,2.41847481049,0
11532,2.40147391743,0
11533,2.09275732604,0
11534,2.38924861949,0
11535,2.52300069112,0
11536,2.52512605317,0
11537,2.22525076013,0
11538,2.57336947526,0
11539,2.21968663809,0
11540,2.5492786612,0
11541,2.61197371563,0
11542,2.44257954718,0
11543,2.46827435257,0
11544,2.2443510607,0
11545,2.32983973443,0
11546,2.65523145522,0
11547,2.59345534319,0
11548,2.51676889724,0
11549,2.25350012285,0
11550,2.27093973739,0
11551,2.50938812668,0
11552,2.64539955264,0
11553,2.57211015081,0
11554,2.43693242692,0
11555,2.40318638109,0
11556,2.4766593,0
11557,2.44395808435,0
11558,2.36001101453,0
11559,2.18027544318,0
11560,2.42204048406,0
11561,2.15364991774,0
11562,2.32086461386,0
11563,2.1207262437,0
11564,2.42210723511,0
11565,2.12939768843,0
11566,2.32973147793,0
11567,2.12266454993,0
11568,2.12455453015,0
11569,2.33106070856,0
11570,1.96827968641,0
11571,2.07641441725,0
11572,1.91351112967,0
11573,2.21407233427,0
11574,1.92520093984,0
11575,1.81193800186,0
11576,2.07211320969,0
11577,2.15589508343,0
11578,1.8586768765,0
11579,2.05698215049,0
11580,1.85295764012,0
11581,2.00818431957,0
11582,1.9370405533,0
11583,1.52022941077,0
11584,1.81513758408,0
11585,1.86151228097,0
11586,1.43516805268,0
11587,1.39257899171,0
11588,1.70875954742,0
11589,1.6864474516,0
11590,1.37363338486,0
11591,1.39917788523,0
11592,1.16262676541,0
11593,1.18182407381,0
11594,1.43299142604,0
11595,1.43348152971,0
11596,1.25960838423,0
11597,1.34108855907,0
11598,0.96753723279,0
11599,1.260253132,0
11600,0.783876509146,0
11601,0.849598803682,0
11602,1.06385979994,0
11603,0.866347018408,0
11604,0.68918158959,0
11605,0.538531665499,0
11606,0.814495522202,0
11607,0.447464052369,0
11608,0.518711932201,0
11609,0.560399387623,0
11610,0.702065339188,0
11611,0.446584339796,0
11612,0.532948164079,0
11613,0.313030441983,0
11614,0.20792028666,0
11615,0.483816778221,0
11616,0.235690212607,0
11617,0.0218310241318,0
11618,0.0262168102763,0
11619,0.192153986344,0
11620,0.30435258918,0
11621,-0.0622088732974,0
11622,0.0368637956167,0
11623,-0.19307972543,0
11624,-0.225192322587,0
11625,0.124795514641,0
11626,0.0612168306631,0
11627,0.101996935541,0
11628,0.0301178863467,0
11629,-0.00577064630735,0
11630,-0.196894510613,0
11631,-0.314229602743,0
11632,-0.323390812564,0
11633,-0.108816944888,0
11634,-0.488719832627,0
11635,-0.509917395729,0
11636,-0.114983941989,0
11637,-0.407054451531,0
11638,-0.463041685219,0
11639,-0.569609765797,0
11640,-0.595075343091,0
11641,-0.191458774838,0
11642,-0.563457099815,0
11643,-0.606659657866,0
11644,-0.323368520297,0
11645,-0.303624542167,0
11646,-0.414224862843,0
11647,-0.286087615369,0
11648,-0.487914122399,0
11649,-0.625768699911,0
11650,-0.496518954225,0
11651,-0.244138282019,0
11652,-0.66023360609,0
11653,-0.51475432414,0
11654,-0.631703600521,0
11655,-0.372522857401,0
11656,-0.634242547795,0
11657,-0.242975719589,0
11658,-0.360497075759,0
11659,-0.513039580629,0
11660,-0.590561117735,0
11661,-0.273545691701,0
11662,-0.155848758372,0
11663,-0.143917568278,0
11664,-0.16770256968,0
11665,-0.192945341713,0
11666,-0.335546058357,0
11667,-0.164363603041,0
11668,-0.0415667039543,0
11669,-0.252296181599,0
11670,-0.351485246696,0
11671,-0.03447454138,0
11672,-0.0092293765478,0
11673,-0.0093706138763,0
11674,-0.164679255487,0
11675,-0.229936169192,0
11676,-0.00974540556619,0
11677,0.0166880891943,0
11678,0.144886867393,0
11679,0.00922398764072,0
11680,-0.0624097460177,0
11681,-0.033909817211,0
11682,0.375947911303,0
11683,0.432416093186,0
11684,0.0870177122772,0
11685,0.536945707438,0
11686,0.477645472623,0
11687,0.61320959197,0
11688,0.570305495925,0
11689,0.694336515665,0
11690,0.713919635852,0
11691,0.369102860132,0
11692,0.588096139487,0
11693,0.680824073513,0
11694,0.51824460822,0
11695,0.640640114321,0
11696,0.58297579106,0
11697,0.934604732176,0
11698,1.06763852557,0
11699,0.93743072796,0
11700,0.819298947516,0
11701,1.05210856126,0
11702,1.07323619427,0
11703,0.956342913212,0
11704,0.961566052744,0
11705,1.31482047888,0
11706,1.42731696852,0
11707,1.14286443644,0
11708,1.51863896055,0
11709,1.50757464706,1
11710,1.65908647913,1
11711,1.79997846683,1
11712,1.92815151301,1
11713,2.04169601523,1
11714,2.13892031633,1
11715,2.21837590768,1
11716,2.27887901009,1
11717,2.31952821037,1
11718,2.33971789127,1
11719,2.33914725426,1
11720,2.31782480104,1
11721,2.2760682069,1
11722,2.21449958774,1
11723,2.13403623148,1
11724,2.03587693164,1
11725,1.92148412702,1
11726,1.79256211336,1
11727,1.65103165164,1
11728,1.49900135144,1
11729,1.33873625549,1
11730,1.17262409368,1
11731,1.00313970917,1
11732,0.832808186574,1
11733,0.664167231728,1
11734,0.49972936332,1
11735,0.341944479819,1
11736,0.193163359358,1
11737,0.0556026363594,1
11738,-0.0686882232706,1
11739,-0.177857456371,1
11740,-0.270278591254,1
11741,-0.344574679901,1
11742,-0.399638812598,1
11743,-0.434650609368,1
11744,-0.44908844251,1
11745,-0.442737208133,1
11746,-0.415691530909,1
11747,-0.368354354295,1
11748,-0.301430937231,1
11749,-0.215918346747,1
11750,-0.113090603036,1
11751,0.0055203017003,1
11752,0.13814722783,1
11753,0.282814216247,1
11754,0.437365927447,1
11755,0.599499753126,1
11756,0.766800121887,1
11757,0.936774487934,1
11758,1.10689046658,1
11759,1.27461356331,1
11760,1.43744493426,1
11761,1.59295861556,1
11762,1.73883766689,1
11763,1.87290869065,1
11764,1.99317421267,1
11765,2.0978424418,1
11766,2.18535396513,1
11767,2.2544049811,1
11768,2.3039667244,1
11769,2.33330079308,1
11770,2.34197014979,1
11771,2.32984563304,1
11772,2.29710788146,1
11773,2.24424464262,1
11774,2.17204350619,1
11775,2.08158016996,1
11776,1.97420241346,1
11777,1.85151001783,1
11778,1.7153309313,1
11779,1.56769403529,1
11780,1.41079891687,1
11781,1.24698309787,1
11782,1.07868720909,1
11783,0.908418628213,1
11784,0.738714123312,1
11785,0.572102058513,1
11786,0.41106472483,1
11787,0.258001357435,1
11788,0.115192390351,1
11789,-0.0152345188828,1
11790,-0.131336188393,1
11791,-0.231382862706,1
11792,-0.313883983736,1
11793,-0.377610398051,1
11794,-0.421612669572,1
11795,-0.445235224868,1
11796,-0.448126120296,1
11797,-0.430242285485,1
11798,-0.391850165019,1
11799,-0.333521748782,1
11800,-0.150555777908,1
11801,-0.0552458864158,1
11802,0.0565582113544,1
11803,0.183190787849,1
11804,0.32276519154,1
11805,0.473201955444,1
11806,0.632259778324,1
11807,0.797568917,1
11808,0.966666492269,1
11809,1.13703318243,1
11810,1.3061307577,1
11811,1.47143989637,1
11812,1.63049771925,1
11813,1.78093448316,1
11814,1.92050888685,1
11815,2.04714146334,1
11816,2.15894556111,1
11817,2.2542554526,1
11818,2.33165115129,1
11819,2.38997956753,1
11820,2.428371688,1
11821,2.44625552281,1
11822,2.44336462738,1
11823,2.41974207208,1
11824,2.37573980056,1
11825,2.31201338625,1
11826,2.22951226522,1
11827,2.1294655909,1
11828,2.01336392139,1
11829,1.88293701216,1
11830,1.74012804508,1
11831,1.58706467768,1
11832,1.426027344,1
11833,1.2594152792,1
11834,1.0897107743,1
11835,0.919442193417,1
11836,0.75114630464,1
11837,0.587330485644,1
11838,0.430435367218,1
11839,0.282798471215,1
11840,0.146619384685,1
11841,0.0239269890483,1
11842,-0.0834507674539,1
11843,-0.173914103675,1
11844,-0.24611524011,1
11845,-0.298978478954,1
11846,-0.331716230529,1
11847,-0.343840747283,1
11848,-0.335171390565,1
11849,-0.305837321885,1
11850,-0.256275578594,1
11851,-0.187224562619,1
11852,-0.0997130392928,1
11853,0.00495518983658,1
11854,0.125220711861,1
11855,0.259291735624,1
11856,0.405170786947,1
11857,0.56068446825,1
11858,0.723515839199,1
11859,0.891238935929,1
11860,1.06135491458,1
11861,1.23132928062,1
11862,1.39862964938,1
11863,1.56076347506,1
11864,1.71531518626,1
11865,1.85998217468,1
11866,1.99260910081,1
11867,2.11122000555,1
11868,2.21404774926,1
11869,2.29956033974,1
11870,2.36648375681,1
11871,2.41382093342,1
11872,2.44086661064,1
11873,2.44721784502,1
11874,2.43278001188,1
11875,2.39776821511,1
11876,2.34270408241,1
11877,2.26840799376,1
11878,2.17598685888,1
11879,2.06681762578,1
11880,1.94252676615,1
11881,1.80496604315,1
11882,1.65618492269,1
11883,1.49840003919,1
11884,1.33396217078,1
11885,1.16532121594,1
11886,0.994989693342,1
11887,0.825505308826,1
11888,0.659393147022,1
11889,0.499128051073,1
11890,0.34709775087,1
11891,0.205567289154,1
11892,0.0766452754882,1
11893,-0.0377475291304,1
11894,-0.13590682897,1
11895,-0.216370185233,1
11896,-0.277938804385,1
11897,-0.319695398531,1
11898,-0.34101785175,1
11899,-0.341588488764,1
11900,-0.321398807864,1
11901,-0.280749607576,1
11902,-0.220246505174,1
11903,-0.140790913816,1
11904,-0.0435666127227,1
11905,0.0699778895055,1
11906,0.198150935678,1
11907,0.339042923385,1
11908,0.490554755449,1
11909,1.25568267216,0
11910,1.71046581827,0
11911,1.4622787175,0
11912,1.59349031485,0
11913,1.48879398967,0
11914,1.67066065193,0
11915,1.79074686524,0
11916,1.89776150187,0
11917,1.62218149121,0
11918,1.99440213865,0
11919,1.76462125851,0
11920,1.78305318364,0
11921,1.76239639562,0
11922,2.03636199628,0
11923,1.84201507597,0
11924,1.87192123643,0
11925,1.89069098424,0
11926,1.95434430687,0
11927,2.07435139521,0
11928,2.34531157037,0
11929,2.19850687952,0
11930,2.07452366095,0
11931,2.41772080318,0
11932,2.40071991012,0
11933,2.09200331873,0
11934,2.38849461218,0
11935,2.5222466838,0
11936,2.52437204585,0
11937,2.22449675282,0
11938,2.57261546794,0
11939,2.21893263078,0
11940,2.54852465389,0
11941,2.61121970832,0
11942,2.44182553987,0
11943,2.46752034526,0
11944,2.24359705339,0
11945,2.32908572712,0
11946,2.6544774479,0
11947,2.59270133588,0
11948,2.51601488993,0
11949,2.25274611554,0
11950,2.27018573008,0
11951,2.50863411937,0
11952,2.64464554533,0
11953,2.57135614349,0
11954,2.43617841961,0
11955,2.40243237378,0
11956,2.47590529269,0
11957,2.44320407704,0
11958,2.35925700722,0
11959,2.17952143587,0
11960,2.42128647675,0
11961,2.15289591043,0
11962,2.32011060655,0
11963,2.11997223639,0
11964,2.4213532278,0
11965,2.12864368111,0
11966,2.32897747062,0
11967,2.12191054262,0
11968,2.12380052284,0
11969,2.33030670125,0
11970,1.96752567909,0
11971,2.07566040994,0
11972,1.91275712235,0
11973,2.21331832696,0
11974,1.92444693253,0
11975,1.81118399454,0
11976,2.07135920238,0
11977,2.15514107611,0
11978,1.85792286919,0
11979,2.05622814318,0
11980,1.8522036328,0
11981,2.00743031226,0
11982,1.93628654599,0
11983,1.51947540346,0
11984,1.81438357676,0
11985,1.86075827365,0
11986,1.43441404536,0
11987,1.39182498439,0
11988,1.70800554011,0
11989,1.68569344428,0
11990,1.37287937755,0
11991,1.39842387792,0
11992,1.1618727581,0
11993,1.18107006649,0
11994,1.43223741872,0
11995,1.43272752239,0
11996,1.25885437692,0
11997,1.34033455176,0
11998,0.966783225477,0
11999,1.25949912469,0
12000,1.03578567406,0
12001,1.1015079686,0
12002,1.31576896486,0
12003,1.11825618333,0
12004,0.941090754507,0
12005,0.790440830416,0
12006,1.06640468712,0
12007,0.699373217286,0
12008,0.770621097118,0
12009,0.81230855254,0
12010,0.953974504105,0
12011,0.698493504713,0
12012,0.784857328996,0
12013,0.5649396069,0
12014,0.459829451577,0
12015,0.735725943138,0
12016,0.487599377524,0
12017,0.273740189049,0
12018,0.278125975193,0
12019,0.444063151261,0
12020,0.556261754097,0
12021,0.18970029162,0
12022,0.288772960534,0
12023,0.0588294394864,0
12024,0.02671684233,0
12025,0.376704679558,0
12026,0.31312599558,0
12027,0.353906100458,0
12028,0.282027051264,0
12029,0.24613851861,0
12030,0.055014654304,0
12031,-0.0623204378257,0
12032,-0.0714816476468,0
12033,0.143092220029,0
12034,-0.23681066771,0
12035,-0.258008230812,0
12036,0.136925222928,0
12037,-0.155145286614,0
12038,-0.211132520302,0
12039,-0.31770060088,0
12040,-0.343166178174,0
12041,0.0604503900788,0
12042,-0.311547934898,0
12043,-0.354750492949,0
12044,-0.07145935538,0
12045,-0.0517153772498,0
12046,-0.162315697926,0
12047,-0.0341784504517,0
12048,-0.236004957482,0
12049,-0.373859534994,0
12050,-0.244609789309,0
12051,0.00777088289813,0
12052,-0.408324441173,0
12053,-0.262845159223,0
12054,-0.379794435604,0
12055,-0.120613692484,0
12056,-0.382333382878,0
12057,0.00893344532768,0
12058,-0.108587910842,0
12059,-0.261130415712,0
12060,-0.338651952818,0
12061,-0.0216365267837,0
12062,0.0960604065449,0
12063,0.107991596639,0
12064,0.0842065952369,0
12065,0.0589638232037,0
12066,-0.0836368934403,0
12067,0.0875455618757,0
12068,0.210342460963,0
12069,-0.00038701668255,0
12070,-0.0995760817793,0
12071,0.217434623537,0
12072,0.242679788369,0
12073,0.242538551041,0
12074,0.0872299094304,0
12075,0.0219729957251,0
12076,0.242163759351,0
12077,0.268597254111,0
12078,0.39679603231,0
12079,0.261133152558,0
12080,0.189499418899,0
12081,0.217999347706,0
12082,0.62785707622,0
12083,0.684325258103,0
12084,0.338926877194,0
12085,0.788854872354,0
12086,0.72955463754,0
12087,0.865118756887,0
12088,0.822214660842,0
12089,0.946245680582,0
12090,0.965828800769,0
12091,0.621012025049,0
12092,0.840005304404,0
12093,0.93273323843,0
12094,0.770153773137,0
12095,0.892549279238,0
12096,0.834884955977,0
12097,1.18651389709,0
12098,1.31954769049,0
12099,1.18933989288,0
12100,1.07120811243,0
12101,1.30401772618,0
12102,1.32514535919,0
12103,1.20825207813,0
12104,1.21347521766,0
12105,1.5667296438,0
12106,1.67922613343,0
12107,1.39477360136,0
12108,1.77054812547,0
12109,1.40202156489,0
12110,1.85680471101,0
12111,1.60861761023,0
12112,1.73982920758,0
12113,1.6351328824,0
12114,1.81699954466,0
12115,1.93708575798,0
12116,2.0441003946,0
12117,1.76852038394,0
12118,2.14074103138,0
12119,1.91096015124,0
12120,1.92939207638,0
12121,1.90873528835,0
12122,2.18270088901,0
12123,1.98835396871,0
12124,2.01826012916,0
12125,2.03702987697,0
12126,2.1006831996,0
12127,2.22069028794,0
12128,2.4916504631,0
12129,2.34484577226,0
12130,2.22086255368,0
12131,2.56405969591,0
12132,2.54705880285,0
12133,2.23834221146,0
12134,2.53483350491,0
12135,2.66858557654,0
12136,2.67071093859,0
12137,2.37083564555,0
12138,2.71895436067,0
12139,2.36527152351,0
12140,2.69486354662,0
12141,2.75755860105,0
12142,2.5881644326,0
12143,2.61385923799,0
12144,2.38993594612,0
12145,2.47542461985,0
12146,2.80081634064,0
12147,2.73904022861,0
12148,2.66235378266,0
12149,2.39908500827,0
12150,2.41652462281,0
12151,2.6549730121,0
12152,2.79098443806,0
12153,2.71769503623,0
12154,2.58251731234,0
12155,2.54877126651,0
12156,2.62224418542,0
12157,2.58954296977,0
12158,2.50559589995,0
12159,2.3258603286,0
12160,2.56762536948,0
12161,2.29923480316,0
12162,2.46644949928,0
12163,2.26631112912,0
12164,2.56769212053,0
12165,2.27498257384,0
12166,2.47531636335,0
12167,2.26824943535,0
12168,2.27013941557,0
12169,2.47664559398,0
12170,2.11386457182,0
12171,2.22199930267,0
12172,2.05909601508,0
12173,2.35965721969,0
12174,2.07078582526,0
12175,1.95752288728,0
12176,2.21769809511,0
12177,2.30147996884,0
12178,2.00426176192,0
12179,2.20256703591,0
12180,1.99854252553,0
12181,2.15376920499,0
12182,2.08262543872,0
12183,1.66581429619,0
12184,1.9607224695,0
12185,2.00709716638,0
12186,1.5807529381,0
12187,1.53816387713,0
12188,1.85434443284,0
12189,1.83203233702,0
12190,1.51921827028,0
12191,1.54476277065,0
12192,1.30821165083,0
12193,1.32740895922,0
12194,1.57857631146,0
12195,1.57906641513,0
12196,1.40519326965,0
12197,1.48667344449,0
12198,1.11312211821,0
12199,1.40583801742,0
12200,0.911513735631,0
12201,0.977236030167,0
12202,1.19149702643,0
12203,0.993984244894,0
12204,0.816818816075,0
12205,0.666168891984,0
12206,0.942132748687,0
12207,0.575101278854,0
12208,0.646349158686,0
12209,0.688036614108,0
12210,0.829702565673,0
12211,0.574221566281,0
12212,0.660585390564,0
12213,0.440667668468,0
12214,0.335557513145,0
12215,0.611454004706,0
12216,0.363327439093,0
12217,0.149468250617,0
12218,0.153854036761,0
12219,0.319791212829,0
12220,0.431989815665,0
12221,0.0654283531876,0
12222,0.164501022102,0
12223,-0.0654424989454,0
12224,-0.0975550961018,0
12225,0.252432741126,0
12226,0.188854057148,0
12227,0.229634162026,0
12228,0.157755112832,0
12229,0.121866580178,0
12230,-0.0692572841279,0
12231,-0.186592376258,0
12232,-0.195753586079,0
12233,0.0188202815975,0
12234,-0.361082606142,0
12235,-0.382280169244,0
12236,0.0126532844964,0
12237,-0.279417225046,0
12238,-0.335404458734,0
12239,-0.441972539311,0
12240,-0.467438116606,0
12241,-0.0638215483531,0
12242,-0.43581987333,0
12243,-0.479022431381,0
12244,-0.195731293812,0
12245,-0.175987315682,0
12246,-0.286587636358,0
12247,-0.158450388884,0
12248,-0.360276895914,0
12249,-0.498131473426,0
12250,-0.36888172774,0
12251,-0.116501055534,0
12252,-0.532596379604,0
12253,-0.387117097655,0
12254,-0.504066374036,0
12255,-0.244885630916,0
12256,-0.50660532131,0
12257,-0.115338493104,0
12258,-0.232859849274,0
12259,-0.385402354144,0
12260,-0.46292389125,0
12261,-0.145908465216,0
12262,-0.0282115318869,0
12263,-0.0162803417927,0
12264,-0.040065343195,0
12265,-0.0653081152282,0
12266,-0.207908831872,0
12267,-0.0367263765562,0
12268,0.0860705225307,0
12269,-0.124658955114,0
12270,-0.223848020211,0
12271,0.093162685105,0
12272,0.118407849937,0
12273,0.118266612609,0
12274,-0.0370420290014,0
12275,-0.102298942707,0
12276,0.117891820919,0
12277,0.144325315679,0
12278,0.272524093878,0
12279,0.136861214126,0
12280,0.0652274804674,0
12281,0.093727409274,0
12282,0.503585137788,0
12283,0.560053319671,0
12284,0.214654938762,0
12285,0.664582933923,0
12286,0.605282699108,0
12287,0.740846818455,0
12288,0.69794272241,0
12289,0.82197374215,0
12290,0.841556862337,0
12291,0.496740086617,0
12292,0.715733365972,0
12293,0.808461299998,0
12294,0.645881834705,0
12295,0.768277340806,0
12296,0.710613017545,0
12297,1.06224195866,0
12298,1.19527575206,0
12299,1.06506795444,0
12300,0.946936174001,0
12301,1.17974578775,0
12302,1.20087342076,0
12303,1.0839801397,0
12304,1.08920327923,0
12305,1.44245770537,0
12306,1.554954195,0
12307,1.27050166292,0
12308,1.64627618704,0
12309,1.27774962646,0
12310,1.73253277257,0
12311,1.4843456718,0
12312,1.61555726915,0
12313,1.51086094397,0
12314,1.69272760623,0
12315,1.81281381954,0
12316,1.91982845617,0
12317,1.64424844551,0
12318,2.01646909295,0
12319,1.78668821281,0
12320,1.80512013794,0
12321,1.78446334992,0
12322,2.05842895058,0
12323,1.86408203027,0
12324,1.89398819073,0
12325,1.91275793854,0
12326,1.97641126117,0
12327,2.09641834951,0
12328,2.36737852467,0
12329,2.22057383382,0
12330,2.09659061525,0
12331,2.43978775748,0
12332,2.42278686442,0
12333,2.11407027303,0
12334,2.41056156648,0
12335,2.5443136381,0
12336,2.54643900015,0
12337,2.24656370712,0
12338,2.59468242224,0
12339,2.24099958508,0
12340,2.57059160819,0
12341,2.63328666262,0
12342,2.46389249417,0
12343,2.48958729956,0
12344,2.26566400769,0
12345,2.35115268142,0
12346,2.6765444022,0
12347,2.61476829018,0
12348,2.53808184423,0
12349,2.27481306984,0
12350,2.29225268438,0
12351,2.53070107367,0
12352,2.66671249963,0
12353,2.59342309779,0
12354,2.45824537391,0
12355,2.42449932808,0
12356,2.49797224699,0
12357,2.46527103134,0
12358,2.38132396152,0
12359,2.20158839017,0
12360,2.44335343105,0
12361,2.17496286473,0
12362,2.34217756085,0
12363,2.14203919069,0
12364,2.4434201821,0
12365,2.15071063541,0
12366,2.35104442492,0
12367,2.14397749692,0
12368,2.14586747714,0
12369,2.35237365555,0
12370,1.98959263339,0
12371,2.09772736424,0
12372,1.93482407665,0
12373,2.23538528126,0
12374,1.94651388683,0
12375,1.83325094884,0
12376,2.09342615668,0
12377,2.17720803041,0
12378,1.87998982349,0
12379,2.07829509748,0
12380,1.8742705871,0
12381,2.02949726656,0
12382,1.95835350029,0
12383,1.54154235776,0
12384,1.83645053106,0
12385,1.88282522795,0
12386,1.45648099966,0
12387,1.41389193869,0
12388,1.73007249441,0
12389,1.70776039858,0
12390,1.39494633185,0
12391,1.42049083222,0
12392,1.1839397124,0
12393,1.20313702079,0
12394,1.45430437302,0
12395,1.45479447669,0
12396,1.28092133122,0
12397,1.36240150606,0
12398,0.988850179777,0
12399,1.28156607899,0
12400,0.960827772399,0
12401,1.02655006693,0
12402,1.2408110632,0
12403,1.04329828166,0
12404,0.866132852843,0
12405,0.715482928752,0
12406,0.991446785455,0
12407,0.624415315622,0
12408,0.695663195454,0
12409,0.737350650876,0
12410,0.879016602441,0
12411,0.623535603048,0
12412,0.709899427331,0
12413,0.489981705236,0
12414,0.384871549912,0
12415,0.660768041473,0
12416,0.41264147586,0
12417,0.198782287384,0
12418,0.203168073529,0
12419,0.369105249597,0
12420,0.481303852433,0
12421,0.114742389955,0
12422,0.213815058869,0
12423,-0.0161284621778,0
12424,-0.0482410593342,0
12425,0.301746777893,0
12426,0.238168093916,0
12427,0.278948198794,0
12428,0.207069149599,0
12429,0.171180616945,0
12430,-0.0199432473603,0
12431,-0.13727833949,0
12432,-0.146439549311,0
12433,0.0681343183651,0
12434,-0.311768569374,0
12435,-0.332966132476,0
12436,0.061967321264,0
12437,-0.230103188278,0
12438,-0.286090421966,0
12439,-0.392658502544,0
12440,-0.418124079838,0
12441,-0.0145075115855,0
12442,-0.386505836563,0
12443,-0.429708394613,0
12444,-0.146417257044,0
12445,-0.126673278914,0
12446,-0.23727359959,0
12447,-0.109136352116,0
12448,-0.310962859146,0
12449,-0.448817436659,0
12450,-0.319567690973,0
12451,-0.0671870187661,0
12452,-0.483282342837,0
12453,-0.337803060888,0
12454,-0.454752337268,0
12455,-0.195571594148,0
12456,-0.457291284542,0
12457,-0.0660244563366,0
12458,-0.183545812506,0
12459,-0.336088317376,0
12460,-0.413609854482,0
12461,-0.0965944284479,0
12462,0.0211025048807,0
12463,0.0330336949749,0
12464,0.00924869357262,0
12465,-0.0159940784606,0
12466,-0.158594795105,0
12467,0.0125876602114,0
12468,0.135384559298,0
12469,-0.0753449183468,0
12470,-0.174533983444,0
12471,0.142476721873,0
12472,0.167721886705,0
12473,0.167580649376,0
12474,0.0122720077662,0
12475,-0.0529849059392,0
12476,0.167205857686,0
12477,0.193639352447,0
12478,0.321838130645,0
12479,0.186175250893,0
12480,0.114541517235,0
12481,0.143041446042,0
12482,0.552899174556,0
12483,0.609367356438,0
12484,0.26396897553,0
12485,0.71389697069,0
12486,0.654596735876,0
12487,0.790160855222,0
12488,0.747256759178,0
12489,0.871287778918,0
12490,0.890870899104,0
12491,0.546054123385,0
12492,0.76504740274,0
12493,0.857775336765,0
12494,0.695195871472,0
12495,0.817591377573,0
12496,0.759927054312,0
12497,1.11155599543,0
12498,1.24458978883,0
12499,1.11438199121,0
12500,0.996250210769,0
12501,1.22905982452,0
12502,1.25018745752,0
12503,1.13329417646,0
12504,1.138517316,0
12505,1.49177174213,0
12506,1.60426823177,0
12507,1.31981569969,0
12508,1.69559022381,0
12509,1.32706366323,0
12510,1.78184680934,0
12511,1.53365970857,0
12512,1.66487130592,0
12513,1.56017498074,0
12514,1.74204164299,0
12515,1.86212785631,0
12516,1.96914249294,0
12517,1.69356248227,0
12518,2.06578312972,0
12519,1.83600224958,0
12520,1.85443417471,0
12521,1.83377738668,0
12522,2.10774298735,0
12523,1.91339606704,0
12524,1.9433022275,0
12525,1.9620719753,0
12526,2.02572529794,0
12527,2.14573238627,0
12528,2.41669256144,0
12529,2.26988787059,0
12530,2.14590465202,0
12531,2.48910179424,0
12532,2.47210090118,0
12533,2.16338430979,0
12534,2.45987560325,0
12535,2.59362767487,0
12536,2.59575303692,0
12537,2.29587774389,0
12538,2.64399645901,0
12539,2.29031362185,0
12540,2.61990564496,0
12541,2.68260069939,0
12542,2.51320653094,0
12543,2.53890133633,0
12544,2.31497804446,0
12545,2.40046671819,0
12546,2.72585843897,0
12547,2.66408232694,0
12548,2.587395881,0
12549,2.32412710661,0
12550,2.34156672115,0
12551,2.58001511044,0
12552,2.7160265364,0
12553,2.64273713456,0
12554,2.50755941067,0
12555,2.47381336485,0
12556,2.54728628376,0
12557,2.5145850681,0
12558,2.43063799829,0
12559,2.25090242693,0
12560,2.49266746782,0
12561,2.22427690149,0
12562,2.39149159762,0
12563,2.19135322746,0
12564,2.49273421886,0
12565,2.20002467218,0
12566,2.40035846168,0
12567,2.19329153369,0
12568,2.19518151391,0
12569,2.40168769232,0
12570,2.03890667016,0
12571,2.147041401,0
12572,1.98413811342,0
12573,2.28469931803,0
12574,1.9958279236,0
12575,1.88256498561,0
12576,2.14274019345,0
12577,2.22652206718,0
12578,1.92930386026,0
12579,2.12760913425,0
12580,1.92358462387,0
12581,2.07881130333,0
12582,2.00766753706,0
12583,1.59085639453,0
12584,1.88576456783,0
12585,1.93213926472,0
12586,1.50579503643,0
12587,1.46320597546,0
12588,1.77938653117,0
12589,1.75707443535,0
12590,1.44426036862,0
12591,1.46980486899,0
12592,1.23325374916,0
12593,1.25245105756,0
12594,1.50361840979,0
12595,1.50410851346,0
12596,1.33023536799,0
12597,1.41171554283,0
12598,1.03816421654,0
12599,1.33088011575,0
12600,0.836634716406,0
12601,0.902357010942,0
12602,1.1166180072,0
12603,0.919105225668,0
12604,0.74193979685,0
12605,0.591289872759,0
12606,0.867253729462,0
12607,0.500222259629,0
12608,0.571470139461,0
12609,0.613157594883,0
12610,0.754823546448,0
12611,0.499342547056,0
12612,0.585706371338,0
12613,0.365788649243,0
12614,0.26067849392,0
12615,0.53657498548,0
12616,0.288448419867,0
12617,0.0745892313916,0
12618,0.0789750175361,0
12619,0.244912193604,0
12620,0.35711079644,0
12621,-0.00945066603764,0
12622,0.0896220028765,0
12623,-0.140321518171,0
12624,-0.172434115327,0
12625,0.177553721901,0
12626,0.113975037923,0
12627,0.154755142801,0
12628,0.0828760936065,0
12629,0.0469875609524,0
12630,-0.144136303353,0
12631,-0.261471395483,0
12632,-0.270632605304,0
12633,-0.0560587376277,0
12634,-0.435961625367,0
12635,-0.457159188469,0
12636,-0.0622257347289,0
12637,-0.354296244271,0
12638,-0.410283477959,0
12639,-0.516851558537,0
12640,-0.542317135831,0
12641,-0.138700567578,0
12642,-0.510698892555,0
12643,-0.553901450606,0
12644,-0.270610313037,0
12645,-0.250866334907,0
12646,-0.361466655583,0
12647,-0.233329408109,0
12648,-0.435155915139,0
12649,-0.573010492651,0
12650,-0.443760746966,0
12651,-0.191380074759,0
12652,-0.60747539883,0
12653,-0.46199611688,0
12654,-0.578945393261,0
12655,-0.319764650141,0
12656,-0.581484340535,0
12657,-0.190217512329,0
12658,-0.307738868499,0
12659,-0.460281373369,0
12660,-0.537802910475,0
12661,-0.220787484441,0
12662,-0.103090551112,0
12663,-0.091159361018,0
12664,-0.11494436242,0
12665,-0.140187134453,0
12666,-0.282787851097,0
12667,-0.111605395781,0
12668,0.0111915033055,0
12669,-0.19953797434,0
12670,-0.298727039436,0
12671,0.0182836658798,0
12672,0.043528830712,0
12673,0.0433875933835,0
12674,-0.111921048227,0
12675,-0.177177961932,0
12676,0.0430128016936,0
12677,0.0694462964541,0
12678,0.197645074652,0
12679,0.0619821949005,0
12680,-0.00965153875786,0
12681,0.0188483900488,0
12682,0.428706118563,0
12683,0.485174300446,0
12684,0.139775919537,0
12685,0.589703914697,0
12686,0.530403679883,0
12687,0.66596779923,0
12688,0.623063703185,0
12689,0.747094722925,0
12690,0.766677843111,0
12691,0.421861067392,0
12692,0.640854346747,0
12693,0.733582280772,0
12694,0.57100281548,0
12695,0.69339832158,0
12696,0.635733998319,0
12697,0.987362939436,0
12698,1.12039673283,0
12699,0.99018893522,0
12700,0.872057154776,0
12701,1.10486676852,0
12702,1.12599440153,0
12703,1.00910112047,0
12704,1.01432426,0
12705,1.36757868614,0
12706,1.48007517578,0
12707,1.1956226437,0
12708,1.57139716781,0
12709,1.20287060724,0
12710,1.65765375335,0
12711,1.40946665258,0
12712,1.54067824992,0
12713,1.43598192474,0
12714,1.617848587,0
12715,1.73793480032,0
12716,1.84494943694,0
12717,1.56936942628,0
12718,1.94159007373,0
12719,1.71180919358,0
12720,1.73024111872,0
12721,1.70958433069,0
12722,1.98354993136,0
12723,1.78920301105,0
12724,1.81910917151,0
12725,1.83787891931,0
12726,1.90153224194,0
12727,2.02153933028,0
12728,2.29249950545,0
12729,2.1456948146,0
12730,2.02171159603,0
12731,2.36490873825,0
12732,2.34790784519,0
12733,2.0391912538,0
12734,2.33568254725,0
12735,2.46943461888,0
12736,2.47155998093,0
12737,2.1716846879,0
12738,2.51980340302,0
12739,2.16612056585,0
12740,2.49571258896,0
12741,2.55840764339,0
12742,2.38901347494,0
12743,2.41470828033,0
12744,2.19078498846,0
12745,2.2762736622,0
12746,2.60166538298,0
12747,2.53988927095,0
12748,2.463202825,0
12749,2.19993405061,0
12750,2.21737366515,0
12751,2.45582205444,0
12752,2.5918334804,0
12753,2.51854407857,0
12754,2.38336635468,0
12755,2.34962030885,0
12756,2.42309322776,0
12757,2.39039201211,0
12758,2.3064449423,0
12759,2.12670937094,0
12760,2.36847441182,0
12761,2.1000838455,0
12762,2.26729854162,0
12763,2.06716017147,0
12764,2.36854116287,0
12765,2.07583161619,0
12766,2.27616540569,0
12767,2.0690984777,0
12768,2.07098845791,0
12769,2.27749463632,0
12770,1.91471361417,0
12771,2.02284834501,0
12772,1.85994505743,0
12773,2.16050626203,0
12774,1.87163486761,0
12775,1.75837192962,0
12776,2.01854713745,0
12777,2.10232901119,0
12778,1.80511080427,0
12779,2.00341607826,0
12780,1.79939156788,0
12781,1.95461824734,0
12782,1.88347448107,0
12783,1.46666333853,0
12784,1.76157151184,0
12785,1.80794620873,0
12786,1.38160198044,0
12787,1.33901291947,0
12788,1.65519347518,0
12789,1.63288137936,0
12790,1.32006731262,0
12791,1.345611813,0
12792,1.10906069317,0
12793,1.12825800157,0
12794,1.3794253538,0
12795,1.37991545747,0
12796,1.20604231199,0
12797,1.28752248684,0
12798,0.913971160552,0
12799,1.20668705976,0
12800,0.76138794181,0
12801,0.827110236346,0
12802,1.04137123261,0
12803,0.843858451072,0
12804,0.666693022254,0
12805,0.516043098163,0
12806,0.792006954866,0
12807,0.424975485033,0
12808,0.496223364865,0
12809,0.537910820287,0
12810,0.679576771852,0
12811,0.424095772459,0
12812,0.510459596742,0
12813,0.290541874647,0
12814,0.185431719323,0
12815,0.461328210884,0
12816,0.213201645271,0
12817,-0.000657543204521,0
12818,0.00372824294002,0
12819,0.169665419008,0
12820,0.281864021844,0
12821,-0.0846974406337,0
12822,0.0143752282804,0
12823,-0.215568292767,0
12824,-0.247680889923,0
12825,0.102306947304,0
12826,0.0387282633268,0
12827,0.0795083682047,0
12828,0.00762931901044,0
12829,-0.0282592136436,0
12830,-0.219383077949,0
12831,-0.336718170079,0
12832,-0.3458793799,0
12833,-0.131305512224,0
12834,-0.511208399963,0
12835,-0.532405963065,0
12836,-0.137472509325,0
12837,-0.429543018867,0
12838,-0.485530252555,0
12839,-0.592098333133,0
12840,-0.617563910427,0
12841,-0.213947342174,0
12842,-0.585945667151,0
12843,-0.629148225202,0
12844,-0.345857087633,0
12845,-0.326113109503,0
12846,-0.436713430179,0
12847,-0.308576182705,0
12848,-0.510402689735,0
12849,-0.648257267247,0
12850,-0.519007521562,0
12851,-0.266626849355,0
12852,-0.682722173426,0
12853,-0.537242891477,0
12854,-0.654192167857,0
12855,-0.395011424737,0
12856,-0.656731115131,0
12857,-0.265464286926,0
12858,-0.382985643095,0
12859,-0.535528147965,0
12860,-0.613049685071,0
12861,-0.296034259037,0
12862,-0.178337325708,0
12863,-0.166406135614,0
12864,-0.190191137016,0
12865,-0.21543390905,0
12866,-0.358034625694,0
12867,-0.186852170378,0
12868,-0.0640552712906,0
12869,-0.274784748936,0
12870,-0.373973814032,0
12871,-0.0569631087163,0
12872,-0.0317179438841,0
12873,-0.0318591812126,0
12874,-0.187167822823,0
12875,-0.252424736528,0
12876,-0.0322339729025,0
12877,-0.00580047814197,0
12878,0.122398300056,0
12879,-0.0132645796956,0
12880,-0.0848983133539,0
12881,-0.0563983845473,0
12882,0.353459343967,0
12883,0.40992752585,0
12884,0.0645291449409,0
12885,0.514457140101,0
12886,0.455156905287,0
12887,0.590721024633,0
12888,0.547816928589,0
12889,0.671847948329,0
12890,0.691431068515,0
12891,0.346614292796,0
12892,0.565607572151,0
12893,0.658335506176,0
12894,0.495756040883,0
12895,0.618151546984,0
12896,0.560487223723,0
12897,0.91211616484,0
12898,1.04514995824,0
12899,0.914942160624,0
12900,0.79681038018,0
12901,1.02961999393,0
12902,1.05074762693,0
12903,0.933854345876,0
12904,0.939077485408,0
12905,1.29233191155,0
12906,1.40482840118,0
12907,1.1203758691,0
12908,1.49615039322,0
12909,1.12762383264,0
12910,1.58240697875,0
12911,1.33421987798,0
12912,1.46543147533,0
12913,1.36073515015,0
12914,1.54260181241,0
12915,1.66268802572,0
12916,1.76970266235,0
12917,1.49412265169,0
12918,1.86634329913,0
12919,1.63656241899,0
12920,1.65499434412,0
12921,1.63433755609,0
12922,1.90830315676,0
12923,1.71395623645,0
12924,1.74386239691,0
12925,1.76263214472,0
12926,1.82628546735,0
12927,1.94629255568,0
12928,2.21725273085,0
12929,2.07044804,0
12930,1.94646482143,0
12931,2.28966196366,0
12932,2.27266107059,0
12933,1.9639444792,0
12934,2.26043577266,0
12935,2.39418784428,0
12936,2.39631320633,0
12937,2.0964379133,0
12938,2.44455662842,0
12939,2.09087379126,0
12940,2.42046581437,0
12941,2.4831608688,0
12942,2.31376670035,0
12943,2.33946150574,0
12944,2.11553821387,0
12945,2.2010268876,0
12946,2.52641860838,0
12947,2.46464249635,0
12948,2.38795605041,0
12949,2.12468727602,0
12950,2.14212689056,0
12951,2.38057527985,0
12952,2.51658670581,0
12953,2.44329730397,0
12954,2.30811958008,0
12955,2.27437353426,0
12956,2.34784645317,0
12957,2.31514523751,0
12958,2.2311981677,0
12959,2.05146259635,0
12960,2.29322763723,0
12961,2.02483707091,0
12962,2.19205176703,0
12963,1.99191339687,0
12964,2.29329438828,0
12965,2.00058484159,0
12966,2.20091863109,0
12967,1.9938517031,0
12968,1.99574168332,0
12969,2.20224786173,0
12970,1.83946683957,0
12971,1.94760157042,0
12972,1.78469828283,0
12973,2.08525948744,0
12974,1.79638809301,0
12975,1.68312515502,0
12976,1.94330036286,0
12977,2.02708223659,0
12978,1.72986402967,0
12979,1.92816930366,0
12980,1.72414479328,0
12981,1.87937147274,0
12982,1.80822770647,0
12983,1.39141656394,0
12984,1.68632473724,0
12985,1.73269943413,0
12986,1.30635520584,0
12987,1.26376614487,0
12988,1.57994670058,0
12989,1.55763460476,0
12990,1.24482053803,0
12991,1.2703650384,0
12992,1.03381391858,0
12993,1.05301122697,0
12994,1.3041785792,0
12995,1.30466868287,0
12996,1.1307955374,0
12997,1.21227571224,0
12998,0.838724385955,0
12999,1.13144028517,0
13000,0.613999096614,0
13001,0.67972139115,0
13002,0.893982387412,0
13003,0.696469605876,0
13004,0.519304177058,0
13005,0.368654252967,0
13006,0.644618109669,0
13007,0.277586639837,0
13008,0.348834519669,0
13009,0.39052197509,0
13010,0.532187926656,0
13011,0.276706927263,0
13012,0.363070751546,0
13013,0.143153029451,0
13014,0.0380428741274,0
13015,0.313939365688,0
13016,0.065812800075,0
13017,-0.148046388401,0
13018,-0.143660602256,0
13019,0.0222765738117,0
13020,0.134475176648,0
13021,-0.23208628583,0
13022,-0.133013616916,0
13023,-0.362957137963,0
13024,-0.395069735119,0
13025,-0.0450818978917,0
13026,-0.108660581869,0
13027,-0.0678804769914,0
13028,-0.139759526186,0
13029,-0.17564805884,0
13030,-0.366771923145,0
13031,-0.484107015275,0
13032,-0.493268225096,0
13033,-0.27869435742,0
13034,-0.658597245159,0
13035,-0.679794808261,0
13036,-0.284861354521,0
13037,-0.576931864064,0
13038,-0.632919097751,0
13039,-0.739487178329,0
13040,-0.764952755624,0
13041,-0.361336187371,0
13042,-0.733334512348,0
13043,-0.776537070398,0
13044,-0.493245932829,0
13045,-0.473501954699,0
13046,-0.584102275375,0
13047,-0.455965027901,0
13048,-0.657791534931,0
13049,-0.795646112444,0
13050,-0.666396366758,0
13051,-0.414015694551,0
13052,-0.830111018622,0
13053,-0.684631736673,0
13054,-0.801581013053,0
13055,-0.542400269933,0
13056,-0.804119960327,0
13057,-0.412853132122,0
13058,-0.530374488291,0
13059,-0.682916993162,0
13060,-0.760438530267,0
13061,-0.443423104233,0
13062,-0.325726170904,0
13063,-0.31379498081,0
13064,-0.337579982212,0
13065,-0.362822754246,0
13066,-0.50542347089,0
13067,-0.334241015574,0
13068,-0.211444116487,0
13069,-0.422173594132,0
13070,-0.521362659229,0
13071,-0.204351953912,0
13072,-0.17910678908,0
13073,-0.179248026409,0
13074,-0.334556668019,0
13075,-0.399813581724,0
13076,-0.179622818099,0
13077,-0.153189323338,0
13078,-0.0249905451398,0
13079,-0.160653424892,0
13080,-0.23228715855,0
13081,-0.203787229743,0
13082,0.206070498771,0
13083,0.262538680653,0
13084,-0.0828597002552,0
13085,0.367068294905,0
13086,0.30776806009,0
13087,0.443332179437,0
13088,0.400428083393,0
13089,0.524459103133,0
13090,0.544042223319,0
13091,0.199225447599,0
13092,0.418218726955,0
13093,0.51094666098,0
13094,0.348367195687,0
13095,0.470762701788,0
13096,0.413098378527,0
13097,0.764727319644,0
13098,0.89776111304,0
13099,0.767553315427,0
13100,0.649421534984,0
13101,0.882231148731,0
13102,0.903358781738,0
13103,0.78646550068,0
13104,0.791688640212,0
13105,1.14494306635,0
13106,1.25743955598,0
13107,0.972987023907,0
13108,1.34876154802,0
13109,0.980234987444,0
13110,1.43501813356,0
13111,1.18683103278,0
13112,1.31804263013,0
13113,1.21334630495,0
13114,1.39521296721,0
13115,1.51529918053,0
13116,1.62231381715,0
13117,1.34673380649,0
13118,1.71895445393,0
13119,1.48917357379,0
13120,1.50760549893,0
13121,1.4869487109,0
13122,1.76091431157,0
13123,1.56656739126,0
13124,1.59647355171,0
13125,1.61524329952,0
13126,1.67889662215,0
13127,1.79890371049,0
13128,2.06986388566,0
13129,1.92305919481,0
13130,1.79907597623,0
13131,2.14227311846,0
13132,2.1252722254,0
13133,1.81655563401,0
13134,2.11304692746,0
13135,2.24679899909,0
13136,2.24892436114,0
13137,1.9490490681,0
13138,2.29716778322,0
13139,1.94348494606,0
13140,2.27307696917,0
13141,2.3357720236,0
13142,2.16637785515,0
13143,2.19207266054,0
13144,1.96814936867,0
13145,2.0536380424,0
13146,2.37902976319,0
13147,2.31725365116,0
13148,2.24056720521,0
13149,1.97729843082,0
13150,1.99473804536,0
13151,2.23318643465,0
13152,2.36919786061,0
13153,2.29590845878,0
13154,2.16073073489,0
13155,2.12698468906,0
13156,2.20045760797,0
13157,2.16775639232,0
13158,2.0838093225,0
13159,1.90407375115,0
13160,2.14583879203,0
13161,1.87744822571,0
13162,2.04466292183,0
13163,1.84452455167,0
13164,2.14590554308,0
13165,1.8531959964,0
13166,2.0535297859,0
13167,1.8464628579,0
13168,1.84835283812,0
13169,2.05485901653,0
13170,1.69207799437,0
13171,1.80021272522,0
13172,1.63730943764,0
13173,1.93787064224,0
13174,1.64899924781,0
13175,1.53573630983,0
13176,1.79591151766,0
13177,1.87969339139,0
13178,1.58247518447,0
13179,1.78078045846,0
13180,1.57675594809,0
13181,1.73198262754,0
13182,1.66083886127,0
13183,1.24402771874,0
13184,1.53893589205,0
13185,1.58531058894,0
13186,1.15896636065,0
13187,1.11637729968,0
13188,1.43255785539,0
13189,1.41024575957,0
13190,1.09743169283,0
13191,1.1229761932,0
13192,0.886425073379,0
13193,0.905622381775,0
13194,1.15678973401,0
13195,1.25831722293,1
13196,1.12299325021,1
13197,0.984333081054,1
13198,0.843671422455,1
13199,0.70236224723,1
13200,0.419059812619,1
13201,0.280529360909,1
13202,0.145398402065,1
13203,0.014967671813,1
13204,-0.109507337307,1
13205,-0.22682846099,1
13206,-0.335866396385,1
13207,-0.435571572474,1
13208,-0.52498425297,1
13209,-0.603243774491,1
13210,-0.669596831086,1
13211,-0.723404725361,1
13212,-0.764149516416,1
13213,-0.79143900541,1
13214,-0.805010510766,1
13215,-0.804733396678,1
13216,-0.790610330574,1
13217,-0.762777257443,1
13218,-0.721502091261,1
13219,-0.667182136123,1
13220,-0.600340261896,1
13221,-0.521619871205,1
13222,-0.431778706211,1
13223,-0.331681554775,1
13224,-0.222291926237,1
13225,-0.104662776924,1
13226,0.020073625338,1
13227,0.150716600141,1
13228,0.286008611935,1
13229,0.424647374739,1
13230,0.565298387611,1
13231,0.706607780209,1
13232,0.847215344798,1
13233,0.985767629259,1
13234,1.12093096507,1
13235,1.25140430485,1
13236,1.3759317459,1
13237,1.49331461924,1
13238,1.60242302762,1
13239,1.70220672168,1
13240,1.79170520931,1
13241,1.87005700121,1
13242,1.93650790322,1
13243,1.99041827614,1
13244,2.03126919262,1
13245,2.05866743229,1
13246,2.07234926677,1
13247,2.07218299825,1
13248,2.05817022719,1
13249,2.0304458369,1
13250,1.98927669521,1
13251,1.93505908565,1
13252,1.86831489293,1
13253,1.78968657943,1
13254,1.69993100098,1
13255,1.59991212163,1
13256,1.49059269727,1
13257,1.37302500848,1
13258,1.24834073147,1
13259,1.11774004491,1
13260,0.982480077294,1
13261,0.84386280615,1
13262,0.70322252555,1
13263,0.561913002528,1
13264,0.421294446075,1
13265,0.282720414116,1
13266,0.14752478451,1
13267,0.0170089154884,1
13268,-0.107570880887,1
13269,-0.225015431654,1
13270,-0.334194245886,1
13271,-0.434056396501,1
13272,-0.523640636215,1
13273,-0.602084650263,1
13274,-0.668633356816,1
13275,-0.722646175203,1
13276,-0.763603191978,1
13277,-0.79111016547,1
13278,-0.804902320652,1
13279,-0.804846897801,1
13280,-0.7909444304,1
13281,-0.763328740014,1
13282,-0.722265648149,1
13283,-0.668150417526,1
13284,-0.601503947387,1
13285,-0.522967759448,1
13286,-0.433297822782,1
13287,-0.333357277049,1
13288,-0.224108124145,1
13289,-0.106601968214,1
13290,0.0180301068217,1
13291,0.14858842478,1
13292,0.283816264996,1
13293,0.422411959187,1
13294,0.563041420979,1
13295,0.704350987476,1
13296,0.844980449268,1
13297,0.983576143459,1
13298,1.11880398367,1
13299,1.24936230163,1
13300,1.37399437667,1
13301,1.4915005326,1
13302,1.6007496855,1
13303,1.70069023124,1
13304,1.7903601679,1
13305,1.86889635584,1
13306,1.93554282598,1
13307,1.9896580566,1
13308,2.03072114847,1
13309,2.05833683886,1
13310,2.07223930626,1
13311,2.07229472911,1
13312,2.05850257392,1
13313,2.03099560043,1
13314,1.99003858366,1
13315,1.93602576527,1
13316,1.86947705872,1
13317,1.79103304467,1
13318,1.70144880496,1
13319,1.60158665434,1
13320,1.49240784011,1
13321,1.37496328934,1
13322,1.25038349297,1
13323,1.11986762394,1
13324,0.984671994338,1
13325,0.846097962379,1
13326,0.705479405927,1
13327,0.564169882905,1
13328,0.423529602304,1
13329,0.28491233116,1
13330,0.149652363542,1
13331,0.0190516769811,1
13332,-0.105632600028,1
13333,-0.22320028882,1
13334,-0.332519713173,1
13335,-0.432538592529,1
13336,-0.522294170974,1
13337,-0.600922484479,1
13338,-0.667666677196,1
13339,-0.721884286757,1
13340,-0.763053428446,1
13341,-0.790777818734,1
13342,-0.804790589798,1
13343,-0.804956858319,1
13344,-0.79127502384,1
13345,-0.763876784168,1
13346,-0.723025867685,1
13347,-0.669115494768,1
13348,-0.60266459275,1
13349,-0.52431280086,1
13350,-0.434814313221,1
13351,-0.33503061917,1
13352,-0.225922210788,1
13353,-0.10853933745,1
13354,0.0159881036094,1
13355,0.146461443387,1
13356,0.281624779196,1
13357,0.420177063657,1
13358,0.560784628246,1
13359,0.702094020844,1
13360,0.842745033716,1
13361,0.981383796519,1
13362,1.11667580831,1
13363,1.24731878312,1
13364,1.37205518538,1
13365,1.48968433469,1
13366,1.59907396323,1
13367,1.69917111467,1
13368,1.78901227966,1
13369,1.86773267035,1
13370,1.93457454458,1
13371,1.98889449972,1
13372,2.0301696659,1
13373,2.05800273903,1
13374,2.07212580513,1
13375,2.07240291922,1
13376,2.05883141386,1
13377,2.03154192487,1
13378,1.99079713382,1
13379,1.93698923954,1
13380,1.87063618295,1
13381,1.79237666142,1
13382,1.70296398093,1
13383,1.60325880484,1
13384,1.49422086944,1
13385,1.37689974576,1
13386,1.25242473664,1
13387,1.12199400639,1
13388,0.986863047546,1
13389,0.848332595836,1
13390,0.707736109627,1
13391,0.566426934403,1
13392,0.425765275804,1
13393,0.287105106646,1
13394,0.151781133923,1
13395,1.01457388927,0
13396,0.840700743797,0
13397,0.922180918641,0
13398,0.548629592356,0
13399,0.841345491566,0
13400,0.411984434412,0
13401,0.477706728948,0
13402,0.69196772521,0
13403,0.494454943674,0
13404,0.317289514856,0
13405,0.166639590765,0
13406,0.442603447468,0
13407,0.075571977635,0
13408,0.146819857467,0
13409,0.188507312889,0
13410,0.330173264454,0
13411,0.0746922650618,0
13412,0.161056089345,0
13413,-0.0588616327511,0
13414,-0.163971788074,0
13415,0.111924703487,0
13416,-0.136201862127,0
13417,-0.350061050602,0
13418,-0.345675264458,0
13419,-0.17973808839,0
13420,-0.0675394855536,0
13421,-0.434100948031,0
13422,-0.335028279117,0
13423,-0.564971800165,0
13424,-0.597084397321,0
13425,-0.247096560093,0
13426,-0.310675244071,0
13427,-0.269895139193,0
13428,-0.341774188387,0
13429,-0.377662721041,0
13430,-0.568786585347,0
13431,-0.686121677477,0
13432,-0.695282887298,0
13433,-0.480709019622,0
13434,-0.860611907361,0
13435,-0.881809470463,0
13436,-0.486876016723,0
13437,-0.778946526265,0
13438,-0.834933759953,0
13439,-0.941501840531,0
13440,-0.966967417825,0
13441,-0.563350849572,0
13442,-0.935349174549,0
13443,-0.9785517326,0
13444,-0.695260595031,0
13445,-0.675516616901,0
13446,-0.786116937577,0
13447,-0.657979690103,0
13448,-0.859806197133,0
13449,-0.997660774645,0
13450,-0.868411028959,0
13451,-0.616030356753,0
13452,-1.03212568082,0
13453,-0.886646398874,0
13454,-1.00359567525,0
13455,-0.744414932135,0
13456,-1.00613462253,0
13457,-0.614867794323,0
13458,-0.732389150493,0
13459,-0.884931655363,0
13460,-0.962453192469,0
13461,-0.645437766435,0
13462,-0.527740833106,0
13463,-0.515809643012,0
13464,-0.539594644414,0
13465,-0.564837416447,0
13466,-0.707438133091,0
13467,-0.536255677775,0
13468,-0.413458778688,0
13469,-0.624188256333,0
13470,-0.72337732143,0
13471,-0.406366616114,0
13472,-0.381121451282,0
13473,-0.38126268861,0
13474,-0.536571330221,0
13475,-0.601828243926,0
13476,-0.3816374803,0
13477,-0.35520398554,0
13478,-0.227005207341,0
13479,-0.362668087093,0
13480,-0.434301820752,0
13481,-0.405801891945,0
13482,0.00405583656939,0
13483,0.0605240184518,0
13484,-0.284874362457,0
13485,0.165053632704,0
13486,0.105753397889,0
13487,0.241317517236,0
13488,0.198413421191,0
13489,0.322444440931,0
13490,0.342027561118,0
13491,-0.00278921460209,0
13492,0.216204064753,0
13493,0.308931998779,0
13494,0.146352533486,0
13495,0.268748039587,0
13496,0.211083716326,0
13497,0.562712657442,0
13498,0.695746450839,0
13499,0.565538653226,0
13500,0.447406872782,0
13501,0.68021648653,0
13502,0.701344119537,0
13503,0.584450838478,0
13504,0.58967397801,0
13505,0.942928404148,0
13506,1.05542489378,0
13507,0.770972361706,0
13508,1.14674688582,0
13509,0.778220325242,0
13510,1.23300347135,0
13511,0.984816370582,0
13512,1.11602796793,0
13513,1.01133164275,0
13514,1.19319830501,0
13515,1.31328451833,0
13516,1.42029915495,0
13517,1.14471914429,0
13518,1.51693979173,0
13519,1.28715891159,0
13520,1.30559083673,0
13521,1.2849340487,0
13522,1.55889964936,0
13523,1.36455272905,0
13524,1.39445888951,0
13525,1.41322863732,0
13526,1.47688195995,0
13527,1.59688904829,0
13528,1.86784922345,0
13529,1.72104453261,0
13530,1.59706131403,0
13531,1.94025845626,0
13532,1.9232575632,0
13533,1.61454097181,0
13534,1.91103226526,0
13535,2.04478433689,0
13536,2.04690969894,0
13537,1.7470344059,0
13538,2.09515312102,0
13539,1.74147028386,0
13540,2.07106230697,0
13541,2.1337573614,0
13542,1.96436319295,0
13543,1.99005799834,0
13544,1.76613470647,0
13545,1.8516233802,0
13546,2.17701510098,0
13547,2.11523898896,0
13548,2.03855254301,0
13549,1.77528376862,0
13550,1.79272338316,0
13551,2.03117177245,0
13552,2.16718319841,0
13553,2.09389379658,0
13554,1.95871607269,0
13555,1.92497002686,0
13556,1.99844294577,0
13557,1.96574173012,0
13558,1.8817946603,0
13559,1.70205908895,0
13560,1.94382412983,0
13561,1.67543356351,0
13562,1.84264825963,0
13563,1.64250988947,0
13564,1.94389088088,0
13565,1.65118133419,0
13566,1.8515151237,0
13567,1.6444481957,0
13568,1.64633817592,0
13569,1.85284435433,0
13570,1.49006333217,0
13571,1.59819806302,0
13572,1.43529477543,0
13573,1.73585598004,0
13574,1.44698458561,0
13575,1.33372164762,0
13576,1.59389685546,0
13577,1.67767872919,0
13578,1.38046052227,0
13579,1.57876579626,0
13580,1.37474128588,0
13581,1.52996796534,0
13582,1.45882419907,0
13583,1.04201305654,0
13584,1.33692122984,0
13585,1.38329592673,0
13586,0.956951698446,0
13587,0.914362637475,0
13588,1.23054319319,0
13589,1.20823109736,0
13590,0.895417030631,0
13591,0.920961531002,0
13592,0.684410411178,0
13593,0.703607719573,0
13594,0.954775071805,0
13595,0.955265175474,0
13596,0.781392029999,0
13597,0.862872204842,0
13598,0.489320878558,0
13599,0.782036777767,0
13600,0.341992862304,0
13601,0.407715156841,0
13602,0.621976153102,0
13603,0.424463371567,0
13604,0.247297942748,0
13605,0.0966480186578,0
13606,0.37261187536,0
13607,0.00558040552741,0
13608,0.0768282853595,0
13609,0.118515740781,0
13610,0.260181692347,0
13611,0.00470069295415,0
13612,0.091064517237,0
13613,-0.128853204859,0
13614,-0.233963360182,0
13615,0.041933131379,0
13616,-0.206193434234,0
13617,-0.42005262271,0
13618,-0.415666836565,0
13619,-0.249729660497,0
13620,-0.137531057661,0
13621,-0.504092520139,0
13622,-0.405019851225,0
13623,-0.634963372272,0
13624,-0.667075969429,0
13625,-0.317088132201,0
13626,-0.380666816179,0
13627,-0.339886711301,0
13628,-0.411765760495,0
13629,-0.447654293149,0
13630,-0.638778157455,0
13631,-0.756113249584,0
13632,-0.765274459405,0
13633,-0.550700591729,0
13634,-0.930603479468,0
13635,-0.95180104257,0
13636,-0.55686758883,0
13637,-0.848938098373,0
13638,-0.90492533206,0
13639,-1.01149341264,0
13640,-1.03695898993,0
13641,-0.63334242168,0
13642,-1.00534074666,0
13643,-1.04854330471,0
13644,-0.765252167139,0
13645,-0.745508189008,0
13646,-0.856108509684,0
13647,-0.72797126221,0
13648,-0.92979776924,0
13649,-1.06765234675,0
13650,-0.938402601067,0
13651,-0.68602192886,0
13652,-1.10211725293,0
13653,-0.956637970982,0
13654,-1.07358724736,0
13655,-0.814406504243,0
13656,-1.07612619464,0
13657,-0.684859366431,0
13658,-0.8023807226,0
13659,-0.954923227471,0
13660,-1.03244476458,0
13661,-0.715429338542,0
13662,-0.597732405214,0
13663,-0.585801215119,0
13664,-0.609586216522,0
13665,-0.634828988555,0
13666,-0.777429705199,0
13667,-0.606247249883,0
13668,-0.483450350796,0
13669,-0.694179828441,0
13670,-0.793368893538,0
13671,-0.476358188222,0
13672,-0.451113023389,0
13673,-0.451254260718,0
13674,-0.606562902328,0
13675,-0.671819816033,0
13676,-0.451629052408,0
13677,-0.425195557647,0
13678,-0.296996779449,0
13679,-0.432659659201,0
13680,-0.504293392859,0
13681,-0.475793464053,0
13682,-0.0659357355382,0
13683,-0.0094675536558,0
13684,-0.354865934564,0
13685,0.0950620605959,0
13686,0.0357618257813,0
13687,0.171325945128,0
13688,0.128421849083,0
13689,0.252452868823,0
13690,0.27203598901,0
13691,-0.0727807867097,0
13692,0.146212492646,0
13693,0.238940426671,0
13694,0.0763609613781,0
13695,0.198756467479,0
13696,0.141092144218,0
13697,0.492721085335,0
13698,0.625754878731,0
13699,0.495547081118,0
13700,0.377415300675,0
13701,0.610224914422,0
13702,0.631352547429,0
13703,0.514459266371,0
13704,0.519682405903,0
13705,0.87293683204,0
13706,0.985433321675,0
13707,0.700980789598,0
13708,1.07675531371,0
13709,0.708228753135,0
13710,1.16301189925,0
13711,0.914824798474,0
13712,1.04603639582,0
13713,0.941340070643,0
13714,1.1232067329,0
13715,1.24329294622,0
13716,1.35030758284,0
13717,1.07472757218,0
13718,1.44694821963,0
13719,1.21716733948,0
13720,1.23559926462,0
13721,1.21494247659,0
13722,1.48890807726,0
13723,1.29456115695,0
13724,1.32446731741,0
13725,1.34323706521,0
13726,1.40689038784,0
13727,1.52689747618,0
13728,1.79785765135,0
13729,1.6510529605,0
13730,1.52706974193,0
13731,1.87026688415,0
13732,1.85326599109,0
13733,1.5445493997,0
13734,1.84104069315,0
13735,1.97479276478,0
13736,1.97691812683,0
13737,1.67704283379,0
13738,2.02516154892,0
13739,1.67147871175,0
13740,2.00107073486,0
13741,2.06376578929,0
13742,1.89437162084,0
13743,1.92006642623,0
13744,1.69614313436,0
13745,1.78163180809,0
13746,2.10702352888,0
13747,2.04524741685,0
13748,1.9685609709,0
13749,1.70529219651,0
13750,1.72273181105,0
13751,1.96118020034,0
13752,2.0971916263,0
13753,2.02390222447,0
13754,1.88872450058,0
13755,1.85497845475,0
13756,1.92845137366,0
13757,1.89575015801,0
13758,1.81180308819,0
13759,1.63206751684,0
13760,1.87383255772,0
13761,1.6054419914,0
13762,1.77265668752,0
13763,1.57251831736,0
13764,1.87389930877,0
13765,1.58118976209,0
13766,1.78152355159,0
13767,1.57445662359,0
13768,1.57634660381,0
13769,1.78285278222,0
13770,1.42007176007,0
13771,1.52820649091,0
13772,1.36530320333,0
13773,1.66586440793,0
13774,1.3769930135,0
13775,1.26373007552,0
13776,1.52390528335,0
13777,1.60768715709,0
13778,1.31046895016,0
13779,1.50877422415,0
13780,1.30474971378,0
13781,1.45997639323,0
13782,1.38883262696,0
13783,0.972021484431,0
13784,1.26692965774,0
13785,1.31330435463,0
13786,0.886960126338,0
13787,0.844371065368,0
13788,1.16055162108,0
13789,1.13823952526,0
13790,0.825425458524,0
13791,0.850969958894,0
13792,0.61441883907,0
13793,0.633616147465,0
13794,0.884783499697,0
13795,0.885273603367,0
13796,0.711400457891,0
13797,0.792880632734,0
13798,0.41932930645,0
13799,0.71204520566,0
13800,0.353433536045,0
13801,0.419155830581,0
13802,0.633416826843,0
13803,0.435904045307,0
13804,0.258738616489,0
13805,0.108088692398,0
13806,0.384052549101,0
13807,0.0170210792678,0
13808,0.0882689591,0
13809,0.129956414522,0
13810,0.271622366087,0
13811,0.0161413666946,0
13812,0.102505190977,0
13813,-0.117412531118,0
13814,-0.222522686441,0
13815,0.0533738051194,0
13816,-0.194752760494,0
13817,-0.408611948969,0
13818,-0.404226162825,0
13819,-0.238288986757,0
13820,-0.126090383921,0
13821,-0.492651846399,0
13822,-0.393579177485,0
13823,-0.623522698532,0
13824,-0.655635295688,0
13825,-0.30564745846,0
13826,-0.369226142438,0
13827,-0.32844603756,0
13828,-0.400325086754,0
13829,-0.436213619409,0
13830,-0.627337483714,0
13831,-0.744672575844,0
13832,-0.753833785665,0
13833,-0.539259917989,0
13834,-0.919162805728,0
13835,-0.94036036883,0
13836,-0.54542691509,0
13837,-0.837497424632,0
13838,-0.89348465832,0
13839,-1.0000527389,0
13840,-1.02551831619,0
13841,-0.621901747939,0
13842,-0.993900072916,0
13843,-1.03710263097,0
13844,-0.753811493398,0
13845,-0.734067515268,0
13846,-0.844667835944,0
13847,-0.71653058847,0
13848,-0.9183570955,0
13849,-1.05621167301,0
13850,-0.926961927327,0
13851,-0.67458125512,0
13852,-1.09067657919,0
13853,-0.945197297241,0
13854,-1.06214657362,0
13855,-0.802965830502,0
13856,-1.0646855209,0
13857,-0.67341869269,0
13858,-0.79094004886,0
13859,-0.94348255373,0
13860,-1.02100409084,0
13861,-0.703988664802,0
13862,-0.586291731473,0
13863,-0.574360541379,0
13864,-0.598145542781,0
13865,-0.623388314814,0
13866,-0.765989031458,0
13867,-0.594806576142,0
13868,-0.472009677056,0
13869,-0.682739154701,0
13870,-0.781928219797,0
13871,-0.464917514481,0
13872,-0.439672349649,0
13873,-0.439813586977,0
13874,-0.595122228588,0
13875,-0.660379142293,0
13876,-0.440188378667,0
13877,-0.413754883907,0
13878,-0.285556105709,0
13879,-0.42121898546,0
13880,-0.492852719119,0
13881,-0.464352790312,0
13882,-0.0544950617978,0
13883,0.00197312008464,0
13884,-0.343425260824,0
13885,0.106502734336,0
13886,0.0472024995217,0
13887,0.182766618869,0
13888,0.139862522824,0
13889,0.263893542564,0
13890,0.28347666275,0
13891,-0.0613401129693,0
13892,0.157653166386,0
13893,0.250381100411,0
13894,0.0878016351186,0
13895,0.210197141219,0
13896,0.152532817958,0
13897,0.504161759075,0
13898,0.637195552472,0
13899,0.506987754859,0
13900,0.388855974415,0
13901,0.621665588163,0
13902,0.642793221169,0
13903,0.525899940111,0
13904,0.531123079643,0
13905,0.884377505781,0
13906,0.996873995415,0
13907,0.712421463338,0
13908,1.08819598745,0
13909,0.719669426875,0
13910,1.17445257299,0
13911,0.926265472215,0
13912,1.05747706956,0
13913,0.952780744383,0
13914,1.13464740664,0
13915,1.25473361996,0
13916,1.36174825658,0
13917,1.08616824592,0
13918,1.45838889337,0
13919,1.22860801322,0
13920,1.24703993836,0
13921,1.22638315033,0
13922,1.500348751,0
13923,1.30600183069,0
13924,1.33590799115,0
13925,1.35467773895,0
13926,1.41833106158,0
13927,1.53833814992,0
13928,1.80929832509,0
13929,1.66249363424,0
13930,1.53851041567,0
13931,1.88170755789,0
13932,1.86470666483,0
13933,1.55599007344,0
13934,1.85248136689,0
13935,1.98623343852,0
13936,1.98835880057,0
13937,1.68848350753,0
13938,2.03660222266,0
13939,1.68291938549,0
13940,2.0125114086,0
13941,2.07520646303,0
13942,1.90581229458,0
13943,1.93150709997,0
13944,1.7075838081,0
13945,1.79307248184,0
13946,2.11846420262,0
13947,2.05668809059,0
13948,1.98000164464,0
13949,1.71673287025,0
13950,1.73417248479,0
13951,1.97262087408,0
13952,2.10863230004,0
13953,2.03534289821,0
13954,1.90016517432,0
13955,1.86641912849,0
13956,1.9398920474,0
13957,1.90719083175,0
13958,1.82324376193,0
13959,1.64350819058,0
13960,1.88527323146,0
13961,1.61688266514,0
13962,1.78409736126,0
13963,1.5839589911,0
13964,1.88533998251,0
13965,1.59263043583,0
13966,1.79296422533,0
13967,1.58589729733,0
13968,1.58778727755,0
13969,1.79429345596,0
13970,1.43151243381,0
13971,1.53964716465,0
13972,1.37674387707,0
13973,1.67730508167,0
13974,1.38843368725,0
13975,1.27517074926,0
13976,1.53534595709,0
13977,1.61912783083,0
13978,1.32190962391,0
13979,1.52021489789,0
13980,1.31619038752,0
13981,1.47141706697,0
13982,1.40027330071,0
13983,0.983462158172,0
13984,1.27837033148,0
13985,1.32474502837,0
13986,0.898400800079,0
13987,0.855811739108,0
13988,1.17199229482,0
13989,1.149680199,0
13990,0.836866132264,0
13991,0.862410632634,0
13992,0.625859512811,0
13993,0.645056821206,0
13994,0.896224173437,0
13995,0.896714277107,0
13996,0.722841131631,0
13997,0.804321306475,0
13998,0.430769980191,0
13999,0.7234858794,0
14000,0.311700373674,0
14001,0.377422668211,0
14002,0.591683664472,0
14003,0.394170882937,0
14004,0.217005454118,0
14005,0.0663555300278,0
14006,0.34231938673,0
14007,-0.0247120831026,0
14008,0.0465357967296,0
14009,0.0882232521512,0
14010,0.229889203717,0
14011,-0.0255917956758,0
14012,0.060772028607,0
14013,-0.159145693489,0
14014,-0.264255848812,0
14015,0.011640642749,0
14016,-0.236485922864,0
14017,-0.45034511134,0
14018,-0.445959325195,0
14019,-0.280022149127,0
14020,-0.167823546291,0
14021,-0.534385008769,0
14022,-0.435312339855,0
14023,-0.665255860902,0
14024,-0.697368458059,0
14025,-0.347380620831,0
14026,-0.410959304808,0
14027,-0.370179199931,0
14028,-0.442058249125,0
14029,-0.477946781779,0
14030,-0.669070646085,0
14031,-0.786405738214,0
14032,-0.795566948035,0
14033,-0.580993080359,0
14034,-0.960895968098,0
14035,-0.9820935312,0
14036,-0.58716007746,0
14037,-0.879230587003,0
14038,-0.93521782069,0
14039,-1.04178590127,0
14040,-1.06725147856,0
14041,-0.66363491031,0
14042,-1.03563323529,0
14043,-1.07883579334,0
14044,-0.795544655769,0
14045,-0.775800677638,0
14046,-0.886400998314,0
14047,-0.75826375084,0
14048,-0.96009025787,0
14049,-1.09794483538,0
14050,-0.968695089697,0
14051,-0.71631441749,0
14052,-1.13240974156,0
14053,-0.986930459612,0
14054,-1.10387973599,0
14055,-0.844698992872,0
14056,-1.10641868327,0
14057,-0.715151855061,0
14058,-0.83267321123,0
14059,-0.985215716101,0
14060,-1.06273725321,0
14061,-0.745721827172,0
14062,-0.628024893844,0
14063,-0.616093703749,0
14064,-0.639878705152,0
14065,-0.665121477185,0
14066,-0.807722193829,0
14067,-0.636539738513,0
14068,-0.513742839426,0
14069,-0.724472317071,0
14070,-0.823661382168,0
14071,-0.506650676852,0
14072,-0.481405512019,0
14073,-0.481546749348,0
14074,-0.636855390958,0
14075,-0.702112304663,0
14076,-0.481921541038,0
14077,-0.455488046277,0
14078,-0.327289268079,0
14079,-0.462952147831,0
14080,-0.534585881489,0
14081,-0.506085952683,0
14082,-0.0962282241682,0
14083,-0.0397600422858,0
14084,-0.385158423194,0
14085,0.0647695719659,0
14086,0.00546933715129,0
14087,0.141033456498,0
14088,0.0981293604535,0
14089,0.222160380193,0
14090,0.24174350038,0
14091,-0.10307327534,0
14092,0.115920004016,0
14093,0.208647938041,0
14094,0.0460684727481,0
14095,0.168463978849,0
14096,0.110799655588,0
14097,0.462428596705,0
14098,0.595462390101,0
14099,0.465254592488,0
14100,0.347122812045,0
14101,0.579932425792,0
14102,0.601060058799,0
14103,0.484166777741,0
14104,0.489389917273,0
14105,0.84264434341,0
14106,0.955140833045,0
14107,0.670688300968,0
14108,1.04646282508,0
14109,0.677936264505,0
14110,1.13271941062,0
14111,0.884532309844,0
14112,1.01574390719,0
14113,0.911047582013,0
14114,1.09291424427,0
14115,1.21300045759,0
14116,1.32001509421,0
14117,1.04443508355,0
14118,1.416655731,0
14119,1.18687485085,0
14120,1.20530677599,0
14121,1.18464998796,0
14122,1.45861558863,0
14123,1.26426866832,0
14124,1.29417482878,0
14125,1.31294457658,0
14126,1.37659789921,0
14127,1.49660498755,0
14128,1.76756516272,0
14129,1.62076047187,0
14130,1.4967772533,0
14131,1.83997439552,0
14132,1.82297350246,0
14133,1.51425691107,0
14134,1.81074820452,0
14135,1.94450027615,0
14136,1.9466256382,0
14137,1.64675034516,0
14138,1.99486906029,0
14139,1.64118622312,0
14140,1.97077824623,0
14141,2.03347330066,0
14142,1.86407913221,0
14143,1.8897739376,0
14144,1.66585064573,0
14145,1.75133931946,0
14146,2.07673104025,0
14147,2.01495492822,0
14148,1.93826848227,0
14149,1.67499970788,0
14150,1.69243932242,0
14151,1.93088771171,0
14152,2.06689913767,0
14153,1.99360973584,0
14154,1.85843201195,0
14155,1.82468596612,0
14156,1.89815888503,0
14157,1.86545766938,0
14158,1.78151059956,0
14159,1.60177502821,0
14160,1.84354006909,0
14161,1.57514950277,0
14162,1.74236419889,0
14163,1.54222582873,0
14164,1.84360682014,0
14165,1.55089727346,0
14166,1.75123106296,0
14167,1.54416413496,0
14168,1.54605411518,0
14169,1.75256029359,0
14170,1.38977927144,0
14171,1.49791400228,0
14172,1.3350107147,0
14173,1.6355719193,0
14174,1.34670052487,0
14175,1.23343758689,0
14176,1.49361279472,0
14177,1.57739466846,0
14178,1.28017646153,0
14179,1.47848173552,0
14180,1.27445722515,0
14181,1.4296839046,0
14182,1.35854013833,0
14183,0.941728995801,0
14184,1.23663716911,0
14185,1.283011866,0
14186,0.856667637708,0
14187,0.814078576738,0
14188,1.13025913245,0
14189,1.10794703663,0
14190,0.795132969894,0
14191,0.820677470264,0
14192,0.58412635044,0
14193,0.603323658835,0
14194,0.854491011067,0
14195,0.854981114737,0
14196,0.681107969261,0
14197,0.762588144104,0
14198,0.38903681782,0
14199,0.68175271703,0
14200,0.369903101276,0
14201,0.435625395812,0
14202,0.649886392074,0
14203,0.452373610539,0
14204,0.27520818172,0
14205,0.12455825763,0
14206,0.400522114332,0
14207,0.0334906444993,0
14208,0.104738524331,0
14209,0.146425979753,0
14210,0.288091931319,0
14211,0.0326109319261,0
14212,0.118974756209,0
14213,-0.100942965887,0
14214,-0.20605312121,0
14215,0.0698433703509,0
14216,-0.178283195262,0
14217,-0.392142383738,0
14218,-0.387756597593,0
14219,-0.221819421526,0
14220,-0.109620818689,0
14221,-0.476182281167,0
14222,-0.377109612253,0
14223,-0.6070531333,0
14224,-0.639165730457,0
14225,-0.289177893229,0
14226,-0.352756577207,0
14227,-0.311976472329,0
14228,-0.383855521523,0
14229,-0.419744054177,0
14230,-0.610867918483,0
14231,-0.728203010612,0
14232,-0.737364220433,0
14233,-0.522790352757,0
14234,-0.902693240496,0
14235,-0.923890803598,0
14236,-0.528957349858,0
14237,-0.821027859401,0
14238,-0.877015093089,0
14239,-0.983583173666,0
14240,-1.00904875096,0
14241,-0.605432182708,0
14242,-0.977430507685,0
14243,-1.02063306574,0
14244,-0.737341928167,0
14245,-0.717597950036,0
14246,-0.828198270713,0
14247,-0.700061023238,0
14248,-0.901887530268,0
14249,-1.03974210778,0
14250,-0.910492362095,0
14251,-0.658111689889,0
14252,-1.07420701396,0
14253,-0.92872773201,0
14254,-1.04567700839,0
14255,-0.786496265271,0
14256,-1.04821595566,0
14257,-0.656949127459,0
14258,-0.774470483628,0
14259,-0.927012988499,0
14260,-1.0045345256,0
14261,-0.68751909957,0
14262,-0.569822166242,0
14263,-0.557890976147,0
14264,-0.58167597755,0
14265,-0.606918749583,0
14266,-0.749519466227,0
14267,-0.578337010911,0
14268,-0.455540111824,0
14269,-0.666269589469,0
14270,-0.765458654566,0
14271,-0.44844794925,0
14272,-0.423202784418,0
14273,-0.423344021746,0
14274,-0.578652663356,0
14275,-0.643909577062,0
14276,-0.423718813436,0
14277,-0.397285318675,0
14278,-0.269086540477,0
14279,-0.404749420229,0
14280,-0.476383153887,0
14281,-0.447883225081,0
14282,-0.0380254965663,0
14283,0.0184426853161,0
14284,-0.326955695592,0
14285,0.122972299568,0
14286,0.0636720647532,0
14287,0.1992361841,0
14288,0.156332088055,0
14289,0.280363107795,0
14290,0.299946227982,0
14291,-0.0448705477378,0
14292,0.174122731618,0
14293,0.266850665643,0
14294,0.10427120035,0
14295,0.226666706451,0
14296,0.16900238319,0
14297,0.520631324306,0
14298,0.653665117703,0
14299,0.52345732009,0
14300,0.405325539647,0
14301,0.638135153394,0
14302,0.659262786401,0
14303,0.542369505342,0
14304,0.547592644874,0
14305,0.900847071012,0
14306,1.01334356065,0
14307,0.72889102857,0
14308,1.10466555268,0
14309,0.736138992107,0
14310,1.19092213822,0
14311,0.942735037446,0
14312,1.0739466348,0
14313,0.969250309615,0
14314,1.15111697187,0
14315,1.27120318519,0
14316,1.37821782181,0
14317,1.10263781115,0
14318,1.4748584586,0
14319,1.24507757845,0
14320,1.26350950359,0
14321,1.24285271556,0
14322,1.51681831623,0
14323,1.32247139592,0
14324,1.35237755638,0
14325,1.37114730418,0
14326,1.43480062681,0
14327,1.55480771515,0
14328,1.82576789032,0
14329,1.67896319947,0
14330,1.5549799809,0
14331,1.89817712312,0
14332,1.88117623006,0
14333,1.57245963867,0
14334,1.86895093212,0
14335,2.00270300375,0
14336,2.0048283658,0
14337,1.70495307277,0
14338,2.05307178789,0
14339,1.69938895073,0
14340,2.02898097383,0
14341,2.09167602826,0
14342,1.92228185981,0
14343,1.9479766652,0
14344,1.72405337333,0
14345,1.80954204707,0
14346,2.13493376785,0
14347,2.07315765582,0
14348,1.99647120987,0
14349,1.73320243548,0
14350,1.75064205002,0
14351,1.98909043931,0
14352,2.12510186527,0
14353,2.05181246344,0
14354,1.91663473955,0
14355,1.88288869372,0
14356,1.95636161263,0
14357,1.92366039698,0
14358,1.83971332717,0
14359,1.65997775581,0
14360,1.9017427967,0
14361,1.63335223037,0
14362,1.80056692649,0
14363,1.60042855634,0
14364,1.90180954774,0
14365,1.60910000106,0
14366,1.80943379056,0
14367,1.60236686257,0
14368,1.60425684278,0
14369,1.81076302119,0
14370,1.44798199904,0
14371,1.55611672988,0
14372,1.3932134423,0
14373,1.6937746469,0
14374,1.40490325248,0
14375,1.29164031449,0
14376,1.55181552232,0
14377,1.63559739606,0
14378,1.33837918914,0
14379,1.53668446313,0
14380,1.33265995275,0
14381,1.48788663221,0
14382,1.41674286594,0
14383,0.999931723403,0
14384,1.29483989671,0
14385,1.3412145936,0
14386,0.91487036531,0
14387,0.87228130434,0
14388,1.18846186005,0
14389,1.16614976423,0
14390,0.853335697495,0
14391,0.878880197866,0
14392,0.642329078042,0
14393,0.661526386437,0
14394,0.912693738669,0
14395,0.913183842339,0
14396,0.739310696863,0
14397,0.820790871706,0
14398,0.447239545422,0
14399,0.739955444632,0
14400,0.318988023005,0
14401,0.384710317541,0
14402,0.598971313803,0
14403,0.401458532268,0
14404,0.224293103449,0
14405,0.0736431793586,0
14406,0.349607036061,0
14407,-0.0174244337718,0
14408,0.0538234460604,0
14409,0.095510901482,0
14410,0.237176853048,0
14411,-0.018304146345,0
14412,0.0680596779378,0
14413,-0.151858044158,0
14414,-0.256968199481,0
14415,0.0189282920798,0
14416,-0.229198273533,0
14417,-0.443057462009,0
14418,-0.438671675864,0
14419,-0.272734499797,0
14420,-0.16053589696,0
14421,-0.527097359438,0
14422,-0.428024690524,0
14423,-0.657968211571,0
14424,-0.690080808728,0
14425,-0.3400929715,0
14426,-0.403671655478,0
14427,-0.3628915506,0
14428,-0.434770599794,0
14429,-0.470659132448,0
14430,-0.661782996754,0
14431,-0.779118088883,0
14432,-0.788279298705,0
14433,-0.573705431028,0
14434,-0.953608318768,0
14435,-0.974805881869,0
14436,-0.579872428129,0
14437,-0.871942937672,0
14438,-0.92793017136,0
14439,-1.03449825194,0
14440,-1.05996382923,0
14441,-0.656347260979,0
14442,-1.02834558596,0
14443,-1.07154814401,0
14444,-0.788257006438,0
14445,-0.768513028308,0
14446,-0.879113348984,0
14447,-0.750976101509,0
14448,-0.952802608539,0
14449,-1.09065718605,0
14450,-0.961407440366,0
14451,-0.70902676816,0
14452,-1.12512209223,0
14453,-0.979642810281,0
14454,-1.09659208666,0
14455,-0.837411343542,0
14456,-1.09913103394,0
14457,-0.70786420573,0
14458,-0.825385561899,0
14459,-0.97792806677,0
14460,-1.05544960388,0
14461,-0.738434177841,0
14462,-0.620737244513,0
14463,-0.608806054419,0
14464,-0.632591055821,0
14465,-0.657833827854,0
14466,-0.800434544498,0
14467,-0.629252089182,0
14468,-0.506455190095,0
14469,-0.71718466774,0
14470,-0.816373732837,0
14471,-0.499363027521,0
14472,-0.474117862689,0
14473,-0.474259100017,0
14474,-0.629567741627,0
14475,-0.526456876827,1
14476,-0.448566040287,1
14477,-0.366020986036,1
14478,-0.27923483275,1
14479,-0.188641924811,1
14480,-0.0946956585191,1
14481,0.00213378705206,1
14482,0.101361803192,1
14483,0.202491776906,1
14484,0.305017576346,1
14485,0.408426083884,1
14486,0.512199764145,1
14487,0.615819254147,1
14488,0.718765962598,1
14489,0.820524665318,1
14490,0.920586083818,1
14491,1.01844943412,1
14492,1.11362493306,1
14493,1.20563624955,1
14494,1.29402288847,1
14495,1.3783424954,1
14496,1.45817307044,1
14497,1.53311508024,1
14498,1.60279345758,1
14499,1.66685947851,1
14500,1.72499250757,1
14501,1.77690160256,1
14502,1.82232697062,1
14503,1.86104126841,1
14504,1.89285073992,1
14505,1.91759618621,1
14506,1.9351537621,1
14507,1.94543559604,1
14508,1.94839022986,1
14509,1.94400287629,1
14510,1.93229549303,1
14511,1.91332667279,1
14512,1.88719135006,1
14513,1.85402032602,1
14514,1.81397961389,1
14515,1.76726960805,1
14516,1.71412408116,1
14517,1.65480901413,1
14518,1.58962126499,1
14519,1.51888708317,1
14520,1.44296047669,1
14521,1.36222144044,1
14522,1.27707405441,1
14523,1.18794446133,1
14524,1.09527873395,1
14525,0.999540642542,1
14526,0.901209333853,1
14527,0.800776933063,1
14528,0.698746080831,1
14529,0.59562741769,1
14530,0.491937028412,1
14531,0.388193859127,1
14532,0.284917120113,1
14533,0.182623687275,1
14534,0.081825515302,1
14535,-0.0169729245489,1
14536,-0.113277169212,1
14537,-0.206605238483,1
14538,-0.296490047222,1
14539,-0.382481742999,1
14540,-0.464149957504,1
14541,-0.541085960439,1
14542,-0.612904705119,1
14543,-0.679246755535,1
14544,-0.739780085255,1
14545,-0.794201739131,1
14546,-0.842239349524,1
14547,-0.883652499438,1
14548,-0.918233925752,1
14549,-0.94581055652,1
14550,-0.966244377161,1
14551,-0.979433121184,1
14552,-0.985310782014,1
14553,-0.983847943334,1
14554,-0.975051926308,1
14555,-0.958966752943,1
14556,-0.935672925767,1
14557,-0.905287024932,1
14558,-0.867961124761,1
14559,-0.823882032645,1
14560,-0.773270354126,1
14561,-0.716379388806,1
14562,-0.65349386265,1
14563,-0.584928503,1
14564,-0.511026463429,1
14565,-0.432157606349,1
14566,-0.348716651929,1
14567,-0.261121202614,1
14568,-0.169809653127,1
14569,-0.0752389963982,1
14570,0.0221174635699,1
14571,0.121772480483,1
14572,0.223227304308,1
14573,0.325974177399,1
14574,0.429498875704,1
14575,0.53328328234,1
14576,0.636807980645,1
14577,0.739554853736,1
14578,0.841009677561,1
14579,0.940664694474,1
14580,1.03802115444,1
14581,1.13259181117,1
14582,1.22390336066,1
14583,1.31149880997,1
14584,1.39493976439,1
14585,1.47380862147,1
14586,1.54771066104,1
14587,1.61627602069,1
14588,1.67916154685,1
14589,1.73605251217,1
14590,1.78666419069,1
14591,1.8307432828,1
14592,1.86806918298,1
14593,1.89845508381,1
14594,1.92174891099,1
14595,1.93783408435,1
14596,1.94663010138,1
14597,1.94809294006,1
14598,1.94221527923,1
14599,1.9290265352,1
14600,1.79037241925,1
14601,1.76279578848,1
14602,1.72821436216,1
14603,1.68680121225,1
14604,1.63876360186,1
14605,1.58434194798,1
14606,1.52380861826,1
14607,1.45746656784,1
14608,1.38564782317,1
14609,1.30871182023,1
14610,1.22704360572,1
14611,1.14105190995,1
14612,1.05116710121,1
14613,0.957839031938,1
14614,0.861534787275,1
14615,0.762736347424,1
14616,0.661938175451,1
14617,0.559644742614,1
14618,0.4563680036,1
14619,0.352624834314,1
14620,0.248934445037,1
14621,0.145815781896,1
14622,0.0437849296635,1
14623,-0.0566474711264,1
14624,-0.154978779816,1
14625,-0.25071687122,1
14626,-0.343382598602,1
14627,-0.432512191685,1
14628,-0.517659577718,1
14629,-0.598398613963,1
14630,-0.674325220444,1
14631,-0.745059402265,1
14632,-0.810247151404,1
14633,-0.869562218434,1
14634,-0.922707745328,1
14635,-0.969417751164,1
14636,-1.0094584633,1
14637,-1.04262948733,1
14638,-1.06876481006,1
14639,-1.08773363031,1
14640,-1.09944101357,1
14641,-1.10382836713,1
14642,-1.10087373332,1
14643,-1.09059189938,1
14644,-1.07303432349,1
14645,-1.0482888772,1
14646,-1.01647940568,1
14647,-0.977765107893,1
14648,-0.932339739836,1
14649,-0.880430644841,1
14650,-0.822297615781,1
14651,-0.758231594859,1
14652,-0.688553217513,1
14653,-0.613611207713,1
14654,-0.533780632677,1
14655,-0.449461025747,1
14656,-0.361074386819,1
14657,-0.269063070334,1
14658,-0.173887571393,1
14659,-0.0760242210921,1
14660,0.0240371974079,1
14661,0.125795900128,1
14662,0.228742608579,1
14663,0.332362098581,1
14664,0.436135778842,1
14665,0.53954428638,1
14666,0.64207008582,1
14667,0.743200059534,1
14668,0.842428075674,1
14669,0.939257521245,1
14670,1.03320378754,1
14671,1.12379669548,1
14672,1.21058284876,1
14673,1.29312790301,1
14674,1.37101873955,1
14675,-0.81304495065,0
14676,-0.592854187025,0
14677,-0.566420692264,0
14678,-0.438221914066,0
14679,-0.573884793818,0
14680,-0.645518527476,0
14681,-0.61701859867,0
14682,-0.207160870155,0
14683,-0.150692688273,0
14684,-0.496091069181,0
14685,-0.0461630740211,0
14686,-0.105463308836,0
14687,0.0301008105111,0
14688,-0.0128032855336,0
14689,0.111227734206,0
14690,0.130810854393,0
14691,-0.214005921327,0
14692,0.00498735802881,0
14693,0.097715292054,0
14694,-0.0648641732389,0
14695,0.057531332862,0
14696,-0.000132990399013,0
14697,0.351495950718,0
14698,0.484529744114,0
14699,0.354321946501,0
14700,0.236190166058,0
14701,0.468999779805,0
14702,0.490127412812,0
14703,0.373234131754,0
14704,0.378457271286,0
14705,0.731711697423,0
14706,0.844208187058,0
14707,0.559755654981,0
14708,0.935530179094,0
14709,0.567003618518,0
14710,1.02178676463,0
14711,0.773599663857,0
14712,0.904811261206,0
14713,0.800114936026,0
14714,0.981981598283,0
14715,1.1020678116,0
14716,1.20908244823,0
14717,0.933502437564,0
14718,1.30572308501,0
14719,1.07594220486,0
14720,1.09437413,0
14721,1.07371734197,0
14722,1.34768294264,0
14723,1.15333602233,0
14724,1.18324218279,0
14725,1.20201193059,0
14726,1.26566525323,0
14727,1.38567234156,0
14728,1.65663251673,0
14729,1.50982782588,0
14730,1.38584460731,0
14731,1.72904174953,0
14732,1.71204085647,0
14733,1.40332426508,0
14734,1.69981555853,0
14735,1.83356763016,0
14736,1.83569299221,0
14737,1.53581769918,0
14738,1.8839364143,0
14739,1.53025357714,0
14740,1.85984560024,0
14741,1.92254065467,0
14742,1.75314648623,0
14743,1.77884129161,0
14744,1.55491799974,0
14745,1.64040667348,0
14746,1.96579839426,0
14747,1.90402228223,0
14748,1.82733583628,0
14749,1.5640670619,0
14750,1.58150667643,0
14751,1.81995506573,0
14752,1.95596649168,0
14753,1.88267708985,0
14754,1.74749936596,0
14755,1.71375332014,0
14756,1.78722623905,0
14757,1.75452502339,0
14758,1.67057795358,0
14759,1.49084238222,0
14760,1.73260742311,0
14761,1.46421685678,0
14762,1.63143155291,0
14763,1.43129318275,0
14764,1.73267417415,0
14765,1.43996462747,0
14766,1.64029841697,0
14767,1.43323148898,0
14768,1.4351214692,0
14769,1.64162764761,0
14770,1.27884662545,0
14771,1.38698135629,0
14772,1.22407806871,0
14773,1.52463927331,0
14774,1.23576787889,0
14775,1.1225049409,0
14776,1.38268014873,0
14777,1.46646202247,0
14778,1.16924381555,0
14779,1.36754908954,0
14780,1.16352457916,0
14781,1.31875125862,0
14782,1.24760749235,0
14783,0.830796349814,0
14784,1.12570452312,0
14785,1.17207922001,0
14786,0.745734991721,0
14787,0.703145930751,0
14788,1.01932648646,0
14789,0.99701439064,0
14790,0.684200323907,0
14791,0.709744824277,0
14792,0.473193704453,0
14793,0.492391012848,0
14794,0.74355836508,0
14795,0.74404846875,0
14796,0.570175323274,0
14797,0.651655498117,0
14798,0.278104171833,0
14799,0.570820071043,0
14800,0.00339951315181,0
14801,0.069121807688,0
14802,0.28338280395,0
14803,0.0858700224143,0
14804,-0.0912954064042,0
14805,-0.241945330495,0
14806,0.0340185262077,0
14807,-0.333012943625,0
14808,-0.261765063793,0
14809,-0.220077608371,0
14810,-0.0784116568058,0
14811,-0.333892656198,0
14812,-0.247528831916,0
14813,-0.467446554011,0
14814,-0.572556709334,0
14815,-0.296660217774,0
14816,-0.544786783387,0
14817,-0.758645971862,0
14818,-0.754260185718,0
14819,-0.58832300965,0
14820,-0.476124406814,0
14821,-0.842685869292,0
14822,-0.743613200377,0
14823,-0.973556721425,0
14824,-1.00566931858,0
14825,-0.655681481353,0
14826,-0.719260165331,0
14827,-0.678480060453,0
14828,-0.750359109647,0
14829,-0.786247642302,0
14830,-0.977371506607,0
14831,-1.09470659874,0
14832,-1.10386780856,0
14833,-0.889293940882,0
14834,-1.26919682862,0
14835,-1.29039439172,0
14836,-0.895460937983,0
14837,-1.18753144753,0
14838,-1.24351868121,0
14839,-1.35008676179,0
14840,-1.37555233909,0
14841,-0.971935770832,0
14842,-1.34393409581,0
14843,-1.38713665386,0
14844,-1.10384551629,0
14845,-1.08410153816,0
14846,-1.19470185884,0
14847,-1.06656461136,0
14848,-1.26839111839,0
14849,-1.40624569591,0
14850,-1.27699595022,0
14851,-1.02461527801,0
14852,-1.44071060208,0
14853,-1.29523132013,0
14854,-1.41218059651,0
14855,-1.1529998534,0
14856,-1.41471954379,0
14857,-1.02345271558,0
14858,-1.14097407175,0
14859,-1.29351657662,0
14860,-1.37103811373,0
14861,-1.05402268769,0
14862,-0.936325754366,0
14863,-0.924394564272,0
14864,-0.948179565674,0
14865,-0.973422337707,0
14866,-1.11602305435,0
14867,-0.944840599035,0
14868,-0.822043699949,0
14869,-1.03277317759,0
14870,-1.13196224269,0
14871,-0.814951537374,0
14872,-0.789706372542,0
14873,-0.78984760987,0
14874,-0.945156251481,0
14875,-1.01041316519,0
14876,-0.79022240156,0
14877,-0.7637889068,0
14878,-0.635590128602,0
14879,-0.771253008353,0
14880,-0.842886742012,0
14881,-0.814386813205,0
14882,-0.404529084691,0
14883,-0.348060902808,0
14884,-0.693459283717,0
14885,-0.243531288557,0
14886,-0.302831523371,0
14887,-0.167267404024,0
14888,-0.210171500069,0
14889,-0.0861404803292,0
14890,-0.0665573601426,0
14891,-0.411374135862,0
14892,-0.192380856507,0
14893,-0.0996529224816,0
14894,-0.262232387774,0
14895,-0.139836881674,0
14896,-0.197501204935,0
14897,0.154127736182,0
14898,0.287161529579,0
14899,0.156953731966,0
14900,0.0388219515223,0
14901,0.27163156527,0
14902,0.292759198276,0
14903,0.175865917218,0
14904,0.18108905675,0
14905,0.534343482888,0
14906,0.646839972522,0
14907,0.362387440445,0
14908,0.738161964558,0
14909,0.369635403982,0
14910,0.824418550095,0
14911,0.576231449322,0
14912,0.707443046671,0
14913,0.60274672149,0
14914,0.784613383747,0
14915,0.904699597065,0
14916,1.01171423369,0
14917,0.736134223028,0
14918,1.10835487047,0
14919,0.878573990329,0
14920,0.897005915466,0
14921,0.876349127437,0
14922,1.1503147281,0
14923,0.955967807794,0
14924,0.985873968253,0
14925,1.00464371606,0
14926,1.06829703869,0
14927,1.18830412703,0
14928,1.45926430219,0
14929,1.31245961135,0
14930,1.18847639277,0
14931,1.531673535,0
14932,1.51467264194,0
14933,1.20595605055,0
14934,1.502447344,0
14935,1.63619941562,0
14936,1.63832477767,0
14937,1.33844948464,0
14938,1.68656819976,0
14939,1.3328853626,0
14940,1.66247738571,0
14941,1.72517244014,0
14942,1.55577827169,0
14943,1.58147307708,0
14944,1.35754978521,0
14945,1.44303845894,0
14946,1.76843017972,0
14947,1.7066540677,0
14948,1.62996762175,0
14949,1.36669884736,0
14950,1.3841384619,0
14951,1.62258685119,0
14952,1.75859827715,0
14953,1.68530887532,0
14954,1.55013115143,0
14955,1.5163851056,0
14956,1.58985802451,0
14957,1.55715680886,0
14958,1.47320973904,0
14959,1.29347416769,0
14960,1.53523920857,0
14961,1.26684864225,0
14962,1.43406333837,0
14963,1.23392496821,0
14964,1.53530595962,0
14965,1.24259641293,0
14966,1.44293020244,0
14967,1.23586327444,0
14968,1.23775325466,0
14969,1.44425943307,0
14970,1.08147841091,0
14971,1.18961314176,0
14972,1.02670985417,0
14973,1.32727105878,0
14974,1.03839966435,0
14975,0.925136726364,0
14976,1.1853119342,0
14977,1.26909380793,0
14978,0.971875601012,0
14979,1.170180875,0
14980,0.966156364624,0
14981,1.12138304408,0
14982,1.05023927781,0
14983,0.633428135279,0
14984,0.928336308584,0
14985,0.974711005474,0
14986,0.548366777186,0
14987,0.505777716215,0
14988,0.821958271927,0
14989,0.799646176105,0
14990,0.486832109371,0
14991,0.512376609741,0
14992,0.275825489918,0
14993,0.295022798313,0
14994,0.546190150544,0
14995,0.546680254214,0
14996,0.372807108738,0
14997,0.454287283582,0
14998,0.0807359572975,0
14999,0.373451856507,0
15000,0.0168644734823,0
15001,0.0825867680185,0
15002,0.29684776428,0
15003,0.0993349827447,0
15004,-0.0778304460737,0
15005,-0.228480370164,0
15006,0.0474834865382,0
15007,-0.319547983295,0
15008,-0.248300103463,0
15009,-0.206612648041,0
15010,-0.0649466964754,0
15011,-0.320427695868,0
15012,-0.234063871585,0
15013,-0.453981593681,0
15014,-0.559091749004,0
15015,-0.283195257443,0
15016,-0.531321823056,0
15017,-0.745181011532,0
15018,-0.740795225387,0
15019,-0.57485804932,0
15020,-0.462659446483,0
15021,-0.829220908961,0
15022,-0.730148240047,0
15023,-0.960091761094,0
15024,-0.992204358251,0
15025,-0.642216521023,0
15026,-0.705795205001,0
15027,-0.665015100123,0
15028,-0.736894149317,0
15029,-0.772782681971,0
15030,-0.963906546277,0
15031,-1.08124163841,0
15032,-1.09040284823,0
15033,-0.875828980551,0
15034,-1.25573186829,0
15035,-1.27692943139,0
15036,-0.881995977652,0
15037,-1.17406648719,0
15038,-1.23005372088,0
15039,-1.33662180146,0
15040,-1.36208737875,0
15041,-0.958470810502,0
15042,-1.33046913548,0
15043,-1.37367169353,0
15044,-1.09038055596,0
15045,-1.07063657783,0
15046,-1.18123689851,0
15047,-1.05309965103,0
15048,-1.25492615806,0
15049,-1.39278073557,0
15050,-1.26353098989,0
15051,-1.01115031768,0
15052,-1.42724564175,0
15053,-1.2817663598,0
15054,-1.39871563618,0
15055,-1.13953489306,0
15056,-1.40125458346,0
15057,-1.00998775525,0
15058,-1.12750911142,0
15059,-1.28005161629,0
15060,-1.3575731534,0
15061,-1.04055772736,0
15062,-0.922860794036,0
15063,-0.910929603941,0
15064,-0.934714605344,0
15065,-0.959957377377,0
15066,-1.10255809402,0
15067,-0.931375638705,0
15068,-0.808578739618,0
15069,-1.01930821726,0
15070,-1.11849728236,0
15071,-0.801486577044,0
15072,-0.776241412212,0
15073,-0.77638264954,0
15074,-0.93169129115,0
15075,-0.996948204856,0
15076,-0.77675744123,0
15077,-0.750323946469,0
15078,-0.622125168271,0
15079,-0.757788048023,0
15080,-0.829421781681,0
15081,-0.800921852875,0
15082,-0.39106412436,0
15083,-0.334595942478,0
15084,-0.679994323386,0
15085,-0.230066328226,0
15086,-0.289366563041,0
15087,-0.153802443694,0
15088,-0.196706539739,0
15089,-0.0726755199988,0
15090,-0.0530923998121,0
15091,-0.397909175532,0
15092,-0.178915896176,0
15093,-0.0861879621511,0
15094,-0.248767427444,0
15095,-0.126371921343,0
15096,-0.184036244604,0
15097,0.167592696512,0
15098,0.300626489909,0
15099,0.170418692296,0
15100,0.0522869118527,0
15101,0.2850965256,0
15102,0.306224158607,0
15103,0.189330877549,0
15104,0.19455401708,0
15105,0.547808443218,0
15106,0.660304932853,0
15107,0.375852400776,0
15108,0.751626924889,0
15109,0.383100364313,0
15110,0.837883510425,0
15111,0.589696409652,0
15112,0.720908007001,0
15113,0.616211681821,0
15114,0.798078344078,0
15115,0.918164557396,0
15116,1.02517919402,0
15117,0.749599183359,0
15118,1.1218198308,0
15119,0.89203895066,0
15120,0.910470875796,0
15121,0.889814087768,0
15122,1.16377968843,0
15123,0.969432768124,0
15124,0.999338928583,0
15125,1.01810867639,0
15126,1.08176199902,0
15127,1.20176908736,0
15128,1.47272926252,0
15129,1.32592457168,0
15130,1.2019413531,0
15131,1.54513849533,0
15132,1.52813760227,0
15133,1.21942101088,0
15134,1.51591230433,0
15135,1.64966437596,0
15136,1.65178973801,0
15137,1.35191444497,0
15138,1.70003316009,0
15139,1.34635032293,0
15140,1.67594234604,0
15141,1.73863740047,0
15142,1.56924323202,0
15143,1.59493803741,0
15144,1.37101474554,0
15145,1.45650341927,0
15146,1.78189514005,0
15147,1.72011902803,0
15148,1.64343258208,0
15149,1.38016380769,0
15150,1.39760342223,0
15151,1.63605181152,0
15152,1.77206323748,0
15153,1.69877383565,0
15154,1.56359611176,0
15155,1.52985006593,0
15156,1.60332298484,0
15157,1.57062176919,0
15158,1.48667469937,0
15159,1.30693912802,0
15160,1.5487041689,0
15161,1.28031360258,0
15162,1.4475282987,0
15163,1.24738992854,0
15164,1.54877091995,0
15165,1.25606137326,0
15166,1.45639516277,0
15167,1.24932823477,0
15168,1.25121821499,0
15169,1.4577243934,0
15170,1.09494337124,0
15171,1.20307810209,0
15172,1.0401748145,0
15173,1.34073601911,0
15174,1.05186462468,0
15175,0.938601686695,0
15176,1.19877689453,0
15177,1.28255876826,0
15178,0.985340561343,0
15179,1.18364583533,0
15180,0.979621324954,0
15181,1.13484800441,0
15182,1.06370423814,0
15183,0.646893095609,0
15184,0.941801268915,0
15185,0.988175965804,0
15186,0.561831737516,0
15187,0.519242676546,0
15188,0.835423232257,0
15189,0.813111136435,0
15190,0.500297069701,0
15191,0.525841570072,0
15192,0.289290450248,0
15193,0.308487758643,0
15194,0.559655110875,0
15195,0.560145214545,0
15196,0.386272069069,0
15197,0.467752243912,0
15198,0.094200917628,0
15199,0.386916816838,0
15200,0.137026364833,0
15201,0.20274865937,0
15202,0.417009655631,0
15203,0.219496874096,0
15204,0.0423314452774,0
15205,-0.108318478813,0
15206,0.167645377889,0
15207,-0.199386091944,0
15208,-0.128138212111,0
15209,-0.0864507566898,0
15210,0.0552151948757,0
15211,-0.200265804517,0
15212,-0.113901980234,0
15213,-0.33381970233,0
15214,-0.438929857653,0
15215,-0.163033366092,0
15216,-0.411159931705,0
15217,-0.625019120181,0
15218,-0.620633334036,0
15219,-0.454696157968,0
15220,-0.342497555132,0
15221,-0.70905901761,0
15222,-0.609986348696,0
15223,-0.839929869743,0
15224,-0.8720424669,0
15225,-0.522054629672,0
15226,-0.585633313649,0
15227,-0.544853208772,0
15228,-0.616732257966,0
15229,-0.65262079062,0
15230,-0.843744654926,0
15231,-0.961079747055,0
15232,-0.970240956876,0
15233,-0.7556670892,0
15234,-1.13556997694,0
15235,-1.15676754004,0
15236,-0.761834086301,0
15237,-1.05390459584,0
15238,-1.10989182953,0
15239,-1.21645991011,0
15240,-1.2419254874,0
15241,-0.838308919151,0
15242,-1.21030724413,0
15243,-1.25350980218,0
15244,-0.97021866461,0
15245,-0.950474686479,0
15246,-1.06107500716,0
15247,-0.932937759681,0
15248,-1.13476426671,0
15249,-1.27261884422,0
15250,-1.14336909854,0
15251,-0.890988426331,0
15252,-1.3070837504,0
15253,-1.16160446845,0
15254,-1.27855374483,0
15255,-1.01937300171,0
15256,-1.28109269211,0
15257,-0.889825863902,0
15258,-1.00734722007,0
15259,-1.15988972494,0
15260,-1.23741126205,0
15261,-0.920395836013,0
15262,-0.802698902685,0
15263,-0.79076771259,0
15264,-0.814552713993,0
15265,-0.839795486026,0
15266,-0.98239620267,0
15267,-0.811213747354,0
15268,-0.688416848267,0
15269,-0.899146325912,0
15270,-0.998335391009,0
15271,-0.681324685693,0
15272,-0.65607952086,0
15273,-0.656220758189,0
15274,-0.811529399799,0
15275,-0.876786313504,0
15276,-0.656595549879,0
15277,-0.630162055118,0
15278,-0.50196327692,0
15279,-0.637626156672,0
15280,-0.70925989033,0
15281,-0.680759961524,0
15282,-0.270902233009,0
15283,-0.214434051127,0
15284,-0.559832432035,0
15285,-0.109904436875,0
15286,-0.16920467169,0
15287,-0.0336405523429,0
15288,-0.0765446483875,0
15289,0.0474863713523,0
15290,0.067069491539,0
15291,-0.277747284181,0
15292,-0.0587540048252,0
15293,0.0339739292,0
15294,-0.128605536093,0
15295,-0.00621002999198,0
15296,-0.063874353253,0
15297,0.287754587864,0
15298,0.42078838126,0
15299,0.290580583647,0
15300,0.172448803204,0
15301,0.405258416951,0
15302,0.426386049958,0
15303,0.3094927689,0
15304,0.314715908432,0
15305,0.667970334569,0
15306,0.780466824204,0
15307,0.496014292127,0
15308,0.87178881624,0
15309,0.503262255664,0
15310,0.958045401776,0
15311,0.709858301003,0
15312,0.841069898352,0
15313,0.736373573172,0
15314,0.918240235429,0
15315,1.03832644875,0
15316,1.14534108537,0
15317,0.86976107471,0
15318,1.24198172215,0
15319,1.01220084201,0
15320,1.03063276715,0
15321,1.00997597912,0
15322,1.28394157979,0
15323,1.08959465948,0
15324,1.11950081993,0
15325,1.13827056774,0
15326,1.20192389037,0
15327,1.32193097871,0
15328,1.59289115388,0
15329,1.44608646303,0
15330,1.32210324445,0
15331,1.66530038668,0
15332,1.64829949362,0
15333,1.33958290223,0
15334,1.63607419568,0
15335,1.76982626731,0
15336,1.77195162936,0
15337,1.47207633632,0
15338,1.82019505144,0
15339,1.46651221428,0
15340,1.79610423739,0
15341,1.85879929182,0
15342,1.68940512337,0
15343,1.71509992876,0
15344,1.49117663689,0
15345,1.57666531062,0
15346,1.90205703141,0
15347,1.84028091938,0
15348,1.76359447343,0
15349,1.50032569904,0
15350,1.51776531358,0
15351,1.75621370287,0
15352,1.89222512883,0
15353,1.818935727,0
15354,1.68375800311,0
15355,1.65001195728,0
15356,1.72348487619,0
15357,1.69078366054,0
15358,1.60683659072,0
15359,1.42710101937,0
15360,1.66886606025,0
15361,1.40047549393,0
15362,1.56769019005,0
15363,1.36755181989,0
15364,1.6689328113,0
15365,1.37622326462,0
15366,1.57655705412,0
15367,1.36949012612,0
15368,1.37138010634,0
15369,1.57788628475,0
15370,1.21510526259,0
15371,1.32323999344,0
15372,1.16033670585,0
15373,1.46089791046,0
15374,1.17202651603,0
15375,1.05876357805,0
15376,1.31893878588,0
15377,1.40272065961,0
15378,1.10550245269,0
15379,1.30380772668,0
15380,1.09978321631,0
15381,1.25500989576,0
15382,1.18386612949,0
15383,0.76705498696,0
15384,1.06196316027,0
15385,1.10833785716,0
15386,0.681993628867,0
15387,0.639404567897,0
15388,0.955585123608,0
15389,0.933273027786,0
15390,0.620458961053,0
15391,0.646003461423,0
15392,0.409452341599,0
15393,0.428649649994,0
15394,0.679817002226,0
15395,0.680307105896,0
15396,0.50643396042,0
15397,0.587914135263,0
15398,0.214362808979,0
15399,0.507078708189,0
15400,0.238794503458,0
15401,0.304516797994,0
15402,0.518777794256,0
15403,0.32126501272,0
15404,0.144099583902,0
15405,-0.00655034018857,0
15406,0.269413516514,0
15407,-0.097617953319,0
15408,-0.0263700734868,0
15409,0.0153173819348,0
15410,0.1569833335,0
15411,-0.0984976658922,0
15412,-0.0121338416094,0
15413,-0.232051563705,0
15414,-0.337161719028,0
15415,-0.0612652274674,0
15416,-0.309391793081,0
15417,-0.523250981556,0
15418,-0.518865195412,0
15419,-0.352928019344,0
15420,-0.240729416508,0
15421,-0.607290878985,0
15422,-0.508218210071,0
15423,-0.738161731118,0
15424,-0.770274328275,0
15425,-0.420286491047,0
15426,-0.483865175025,0
15427,-0.443085070147,0
15428,-0.514964119341,0
15429,-0.550852651995,0
15430,-0.741976516301,0
15431,-0.859311608431,0
15432,-0.868472818252,0
15433,-0.653898950576,0
15434,-1.03380183831,0
15435,-1.05499940142,0
15436,-0.660065947677,0
15437,-0.952136457219,0
15438,-1.00812369091,0
15439,-1.11469177148,0
15440,-1.14015734878,0
15441,-0.736540780526,0
15442,-1.1085391055,0
15443,-1.15174166355,0
15444,-0.868450525985,0
15445,-0.848706547855,0
15446,-0.959306868531,0
15447,-0.831169621057,0
15448,-1.03299612809,0
15449,-1.1708507056,0
15450,-1.04160095991,0
15451,-0.789220287707,0
15452,-1.20531561178,0
15453,-1.05983632983,0
15454,-1.17678560621,0
15455,-0.917604863089,0
15456,-1.17932455348,0
15457,-0.788057725277,0
15458,-0.905579081447,0
15459,-1.05812158632,0
15460,-1.13564312342,0
15461,-0.818627697389,0
15462,-0.70093076406,0
15463,-0.688999573966,0
15464,-0.712784575368,0
15465,-0.738027347401,0
15466,-0.880628064045,0
15467,-0.709445608729,0
15468,-0.586648709642,0
15469,-0.797378187287,0
15470,-0.896567252384,0
15471,-0.579556547068,0
15472,-0.554311382236,0
15473,-0.554452619564,0
15474,-0.709761261174,0
15475,-0.77501817488,0
15476,-0.554827411254,0
15477,-0.528393916494,0
15478,-0.400195138295,0
15479,-0.535858018047,0
15480,-0.607491751706,0
15481,-0.578991822899,0
15482,-0.169134094385,0
15483,-0.112665912502,0
15484,-0.458064293411,0
15485,-0.00813629825045,0
15486,-0.0674365330651,0
15487,0.0681275862818,0
15488,0.0252234902371,0
15489,0.149254509977,0
15490,0.168837630164,0
15491,-0.175979145556,0
15492,0.0430141337994,0
15493,0.135742067825,0
15494,-0.0268373974682,0
15495,0.0955581086326,0
15496,0.0378937853716,0
15497,0.389522726488,0
15498,0.522556519885,0
15499,0.392348722272,0
15500,0.274216941828,0
15501,0.507026555576,0
15502,0.528154188583,0
15503,0.411260907524,0
15504,0.416484047056,0
15505,0.769738473194,0
15506,0.882234962828,0
15507,0.597782430752,0
15508,0.973556954864,0
15509,0.605030394288,0
15510,1.0598135404,0
15511,0.811626439628,0
15512,0.942838036977,0
15513,0.838141711797,0
15514,1.02000837405,0
15515,1.14009458737,0
15516,1.247109224,0
15517,0.971529213334,0
15518,1.34374986078,0
15519,1.11396898064,0
15520,1.13240090577,0
15521,1.11174411774,0
15522,1.38570971841,0
15523,1.1913627981,0
15524,1.22126895856,0
15525,1.24003870636,0
15526,1.303692029,0
15527,1.42369911733,0
15528,1.6946592925,0
15529,1.54785460165,0
15530,1.42387138308,0
15531,1.7670685253,0
15532,1.75006763224,0
15533,1.44135104085,0
15534,1.73784233431,0
15535,1.87159440593,0
15536,1.87371976798,0
15537,1.57384447495,0
15538,1.92196319007,0
15539,1.56828035291,0
15540,1.89787237601,0
15541,1.96056743045,0
15542,1.791173262,0
15543,1.81686806738,0
15544,1.59294477551,0
15545,1.67843344925,0
15546,2.00382517003,0
15547,1.942049058,0
15548,1.86536261205,0
15549,1.60209383767,0
15550,1.6195334522,0
15551,1.8579818415,0
15552,1.99399326745,0
15553,1.92070386562,0
15554,1.78552614173,0
15555,1.75178009591,0
15556,1.82525301482,0
15557,1.79255179916,0
15558,1.70860472935,0
15559,1.52886915799,0
15560,1.77063419888,0
15561,1.50224363255,0
15562,1.66945832868,0
15563,1.46931995852,0
15564,1.77070094992,0
15565,1.47799140324,0
15566,1.67832519274,0
15567,1.47125826475,0
15568,1.47314824497,0
15569,1.67965442338,0
15570,1.31687340122,0
15571,1.42500813206,0
15572,1.26210484448,0
15573,1.56266604908,0
15574,1.27379465466,0
15575,1.16053171667,0
15576,1.4207069245,0
15577,1.50448879824,0
15578,1.20727059132,0
15579,1.40557586531,0
15580,1.20155135493,0
15581,1.35677803439,0
15582,1.28563426812,0
15583,0.868823125585,0
15584,1.16373129889,0
15585,1.21010599578,0
15586,0.783761767492,0
15587,0.741172706521,0
15588,1.05735326223,0
15589,1.03504116641,0
15590,0.722227099677,0
15591,0.747771600048,0
15592,0.511220480224,0
15593,0.530417788619,0
15594,0.781585140851,0
15595,0.78207524452,0
15596,0.608202099045,0
15597,0.689682273888,0
15598,0.316130947604,0
15599,0.608846846813,0
15600,0.361041611283,0
15601,0.426763905819,0
15602,0.641024902081,0
15603,0.443512120545,0
15604,0.266346691727,0
15605,0.115696767636,0
15606,0.391660624339,0
15607,0.0246291545061,0
15608,0.0958770343382,0
15609,0.13756448976,0
15610,0.279230441325,0
15611,0.0237494419328,0
15612,0.110113266216,0
15613,-0.10980445588,0
15614,-0.214914611203,0
15615,0.0609818803576,0
15616,-0.187144685255,0
15617,-0.401003873731,0
15618,-0.396618087587,0
15619,-0.230680911519,0
15620,-0.118482308683,0
15621,-0.48504377116,0
15622,-0.385971102246,0
15623,-0.615914623293,0
15624,-0.64802722045,0
15625,-0.298039383222,0
15626,-0.3616180672,0
15627,-0.320837962322,0
15628,-0.392717011516,0
15629,-0.42860554417,0
15630,-0.619729408476,0
15631,-0.737064500606,0
15632,-0.746225710427,0
15633,-0.53165184275,0
15634,-0.91155473049,0
15635,-0.932752293592,0
15636,-0.537818839852,0
15637,-0.829889349394,0
15638,-0.885876583082,0
15639,-0.992444663659,0
15640,-1.01791024095,0
15641,-0.614293672701,0
15642,-0.986291997678,0
15643,-1.02949455573,0
15644,-0.74620341816,0
15645,-0.72645944003,0
15646,-0.837059760706,0
15647,-0.708922513232,0
15648,-0.910749020262,0
15649,-1.04860359777,0
15650,-0.919353852088,0
15651,-0.666973179882,0
15652,-1.08306850395,0
15653,-0.937589222003,0
15654,-1.05453849838,0
15655,-0.795357755264,0
15656,-1.05707744566,0
15657,-0.665810617452,0
15658,-0.783331973622,0
15659,-0.935874478492,0
15660,-1.0133960156,0
15661,-0.696380589564,0
15662,-0.578683656235,0
15663,-0.566752466141,0
15664,-0.590537467543,0
15665,-0.615780239576,0
15666,-0.75838095622,0
15667,-0.587198500904,0
15668,-0.464401601817,0
15669,-0.675131079462,0
15670,-0.774320144559,0
15671,-0.457309439243,0
15672,-0.432064274411,0
15673,-0.432205511739,0
15674,-0.587514153349,0
15675,-0.652771067055,0
15676,-0.432580303429,0
15677,-0.406146808669,0
15678,-0.27794803047,0
15679,-0.413610910222,0
15680,-0.485244643881,0
15681,-0.456744715074,0
15682,-0.0468869865596,0
15683,0.00958119532287,0
15684,-0.335817185586,0
15685,0.114110809575,0
15686,0.0548105747599,0
15687,0.190374694107,0
15688,0.147470598062,0
15689,0.271501617802,0
15690,0.291084737989,0
15691,-0.053732037731,0
15692,0.165261241624,0
15693,0.25798917565,0
15694,0.0954097103568,0
15695,0.217805216458,0
15696,0.160140893197,0
15697,0.511769834313,0
15698,0.64480362771,0
15699,0.514595830097,0
15700,0.396464049653,0
15701,0.629273663401,0
15702,0.650401296408,0
15703,0.533508015349,0
15704,0.538731154881,0
15705,0.891985581019,0
15706,1.00448207065,0
15707,0.720029538577,0
15708,1.09580406269,0
15709,0.727277502113,0
15710,1.18206064823,0
15711,0.933873547453,0
15712,1.0650851448,0
15713,0.960388819622,0
15714,1.14225548188,0
15715,1.2623416952,0
15716,1.36935633182,0
15717,1.09377632116,0
15718,1.4659969686,0
15719,1.23621608846,0
15720,1.2546480136,0
15721,1.23399122557,0
15722,1.50795682624,0
15723,1.31360990593,0
15724,1.34351606638,0
15725,1.36228581419,0
15726,1.42593913682,0
15727,1.54594622516,0
15728,1.81690640032,0
15729,1.67010170948,0
15730,1.5461184909,0
15731,1.88931563313,0
15732,1.87231474007,0
15733,1.56359814868,0
15734,1.86008944213,0
15735,1.99384151376,0
15736,1.99596687581,0
15737,1.69609158277,0
15738,2.04421029789,0
15739,1.69052746073,0
15740,2.02011948384,0
15741,2.08281453827,0
15742,1.91342036982,0
15743,1.93911517521,0
15744,1.71519188334,0
15745,1.80068055707,0
15746,2.12607227786,0
15747,2.06429616583,0
15748,1.98760971988,0
15749,1.72434094549,0
15750,1.74178056003,0
15751,1.98022894932,0
15752,2.11624037528,0
15753,2.04295097345,0
15754,1.90777324956,0
15755,1.87402720373,0
15756,1.94750012264,0
15757,1.91479890699,0
15758,1.83085183717,0
15759,1.65111626582,0
15760,1.8928813067,0
15761,1.62449074038,0
15762,1.7917054365,0
15763,1.59156706634,0
15764,1.89294805775,0
15765,1.60023851106,0
15766,1.80057230057,0
15767,1.59350537257,0
15768,1.59539535279,0
15769,1.8019015312,0
15770,1.43912050904,0
15771,1.54725523989,0
15772,1.3843519523,0
15773,1.68491315691,0
15774,1.39604176248,0
15775,1.2827788245,0
15776,1.54295403233,0
15777,1.62673590606,0
15778,1.32951769914,0
15779,1.52782297313,0
15780,1.32379846275,0
15781,1.47902514221,0
15782,1.40788137594,0
15783,0.99107023341,0
15784,1.28597840672,0
15785,1.3323531036,0
15786,0.906008875317,0
15787,0.863419814346,0
15788,1.17960037006,0
15789,1.15728827424,0
15790,0.844474207502,0
15791,0.870018707873,0
15792,0.633467588049,0
15793,0.652664896444,0
15794,0.903832248676,0
15795,0.904322352345,0
15796,0.73044920687,0
15797,0.811929381713,0
15798,0.438378055429,0
15799,0.731093954639,0
15800,0.295135061482,0
15801,0.360857356019,0
15802,0.575118352281,0
15803,0.377605570745,0
15804,0.200440141926,0
15805,0.0497902178359,0
15806,0.325754074538,0
15807,-0.0412773952945,0
15808,0.0299704845376,0
15809,0.0716579399593,0
15810,0.213323891525,0
15811,-0.0421571078678,0
15812,0.0442067164151,0
15813,-0.175711005681,0
15814,-0.280821161004,0
15815,-0.00492466944295,0
15816,-0.253051235056,0
15817,-0.466910423532,0
15818,-0.462524637387,0
15819,-0.296587461319,0
15820,-0.184388858483,0
15821,-0.550950320961,0
15822,-0.451877652047,0
15823,-0.681821173094,0
15824,-0.71393377025,0
15825,-0.363945933023,0
15826,-0.427524617,0
15827,-0.386744512122,0
15828,-0.458623561317,0
15829,-0.494512093971,0
15830,-0.685635958276,0
15831,-0.802971050406,0
15832,-0.812132260227,0
15833,-0.597558392551,0
15834,-0.97746128029,0
15835,-0.998658843392,0
15836,-0.603725389652,0
15837,-0.895795899195,0
15838,-0.951783132882,0
15839,-1.05835121346,0
15840,-1.08381679075,0
15841,-0.680200222502,0
15842,-1.05219854748,0
15843,-1.09540110553,0
15844,-0.81210996796,0
15845,-0.79236598983,0
15846,-0.902966310506,0
15847,-0.774829063032,0
15848,-0.976655570062,0
15849,-1.11451014757,0
15850,-0.985260401889,0
15851,-0.732879729682,0
15852,-1.14897505375,0
15853,-1.0034957718,0
15854,-1.12044504818,0
15855,-0.861264305064,0
15856,-1.12298399546,0
15857,-0.731717167253,0
15858,-0.849238523422,0
15859,-1.00178102829,0
15860,-1.0793025654,0
15861,-0.762287139364,0
15862,-0.644590206036,0
15863,-0.632659015941,0
15864,-0.656444017344,0
15865,-0.681686789377,0
15866,-0.824287506021,0
15867,-0.653105050705,0
15868,-0.530308151618,0
15869,-0.741037629263,0
15870,-0.84022669436,0
15871,-0.523215989044,0
15872,-0.497970824211,0
15873,-0.49811206154,0
15874,-0.65342070315,0
15875,-0.718677616855,0
15876,-0.49848685323,0
15877,-0.472053358469,0
15878,-0.343854580271,0
15879,-0.479517460023,0
15880,-0.551151193681,0
15881,-0.522651264875,0
15882,-0.11279353636,0
15883,-0.0563253544777,0
15884,-0.401723735386,0
15885,0.048204259774,0
15886,-0.0110959750406,0
15887,0.124468144306,0
15888,0.0815640482615,0
15889,0.205595068001,0
15890,0.225178188188,0
15891,-0.119638587532,0
15892,0.0993546918239,0
15893,0.192082625849,0
15894,0.0295031605562,0
15895,0.151898666657,0
15896,0.0942343433961,0
15897,0.445863284513,0
15898,0.578897077909,0
15899,0.448689280296,0
15900,0.330557499853,0
15901,0.5633671136,0
15902,0.584494746607,0
15903,0.467601465549,0
15904,0.472824605081,0
15905,0.826079031218,0
15906,0.938575520853,0
15907,0.654122988776,0
15908,1.02989751289,0
15909,0.661370952313,0
15910,1.11615409843,0
15911,0.867966997652,0
15912,0.999178595001,0
15913,0.894482269821,0
15914,1.07634893208,0
15915,1.1964351454,0
15916,1.30344978202,0
15917,1.02786977136,0
15918,1.4000904188,0
15919,1.17030953866,0
15920,1.1887414638,0
15921,1.16808467577,0
15922,1.44205027643,0
15923,1.24770335612,0
15924,1.27760951658,0
15925,1.29637926439,0
15926,1.36003258702,0
15927,1.48003967536,0
15928,1.75099985052,0
15929,1.60419515968,0
15930,1.4802119411,0
15931,1.82340908333,0
15932,1.80640819027,0
15933,1.49769159888,0
15934,1.79418289233,0
15935,1.92793496396,0
15936,1.93006032601,0
15937,1.63018503297,0
15938,1.97830374809,0
15939,1.62462091093,0
15940,1.95421293404,0
15941,2.01690798847,0
15942,1.84751382002,0
15943,1.87320862541,0
15944,1.64928533354,0
15945,1.73477400727,0
15946,2.06016572806,0
15947,1.99838961603,0
15948,1.92170317008,0
15949,1.65843439569,0
15950,1.67587401023,0
15951,1.91432239952,0
15952,2.05033382548,0
15953,1.97704442365,0
15954,1.84186669976,0
15955,1.80812065393,0
15956,1.88159357284,0
15957,1.84889235719,0
15958,1.76494528737,0
15959,1.58520971602,0
15960,1.8269747569,0
15961,1.55858419058,0
15962,1.7257988867,0
15963,1.52566051654,0
15964,1.82704150795,0
15965,1.53433196126,0
15966,1.73466575077,0
15967,1.52759882277,0
15968,1.52948880299,0
15969,1.7359949814,0
15970,1.37321395924,0
15971,1.48134869009,0
15972,1.3184454025,0
15973,1.61900660711,0
15974,1.33013521268,0
15975,1.21687227469,0
15976,1.47704748253,0
15977,1.56082935626,0
15978,1.26361114934,0
15979,1.46191642333,0
15980,1.25789191295,0
15981,1.41311859241,0
15982,1.34197482614,0
15983,0.925163683609,0
15984,1.22007185692,0
15985,1.2664465538,0
15986,0.840102325516,0
15987,0.797513264546,0
15988,1.11369382026,0
15989,1.09138172444,0
15990,0.778567657702,0
15991,0.804112158072,0
15992,0.567561038248,0
15993,0.586758346643,0
15994,0.837925698875,0
15995,0.838415802545,0
15996,0.664542657069,0
15997,0.746022831913,0
15998,0.372471505628,0
15999,0.665187404838,0
16000,0.389695521249,0
16001,0.455417815785,0
16002,0.669678812047,0
16003,0.472166030511,0
16004,0.295000601693,0
16005,0.144350677602,0
16006,0.420314534305,0
16007,0.053283064472,0
16008,0.124530944304,0
16009,0.166218399726,0
16010,0.307884351291,0
16011,0.0524033518987,0
16012,0.138767176182,0
16013,-0.0811505459141,0
16014,-0.186260701237,0
16015,0.0896357903235,0
16016,-0.15849077529,0
16017,-0.372349963765,0
16018,-0.367964177621,0
16019,-0.202027001553,0
16020,-0.0898283987167,0
16021,-0.456389861195,0
16022,-0.35731719228,0
16023,-0.587260713328,0
16024,-0.619373310484,0
16025,-0.269385473256,0
16026,-0.332964157234,0
16027,-0.292184052356,0
16028,-0.36406310155,0
16029,-0.399951634204,0
16030,-0.59107549851,0
16031,-0.70841059064,0
16032,-0.717571800461,0
16033,-0.502997932785,0
16034,-0.882900820524,0
16035,-0.904098383626,0
16036,-0.509164929886,0
16037,-0.801235439428,0
16038,-0.857222673116,0
16039,-0.963790753694,0
16040,-0.989256330988,0
16041,-0.585639762735,0
16042,-0.957638087712,0
16043,-1.00084064576,0
16044,-0.717549508194,0
16045,-0.697805530064,0
16046,-0.80840585074,0
16047,-0.680268603266,0
16048,-0.882095110296,0
16049,-1.01994968781,0
16050,-0.890699942123,0
16051,-0.638319269916,0
16052,-1.05441459399,0
16053,-0.908935312037,0
16054,-1.02588458842,0
16055,-0.766703845298,0
16056,-1.02842353569,0
16057,-0.637156707486,0
16058,-0.754678063656,0
16059,-0.907220568526,0
16060,-0.984742105632,0
16061,-0.667726679598,0
16062,-0.550029746269,0
16063,-0.538098556175,0
16064,-0.561883557577,0
16065,-0.58712632961,0
16066,-0.729727046254,0
16067,-0.558544590938,0
16068,-0.435747691851,0
16069,-0.646477169497,0
16070,-0.745666234593,0
16071,-0.428655529277,0
16072,-0.403410364445,0
16073,-0.403551601773,0
16074,-0.558860243384,0
16075,-0.624117157089,0
16076,-0.403926393463,0
16077,-0.377492898703,0
16078,-0.249294120504,0
16079,-0.384957000256,0
16080,-0.456590733915,0
16081,-0.428090805108,0
16082,-0.0182330765937,0
16083,0.0382351052887,0
16084,-0.30716327562,0
16085,0.14276471954,0
16086,0.0834644847258,0
16087,0.219028604073,0
16088,0.176124508028,0
16089,0.300155527768,0
16090,0.319738647954,0
16091,-0.0250781277652,0
16092,0.19391515159,0
16093,0.286643085616,0
16094,0.124063620323,0
16095,0.246459126424,0
16096,0.188794803163,0
16097,0.540423744279,0
16098,0.673457537676,0
16099,0.543249740063,0
16100,0.425117959619,0
16101,0.657927573367,0
16102,0.679055206373,0
16103,0.562161925315,0
16104,0.567385064847,0
16105,0.920639490985,0
16106,1.03313598062,0
16107,0.748683448542,0
16108,1.12445797266,0
16109,0.755931412079,0
16110,1.21071455819,0
16111,0.962527457419,0
16112,1.09373905477,0
16113,0.989042729588,0
16114,1.17090939184,0
16115,1.29099560516,0
16116,1.39801024179,0
16117,1.12243023113,0
16118,1.49465087857,0
16119,1.26486999843,0
16120,1.28330192356,0
16121,1.26264513553,0
16122,1.5366107362,0
16123,1.34226381589,0
16124,1.37216997635,0
16125,1.39093972415,0
16126,1.45459304679,0
16127,1.57460013512,0
16128,1.84556031029,0
16129,1.69875561944,0
16130,1.57477240087,0
16131,1.91796954309,0
16132,1.90096865003,0
16133,1.59225205864,0
16134,1.8887433521,0
16135,2.02249542372,0
16136,2.02462078577,0
16137,1.72474549274,0
16138,2.07286420786,0
16139,1.7191813707,0
16140,2.04877339381,0
16141,2.11146844824,0
16142,1.94207427979,0
16143,1.96776908518,0
16144,1.74384579331,0
16145,1.82933446704,0
16146,2.15472618782,0
16147,2.09295007579,0
16148,2.01626362985,0
16149,1.75299485546,0
16150,1.77043447,0
16151,2.00888285929,0
16152,2.14489428525,0
16153,2.07160488341,0
16154,1.93642715952,0
16155,1.9026811137,0
16156,1.97615403261,0
16157,1.94345281695,0
16158,1.85950574714,0
16159,1.67977017578,0
16160,1.92153521667,0
16161,1.65314465034,0
16162,1.82035934647,0
16163,1.62022097631,0
16164,1.92160196772,0
16165,1.62889242103,0
16166,1.82922621053,0
16167,1.62215928254,0
16168,1.62404926276,0
16169,1.83055544117,0
16170,1.46777441901,0
16171,1.57590914986,0
16172,1.41300586227,0
16173,1.71356706688,0
16174,1.42469567245,0
16175,1.31143273446,0
16176,1.5716079423,0
16177,1.65538981603,0
16178,1.35817160911,0
16179,1.5564768831,0
16180,1.35245237272,0
16181,1.50767905218,0
16182,1.43653528591,0
16183,1.01972414338,0
16184,1.31463231668,0
16185,1.36100701357,0
16186,0.934662785283,0
16187,0.892073724312,0
16188,1.20825428002,0
16189,1.1859421842,0
16190,0.873128117468,0
16191,0.898672617838,0
16192,0.662121498015,0
16193,0.68131880641,0
16194,0.932486158642,0
16195,0.932976262311,0
16196,0.759103116836,0
16197,0.840583291679,0
16198,0.467031965395,0
16199,0.759747864604,0
16200,0.394819615684,0
16201,0.46054191022,0
16202,0.674802906482,0
16203,0.477290124946,0
16204,0.300124696128,0
16205,0.149474772037,0
16206,0.425438628739,0
16207,0.0584071589066,0
16208,0.129655038739,0
16209,0.17134249416,0
16210,0.313008445726,0
16211,0.0575274463334,0
16212,0.143891270616,0
16213,-0.0760264514794,0
16214,-0.181136606803,0
16215,0.0947598847582,0
16216,-0.153366680855,0
16217,-0.367225869331,0
16218,-0.362840083186,0
16219,-0.196902907118,0
16220,-0.084704304282,0
16221,-0.45126576676,0
16222,-0.352193097846,0
16223,-0.582136618893,0
16224,-0.614249216049,0
16225,-0.264261378822,0
16226,-0.327840062799,0
16227,-0.287059957921,0
16228,-0.358939007116,0
16229,-0.39482753977,0
16230,-0.585951404075,0
16231,-0.703286496205,0
16232,-0.712447706026,0
16233,-0.49787383835,0
16234,-0.877776726089,0
16235,-0.898974289191,0
16236,-0.504040835451,0
16237,-0.796111344994,0
16238,-0.852098578681,0
16239,-0.958666659259,0
16240,-0.984132236554,0
16241,-0.580515668301,0
16242,-0.952513993278,0
16243,-0.995716551328,0
16244,-0.712425413759,0
16245,-0.692681435629,0
16246,-0.803281756305,0
16247,-0.675144508831,0
16248,-0.876971015861,0
16249,-1.01482559337,0
16250,-0.885575847688,0
16251,-0.633195175481,0
16252,-1.04929049955,0
16253,-0.903811217603,0
16254,-1.02076049398,0
16255,-0.761579750863,0
16256,-1.02329944126,0
16257,-0.632032613052,0
16258,-0.749553969221,0
16259,-0.902096474092,0
16260,-0.979618011197,0
16261,-0.662602585163,0
16262,-0.544905651834,0
16263,-0.53297446174,0
16264,-0.556759463142,0
16265,-0.582002235176,0
16266,-0.72460295182,0
16267,-0.553420496504,0
16268,-0.430623597417,0
16269,-0.641353075062,0
16270,-0.740542140159,0
16271,-0.423531434842,0
16272,-0.39828627001,0
16273,-0.398427507339,0
16274,-0.553736148949,0
16275,-0.618993062654,0
16276,-0.398802299029,0
16277,-0.372368804268,0
16278,-0.24417002607,0
16279,-0.379832905822,0
16280,-0.45146663948,0
16281,-0.422966710673,0
16282,-0.013108982159,0
16283,0.0433591997234,0
16284,-0.302039181185,0
16285,0.147888813975,0
16286,0.0885885791605,0
16287,0.224152698507,0
16288,0.181248602463,0
16289,0.305279622203,0
16290,0.324862742389,0
16291,-0.0199540333305,0
16292,0.199039246025,0
16293,0.29176718005,0
16294,0.129187714757,0
16295,0.251583220858,0
16296,0.193918897597,0
16297,0.545547838714,0
16298,0.67858163211,0
16299,0.548373834497,0
16300,0.430242054054,0
16301,0.663051667801,0
16302,0.684179300808,0
16303,0.56728601975,0
16304,0.572509159282,0
16305,0.92576358542,0
16306,1.03826007505,0
16307,0.753807542977,0
16308,1.12958206709,0
16309,0.761055506514,0
16310,1.21583865263,0
16311,0.967651551853,0
16312,1.0988631492,0
16313,0.994166824022,0
16314,1.17603348628,0
16315,1.2961196996,0
16316,1.40313433622,0
16317,1.12755432556,0
16318,1.499774973,0
16319,1.26999409286,0
16320,1.288426018,0
16321,1.26776922997,0
16322,1.54173483064,0
16323,1.34738791033,0
16324,1.37729407078,0
16325,1.39606381859,0
16326,1.45971714122,0
16327,1.57972422956,0
16328,1.85068440473,0
16329,1.70387971388,0
16330,1.5798964953,0
16331,1.92309363753,0
16332,1.90609274447,0
16333,1.59737615308,0
16334,1.89386744653,0
16335,2.02761951816,0
16336,2.02974488021,0
16337,1.72986958717,0
16338,2.07798830229,0
16339,1.72430546513,0
16340,2.05389748824,0
16341,2.11659254267,0
16342,1.94719837422,0
16343,1.97289317961,0
16344,1.74896988774,0
16345,1.83445856147,0
16346,2.15985028226,0
16347,2.09807417023,0
16348,2.02138772428,0
16349,1.75811894989,0
16350,1.77555856443,0
16351,2.01400695372,0
16352,2.15001837968,0
16353,2.07672897785,0
16354,1.94155125396,0
16355,1.90780520813,0
16356,1.98127812704,0
16357,1.94857691139,0
16358,1.86462984157,0
16359,1.68489427022,0
16360,1.9266593111,0
16361,1.65826874478,0
16362,1.8254834409,0
16363,1.62534507074,0
16364,1.92672606215,0
16365,1.63401651547,0
16366,1.83435030497,0
16367,1.62728337697,0
16368,1.62917335719,0
16369,1.8356795356,0
16370,1.47289851344,0
16371,1.58103324429,0
16372,1.41812995671,0
16373,1.71869116131,0
16374,1.42981976688,0
16375,1.3165568289,0
16376,1.57673203673,0
16377,1.66051391046,0
16378,1.36329570354,0
16379,1.56160097753,0
16380,1.35757646716,0
16381,1.51280314661,0
16382,1.44165938034,0
16383,1.02484823781,0
16384,1.31975641112,0
16385,1.36613110801,0
16386,0.939786879717,0
16387,0.897197818747,0
16388,1.21337837446,0
16389,1.19106627864,0
16390,0.878252211903,0
16391,0.903796712273,0
16392,0.667245592449,0
16393,0.686442900845,0
16394,0.937610253076,0
16395,0.938100356746,0
16396,0.76422721127,0
16397,0.845707386114,0
16398,0.472156059829,0
16399,0.764871959039,0
16400,0.535272246415,0
16401,0.600994540951,0
16402,0.815255537213,0
16403,0.617742755678,0
16404,0.440577326859,0
16405,0.289927402769,0
16406,0.565891259471,0
16407,0.198859789638,0
16408,0.27010766947,0
16409,0.311795124892,0
16410,0.453461076457,0
16411,0.197980077065,0
16412,0.284343901348,0
16413,0.0644261792521,0
16414,-0.0406839760711,0
16415,0.23521251549,0
16416,-0.0129140501234,0
16417,-0.226773238599,0
16418,-0.222387452455,0
16419,-0.0564502763867,0
16420,0.0557483264495,0
16421,-0.310813136028,0
16422,-0.211740467114,0
16423,-0.441683988161,0
16424,-0.473796585318,0
16425,-0.12380874809,0
16426,-0.187387432068,0
16427,-0.14660732719,0
16428,-0.218486376384,0
16429,-0.254374909038,0
16430,-0.445498773344,0
16431,-0.562833865473,0
16432,-0.571995075295,0
16433,-0.357421207618,0
16434,-0.737324095358,0
16435,-0.75852165846,0
16436,-0.36358820472,0
16437,-0.655658714262,0
16438,-0.71164594795,0
16439,-0.818214028527,0
16440,-0.843679605822,0
16441,-0.440063037569,0
16442,-0.812061362546,0
16443,-0.855263920597,0
16444,-0.571972783028,0
16445,-0.552228804898,0
16446,-0.662829125574,0
16447,-0.534691878099,0
16448,-0.73651838513,0
16449,-0.874372962642,0
16450,-0.745123216956,0
16451,-0.49274254475,0
16452,-0.90883786882,0
16453,-0.763358586871,0
16454,-0.880307863252,0
16455,-0.621127120132,0
16456,-0.882846810526,0
16457,-0.49157998232,0
16458,-0.609101338489,0
16459,-0.76164384336,0
16460,-0.839165380466,0
16461,-0.522149954431,0
16462,-0.404453021103,0
16463,-0.392521831009,0
16464,-0.416306832411,0
16465,-0.441549604444,0
16466,-0.584150321088,0
16467,-0.412967865772,0
16468,-0.290170966685,0
16469,-0.50090044433,0
16470,-0.600089509427,0
16471,-0.283078804111,0
16472,-0.257833639279,0
16473,-0.257974876607,0
16474,-0.413283518217,0
16475,-0.478540431923,0
16476,-0.258349668297,0
16477,-0.231916173537,0
16478,-0.103717395338,0
16479,-0.23938027509,0
16480,-0.311014008749,0
16481,-0.282514079942,0
16482,0.127343648573,0
16483,0.183811830455,0
16484,-0.161586550454,0
16485,0.288341444707,0
16486,0.229041209892,0
16487,0.364605329239,0
16488,0.321701233194,0
16489,0.445732252934,0
16490,0.465315373121,0
16491,0.120498597401,0
16492,0.339491876757,0
16493,0.432219810782,0
16494,0.269640345489,0
16495,0.39203585159,0
16496,0.334371528329,0
16497,0.686000469445,0
16498,0.819034262842,0
16499,0.688826465229,0
16500,0.570694684786,0
16501,0.803504298533,0
16502,0.82463193154,0
16503,0.707738650481,0
16504,0.712961790013,0
16505,1.06621621615,0
16506,1.17871270579,0
16507,0.894260173709,0
16508,1.27003469782,0
16509,0.901508137245,0
16510,1.35629128336,0
16511,1.10810418258,0
16512,1.23931577993,0
16513,1.13461945475,0
16514,1.31648611701,0
16515,1.43657233033,0
16516,1.54358696695,0
16517,1.26800695629,0
16518,1.64022760374,0
16519,1.41044672359,0
16520,1.42887864873,0
16521,1.4082218607,0
16522,1.68218746137,0
16523,1.48784054106,0
16524,1.51774670152,0
16525,1.53651644932,0
16526,1.60016977195,0
16527,1.72017686029,0
16528,1.99113703546,0
16529,1.84433234461,0
16530,1.72034912604,0
16531,2.06354626826,0
16532,2.0465453752,0
16533,1.73782878381,0
16534,2.03432007726,0
16535,2.16807214889,0
16536,2.17019751094,0
16537,1.8703222179,0
16538,2.21844093303,0
16539,1.86475809586,0
16540,2.19435011897,0
16541,2.2570451734,0
16542,2.08765100495,0
16543,2.11334581034,0
16544,1.88942251847,0
16545,1.97491119221,0
16546,2.30030291299,0
16547,2.23852680096,0
16548,2.16184035501,0
16549,1.89857158062,0
16550,1.91601119516,0
16551,2.15445958445,0
16552,2.29047101041,0
16553,2.21718160858,0
16554,2.08200388469,0
16555,2.04825783886,0
16556,2.12173075777,0
16557,2.08902954212,0
16558,2.0050824723,0
16559,1.82534690095,0
16560,2.06711194183,0
16561,1.79872137551,0
16562,1.96593607163,0
16563,1.76579770147,0
16564,2.06717869288,0
16565,1.7744691462,0
16566,1.9748029357,0
16567,1.7677360077,0
16568,1.76962598792,0
16569,1.97613216633,0
16570,1.61335114418,0
16571,1.72148587502,0
16572,1.55858258744,0
16573,1.85914379204,0
16574,1.57027239762,0
16575,1.45700945963,0
16576,1.71718466746,0
16577,1.8009665412,0
16578,1.50374833428,0
16579,1.70205360826,0
16580,1.49802909789,0
16581,1.65325577734,0
16582,1.58211201108,0
16583,1.16530086854,0
16584,1.46020904185,0
16585,1.50658373874,0
16586,1.08023951045,0
16587,1.03765044948,0
16588,1.35383100519,0
16589,1.33151890937,0
16590,1.01870484263,0
16591,1.044249343,0
16592,0.807698223181,0
16593,0.826895531576,0
16594,1.07806288381,0
16595,1.07855298748,0
16596,0.904679842002,0
16597,0.986160016845,0
16598,0.612608690561,0
16599,0.905324589771,0
16600,0.617442723089,0
16601,0.683165017625,0
16602,0.897426013887,0
16603,0.699913232351,0
16604,0.522747803533,0
16605,0.372097879442,0
16606,0.648061736145,0
16607,0.281030266312,0
16608,0.352278146144,0
16609,0.393965601566,0
16610,0.535631553131,0
16611,0.280150553739,0
16612,0.366514378022,0
16613,0.146596655926,0
16614,0.0414865006027,0
16615,0.317382992164,0
16616,0.0692564265504,0
16617,-0.144602761925,0
16618,-0.140216975781,0
16619,0.0257202002871,0
16620,0.137918803123,0
16621,-0.228642659354,0
16622,-0.12956999044,0
16623,-0.359513511488,0
16624,-0.391626108644,0
16625,-0.0416382714163,0
16626,-0.105216955394,0
16627,-0.064436850516,0
16628,-0.13631589971,0
16629,-0.172204432364,0
16630,-0.36332829667,0
16631,-0.4806633888,0
16632,-0.489824598621,0
16633,-0.275250730945,0
16634,-0.655153618684,0
16635,-0.676351181786,0
16636,-0.281417728046,0
16637,-0.573488237588,0
16638,-0.629475471276,0
16639,-0.736043551854,0
16640,-0.761509129148,0
16641,-0.357892560895,0
16642,-0.729890885872,0
16643,-0.773093443923,0
16644,-0.489802306354,0
16645,-0.470058328224,0
16646,-0.5806586489,0
16647,-0.452521401426,0
16648,-0.654347908456,0
16649,-0.792202485968,0
16650,-0.662952740283,0
16651,-0.410572068076,0
16652,-0.826667392147,0
16653,-0.681188110197,0
16654,-0.798137386578,0
16655,-0.538956643458,0
16656,-0.800676333852,0
16657,-0.409409505646,0
16658,-0.526930861816,0
16659,-0.679473366686,0
16660,-0.756994903792,0
16661,-0.439979477758,0
16662,-0.322282544429,0
16663,-0.310351354335,0
16664,-0.334136355737,0
16665,-0.35937912777,0
16666,-0.501979844414,0
16667,-0.330797389098,0
16668,-0.208000490011,0
16669,-0.418729967657,0
16670,-0.517919032753,0
16671,-0.200908327437,0
16672,-0.175663162605,0
16673,-0.175804399933,0
16674,-0.331113041544,0
16675,-0.396369955249,0
16676,-0.176179191623,0
16677,-0.149745696863,0
16678,-0.0215469186645,0
16679,-0.157209798416,0
16680,-0.228843532075,0
16681,-0.200343603268,0
16682,0.209514125246,0
16683,0.265982307129,0
16684,-0.0794160737798,0
16685,0.37051192138,0
16686,0.311211686566,0
16687,0.446775805913,0
16688,0.403871709868,0
16689,0.527902729608,0
16690,0.547485849795,0
16691,0.202669074075,0
16692,0.42166235343,0
16693,0.514390287456,0
16694,0.351810822163,0
16695,0.474206328264,0
16696,0.416542005003,0
16697,0.768170946119,0
16698,0.901204739516,0
16699,0.770996941903,0
16700,0.652865161459,0
16701,0.885674775207,0
16702,0.906802408214,0
16703,0.789909127155,0
16704,0.795132266687,0
16705,1.14838669282,0
16706,1.26088318246,0
16707,0.976430650382,0
16708,1.3522051745,0
16709,0.983678613919,0
16710,1.43846176003,0
16711,1.19027465926,0
16712,1.32148625661,0
16713,1.21678993143,0
16714,1.39865659368,0
16715,1.518742807,0
16716,1.62575744363,0
16717,1.35017743297,0
16718,1.72239808041,0
16719,1.49261720027,0
16720,1.5110491254,0
16721,1.49039233737,0
16722,1.76435793804,0
16723,1.57001101773,0
16724,1.59991717819,0
16725,1.61868692599,0
16726,1.68234024863,0
16727,1.80234733696,0
16728,2.07330751213,0
16729,1.92650282128,0
16730,1.80251960271,0
16731,2.14571674493,0
16732,2.12871585187,0
16733,1.81999926048,0
16734,2.11649055394,0
16735,2.25024262556,0
16736,2.25236798761,0
16737,1.95249269458,0
16738,2.3006114097,0
16739,1.94692857254,0
16740,2.27652059565,0
16741,2.33921565008,0
16742,2.16982148163,0
16743,2.19551628702,0
16744,1.97159299515,0
16745,2.05708166888,0
16746,2.38247338966,0
16747,2.32069727763,0
16748,2.24401083169,0
16749,1.9807420573,0
16750,1.99818167184,0
16751,2.23663006113,0
16752,2.37264148709,0
16753,2.29935208525,0
16754,2.16417436136,0
16755,2.13042831554,0
16756,2.20390123445,0
16757,2.17120001879,0
16758,2.08725294898,0
16759,1.90751737762,0
16760,2.14928241851,0
16761,1.88089185218,0
16762,2.04810654831,0
16763,1.84796817815,0
16764,2.14934916956,0
16765,1.85663962287,0
16766,2.05697341237,0
16767,1.84990648438,0
16768,1.8517964646,0
16769,2.05830264301,0
16770,1.69552162085,0
16771,1.8036563517,0
16772,1.64075306411,0
16773,1.94131426872,0
16774,1.65244287429,0
16775,1.5391799363,0
16776,1.79935514414,0
16777,1.88313701787,0
16778,1.58591881095,0
16779,1.78422408494,0
16780,1.58019957456,0
16781,1.73542625402,0
16782,1.66428248775,0
16783,1.24747134522,0
16784,1.54237951852,0
16785,1.58875421541,0
16786,1.16240998712,0
16787,1.11982092615,0
16788,1.43600148186,0
16789,1.41368938604,0
16790,1.10087531931,0
16791,1.12641981968,0
16792,0.889868699855,0
16793,0.90906600825,0
16794,1.16023336048,0
16795,1.16072346415,0
16796,0.986850318676,0
16797,1.06833049352,0
16798,0.694779167235,0
16799,0.987495066444,0
16800,0.419384695225,0
16801,0.485106989761,0
16802,0.699367986023,0
16803,0.501855204487,0
16804,0.324689775669,0
16805,0.174039851578,0
16806,0.450003708281,0
16807,0.0829722384477,0
16808,0.15422011828,0
16809,0.195907573702,0
16810,0.337573525267,0
16811,0.0820925258745,0
16812,0.168456350157,0
16813,-0.0514613719383,0
16814,-0.156571527262,0
16815,0.119324964299,0
16816,-0.128801601314,0
16817,-0.34266078979,0
16818,-0.338275003645,0
16819,-0.172337827577,0
16820,-0.0601392247409,0
16821,-0.426700687219,0
16822,-0.327628018305,0
16823,-0.557571539352,0
16824,-0.589684136508,0
16825,-0.239696299281,0
16826,-0.303274983258,0
16827,-0.26249487838,0
16828,-0.334373927575,0
16829,-0.370262460229,0
16830,-0.561386324534,0
16831,-0.678721416664,0
16832,-0.687882626485,0
16833,-0.473308758809,0
16834,-0.853211646548,0
16835,-0.87440920965,0
16836,-0.47947575591,0
16837,-0.771546265452,0
16838,-0.82753349914,0
16839,-0.934101579718,0
16840,-0.959567157012,0
16841,-0.555950588759,0
16842,-0.927948913736,0
16843,-0.971151471787,0
16844,-0.687860334218,0
16845,-0.668116356088,0
16846,-0.778716676764,0
16847,-0.65057942929,0
16848,-0.85240593632,0
16849,-0.990260513832,0
16850,-0.861010768147,0
16851,-0.60863009594,0
16852,-1.02472542001,0
16853,-0.879246138062,0
16854,-0.996195414442,0
16855,-0.737014671322,0
16856,-0.998734361716,0
16857,-0.607467533511,0
16858,-0.72498888968,0
16859,-0.87753139455,0
16860,-0.955052931656,0
16861,-0.638037505622,0
16862,-0.520340572293,0
16863,-0.508409382199,0
16864,-0.532194383601,0
16865,-0.557437155635,0
16866,-0.700037872279,0
16867,-0.528855416963,0
16868,-0.406058517876,0
16869,-0.616787995521,0
16870,-0.715977060618,0
16871,-0.398966355301,0
16872,-0.373721190469,0
16873,-0.373862427798,0
16874,-0.529171069408,0
16875,-0.594427983113,0
16876,-0.374237219487,0
16877,-0.347803724727,0
16878,-0.219604946529,0
16879,-0.355267826281,0
16880,-0.426901559939,0
16881,-0.398401631132,0
16882,0.0114560973821,0
16883,0.0679242792645,0
16884,-0.277474101644,0
16885,0.172453893516,0
16886,0.113153658702,0
16887,0.248717778048,0
16888,0.205813682004,0
16889,0.329844701744,0
16890,0.34942782193,0
16891,0.00461104621061,0
16892,0.223604325566,0
16893,0.316332259591,0
16894,0.153752794298,0
16895,0.276148300399,0
16896,0.218483977138,0
16897,0.570112918255,0
16898,0.703146711652,0
16899,0.572938914039,0
16900,0.454807133595,0
16901,0.687616747342,0
16902,0.708744380349,0
16903,0.591851099291,0
16904,0.597074238823,0
16905,0.950328664961,0
16906,1.06282515459,0
16907,0.778372622518,0
16908,1.15414714663,0
16909,0.785620586055,0
16910,1.24040373217,0
16911,0.992216631394,0
16912,1.12342822874,0
16913,1.01873190356,0
16914,1.20059856582,0
16915,1.32068477914,0
16916,1.42769941576,0
16917,1.1521194051,0
16918,1.52434005255,0
16919,1.2945591724,0
16920,1.31299109754,0
16921,1.29233430951,0
16922,1.56629991018,0
16923,1.37195298987,0
16924,1.40185915033,0
16925,1.42062889813,0
16926,1.48428222076,0
16927,1.6042893091,0
16928,1.87524948427,0
16929,1.72844479342,0
16930,1.60446157485,0
16931,1.94765871707,0
16932,1.93065782401,0
16933,1.62194123262,0
16934,1.91843252607,0
16935,2.0521845977,0
16936,2.05430995975,0
16937,1.75443466671,0
16938,2.10255338184,0
16939,1.74887054467,0
16940,2.07846256778,0
16941,2.14115762221,0
16942,1.97176345376,0
16943,1.99745825915,0
16944,1.77353496728,0
16945,1.85902364102,0
16946,2.1844153618,0
16947,2.12263924977,0
16948,2.04595280382,0
16949,1.78268402943,0
16950,1.80012364397,0
16951,2.03857203326,0
16952,2.17458345922,0
16953,2.10129405739,0
16954,1.9661163335,0
16955,1.93237028767,0
16956,2.00584320658,0
16957,1.97314199093,0
16958,1.88919492111,0
16959,1.70945934976,0
16960,1.95122439064,0
16961,1.68283382432,0
16962,1.85004852044,0
16963,1.64991015028,0
16964,1.95129114169,0
16965,1.65858159501,0
16966,1.85891538451,0
16967,1.65184845651,0
16968,1.65373843673,0
16969,1.86024461514,0
16970,1.49746359299,0
16971,1.60559832383,0
16972,1.44269503625,0
16973,1.74325624085,0
16974,1.45438484642,0
16975,1.34112190844,0
16976,1.60129711627,0
16977,1.68507899001,0
16978,1.38786078309,0
16979,1.58616605707,0
16980,1.3821415467,0
16981,1.53736822615,0
16982,1.46622445989,0
16983,1.04941331735,0
16984,1.34432149066,0
16985,1.39069618755,0
16986,0.964351959258,0
16987,0.921762898288,0
16988,1.237943454,0
16989,1.21563135818,0
16990,0.902817291444,0
16991,0.928361791814,0
16992,0.69181067199,0
16993,0.711007980386,0
16994,0.962175332617,0
16995,0.962665436287,0
16996,0.788792290811,0
16997,0.870272465655,0
16998,0.49672113937,0
16999,0.78943703858,0
17000,0.249387054975,0
17001,0.315109349511,0
17002,0.529370345773,0
17003,0.331857564237,0
17004,0.154692135419,0
17005,0.00404221132831,0
17006,0.280006068031,0
17007,-0.0870254018021,0
17008,-0.0157775219699,0
17009,0.0259099334517,0
17010,0.167575885017,0
17011,-0.0879051143753,0
17012,-0.00154129009252,0
17013,-0.221459012188,0
17014,-0.326569167511,0
17015,-0.0506726759505,0
17016,-0.298799241564,0
17017,-0.512658430039,0
17018,-0.508272643895,0
17019,-0.342335467827,0
17020,-0.230136864991,0
17021,-0.596698327469,0
17022,-0.497625658554,0
17023,-0.727569179602,0
17024,-0.759681776758,0
17025,-0.40969393953,0
17026,-0.473272623508,0
17027,-0.43249251863,0
17028,-0.504371567824,0
17029,-0.540260100478,0
17030,-0.731383964784,0
17031,-0.848719056914,0
17032,-0.857880266735,0
17033,-0.643306399059,0
17034,-1.0232092868,0
17035,-1.0444068499,0
17036,-0.64947339616,0
17037,-0.941543905702,0
17038,-0.99753113939,0
17039,-1.10409921997,0
17040,-1.12956479726,0
17041,-0.725948229009,0
17042,-1.09794655399,0
17043,-1.14114911204,0
17044,-0.857857974468,0
17045,-0.838113996338,0
17046,-0.948714317014,0
17047,-0.82057706954,0
17048,-1.02240357657,0
17049,-1.16025815408,0
17050,-1.0310084084,0
17051,-0.77862773619,0
17052,-1.19472306026,0
17053,-1.04924377831,0
17054,-1.16619305469,0
17055,-0.907012311572,0
17056,-1.16873200197,0
17057,-0.77746517376,0
17058,-0.89498652993,0
17059,-1.0475290348,0
17060,-1.12505057191,0
17061,-0.808035145872,0
17062,-0.690338212543,0
17063,-0.678407022449,0
17064,-0.702192023851,0
17065,-0.727434795884,0
17066,-0.870035512528,0
17067,-0.698853057212,0
17068,-0.576056158125,0
17069,-0.786785635771,0
17070,-0.885974700867,0
17071,-0.568963995551,0
17072,-0.543718830719,0
17073,-0.543860068047,0
17074,-0.699168709658,0
17075,-0.764425623363,0
17076,-0.544234859737,0
17077,-0.517801364977,0
17078,-0.389602586779,0
17079,-0.52526546653,0
17080,-0.596899200189,0
17081,-0.568399271382,0
17082,-0.158541542868,0
17083,-0.102073360985,0
17084,-0.447471741894,0
17085,0.00245625326643,0
17086,-0.0568439815482,0
17087,0.0787201377986,0
17088,0.035816041754,0
17089,0.159847061494,0
17090,0.17943018168,0
17091,-0.165386594039,0
17092,0.0536066853163,0
17093,0.146334619341,0
17094,-0.0162448459514,0
17095,0.10615066015,0
17096,0.0484863368885,0
17097,0.400115278005,0
17098,0.533149071402,0
17099,0.402941273789,0
17100,0.284809493345,0
17101,0.517619107093,0
17102,0.538746740099,0
17103,0.421853459041,0
17104,0.427076598573,0
17105,0.780331024711,0
17106,0.892827514345,0
17107,0.608374982268,0
17108,0.984149506381,0
17109,0.615622945805,0
17110,1.07040609192,0
17111,0.822218991145,0
17112,0.953430588494,0
17113,0.848734263314,0
17114,1.03060092557,0
17115,1.15068713889,0
17116,1.25770177551,0
17117,0.982121764851,0
17118,1.3543424123,0
17119,1.12456153215,0
17120,1.14299345729,0
17121,1.12233666926,0
17122,1.39630226993,0
17123,1.20195534962,0
17124,1.23186151008,0
17125,1.25063125788,0
17126,1.31428458051,0
17127,1.43429166885,0
17128,1.70525184402,0
17129,1.55844715317,0
17130,1.4344639346,0
17131,1.77766107682,0
17132,1.76066018376,0
17133,1.45194359237,0
17134,1.74843488582,0
17135,1.88218695745,0
17136,1.8843123195,0
17137,1.58443702646,0
17138,1.93255574159,0
17139,1.57887290442,0
17140,1.90846492753,0
17141,1.97115998196,0
17142,1.80176581351,0
17143,1.8274606189,0
17144,1.60353732703,0
17145,1.68902600077,0
17146,2.01441772155,0
17147,1.95264160952,0
17148,1.87595516357,0
17149,1.61268638918,0
17150,1.63012600372,0
17151,1.86857439301,0
17152,2.00458581897,0
17153,1.93129641714,0
17154,1.79611869325,0
17155,1.76237264742,0
17156,1.83584556633,0
17157,1.80314435068,0
17158,1.71919728086,0
17159,1.53946170951,0
17160,1.78122675039,0
17161,1.51283618407,0
17162,1.68005088019,0
17163,1.47991251003,0
17164,1.78129350144,0
17165,1.48858395476,0
17166,1.68891774426,0
17167,1.48185081626,0
17168,1.48374079648,0
17169,1.69024697489,0
17170,1.32746595274,0
17171,1.43560068358,0
17172,1.272697396,0
17173,1.5732586006,0
17174,1.28438720618,0
17175,1.17112426819,0
17176,1.43129947602,0
17177,1.51508134976,0
17178,1.21786314284,0
17179,1.41616841682,0
17180,1.21214390645,0
17181,1.3673705859,0
17182,1.29622681964,0
17183,0.879415677102,0
17184,1.17432385041,0
17185,1.2206985473,0
17186,0.794354319009,0
17187,0.751765258038,0
17188,1.06794581375,0
17189,1.04563371793,0
17190,0.732819651194,0
17191,0.758364151564,0
17192,0.521813031741,0
17193,0.541010340136,0
17194,0.792177692367,0
17195,0.792667796037,0
17196,0.618794650562,0
17197,0.700274825405,0
17198,0.326723499121,0
17199,0.61943939833,0
17200,0.339243401292,0
17201,0.404965695828,0
17202,0.61922669209,0
17203,0.421713910555,0
17204,0.244548481736,0
17205,0.0938985576457,0
17206,0.369862414348,0
17207,0.00283094451533,0
17208,0.0740788243475,0
17209,0.115766279769,0
17210,0.257432231335,0
17211,0.00195123194206,0
17212,0.0883150562249,0
17213,-0.131602665871,0
17214,-0.236712821194,0
17215,0.0391836703669,0
17216,-0.208942895246,0
17217,-0.422802083722,0
17218,-0.418416297577,0
17219,-0.25247912151,0
17220,-0.140280518673,0
17221,-0.506841981151,0
17222,-0.407769312237,0
17223,-0.637712833284,0
17224,-0.669825430441,0
17225,-0.319837593213,0
17226,-0.383416277191,0
17227,-0.342636172313,0
17228,-0.414515221507,0
17229,-0.450403754161,0
17230,-0.641527618467,0
17231,-0.758862710596,0
17232,-0.768023920417,0
17233,-0.553450052741,0
17234,-0.93335294048,0
17235,-0.954550503582,0
17236,-0.559617049842,0
17237,-0.851687559385,0
17238,-0.907674793073,0
17239,-1.01424287365,0
17240,-1.03970845094,0
17241,-0.636091882692,0
17242,-1.00809020767,0
17243,-1.05129276572,0
17244,-0.768001628151,0
17245,-0.74825765002,0
17246,-0.858857970697,0
17247,-0.730720723222,0
17248,-0.932547230252,0
17249,-1.07040180776,0
17250,-0.941152062079,0
17251,-0.688771389873,0
17252,-1.10486671394,0
17253,-0.959387431994,0
17254,-1.07633670837,0
17255,-0.817155965255,0
17256,-1.07887565565,0
17257,-0.687608827443,0
17258,-0.805130183612,0
17259,-0.957672688483,0
17260,-1.03519422559,0
17261,-0.718178799554,0
17262,-0.600481866226,0
17263,-0.588550676131,0
17264,-0.612335677534,0
17265,-0.637578449567,0
17266,-0.780179166211,0
17267,-0.608996710895,0
17268,-0.486199811808,0
17269,-0.696929289453,0
17270,-0.79611835455,0
17271,-0.479107649234,0
17272,-0.453862484402,0
17273,-0.45400372173,0
17274,-0.60931236334,0
17275,-0.674569277046,0
17276,-0.45437851342,0
17277,-0.427945018659,0
17278,-0.299746240461,0
17279,-0.435409120213,0
17280,1.88695319962,1
17281,1.86495666947,1
17282,1.84031130218,1
17283,1.81306498236,1
17284,1.78327064811,1
17285,1.75098618819,1
17286,1.71627432954,1
17287,1.67920251541,1
17288,1.63984277429,1
17289,1.59827158002,1
17290,1.55456970314,1
17291,1.50882205402,1
17292,1.46111751783,1
17293,1.41154878187,1
17294,1.36021215549,1
17295,1.30720738294,1
17296,1.2526374496,1
17297,1.19660838186,1
17298,1.13922904112,1
17299,1.08061091232,1
17300,1.02086788726,1
17301,0.960116043384,1
17302,0.898473418187,1
17303,0.83605977992,1
17304,0.772996394868,1
17305,0.709405791737,1
17306,0.645411523588,1
17307,0.581137927783,1
17308,0.5167098844,1
17309,0.452252573603,1
17310,0.387891232419,1
17311,0.323750911412,1
17312,0.259956231715,1
17313,0.196631142901,1
17314,0.133898682151,1
17315,0.0718807352041,1
17316,0.0106977995366,1
17317,-0.0495312497551,1
17318,-0.108689390924,1
17319,-0.16666168294,1
17320,-0.223335488812,1
17321,-0.278600694436,1
17322,-0.332349922541,1
17323,-0.38447874132,1
17324,-0.43488586733,1
17325,-0.483473362283,1
17326,-0.530146823337,1
17327,-0.574815566509,1
17328,-0.617392802876,1
17329,-0.657795807199,1
17330,-0.69594607865,1
17331,-0.731769493341,1
17332,-0.765196448336,1
17333,-0.796161996892,1
17334,-0.824605974641,1
17335,-0.850473116493,1
17336,-0.873713164005,1
17337,-0.894280963038,1
17338,-0.912136551483,1
17339,-0.927245236909,1
17340,-0.939577663967,1
17341,-0.949109871426,1
17342,-0.955823338728,1
17343,-0.959705021975,1
17344,-0.960747379268,1
17345,-0.958948385364,1
17346,-0.954311535609,1
17347,-0.946845839149,1
17348,-0.936565801424,1
17349,-0.923491395984,1
17350,-0.907648025683,1
17351,-0.889066473323,1
17352,-0.867782841844,1
17353,-0.843838484177,1
17354,-0.817279922898,1
17355,-0.788158759838,1
17356,-0.756531575824,1
17357,-0.722459820743,1
17358,-0.686009694152,1
17359,-0.647252016651,1
17360,-0.606262092287,1
17361,-0.563119562239,1
17362,-0.517908250084,1
17363,-0.470715998925,1
17364,-0.421634500725,1
17365,-0.370759118149,1
17366,-0.31818869928,1
17367,-0.264025385567,1
17368,-0.208374413363,1
17369,-0.151343909462,1
17370,-0.0930446810128,1
17371,-0.033590000225,1
17372,0.0269046157097,1
17373,0.0883216290631,1
17374,0.150541709939,1
17375,0.213443968126,1
17376,0.276906187977,1
17377,0.340805065874,1
17378,0.405016449792,1
17379,0.469415580527,1
17380,0.533877334091,1
17381,0.598276464826,1
17382,0.662487848744,1
17383,0.726386726641,1
17384,0.789848946492,1
17385,0.852751204679,1
17386,0.914971285555,1
17387,0.976388298909,1
17388,1.03688291484,1
17389,1.09633759563,1
17390,1.15463682408,1
17391,1.21166732798,1
17392,1.26731830019,1
17393,1.3214816139,1
17394,1.37405203277,1
17395,1.42492741534,1
17396,1.47400891354,1
17397,1.5212011647,1
17398,1.56641247686,1
17399,1.60955500691,1
17400,2.03554345925,1
17401,2.07430113675,1
17402,2.11075126334,1
17403,2.14482301842,1
17404,2.17645020244,1
17405,2.2055713655,1
17406,2.23212992677,1
17407,2.25607428444,1
17408,2.27735791592,1
17409,2.29593946828,1
17410,2.31178283858,1
17411,2.32485724402,1
17412,2.33513728175,1
17413,2.34260297821,1
17414,2.34723982796,1
17415,2.34903882187,1
17416,2.34799646457,1
17417,2.34411478133,1
17418,2.33740131402,1
17419,2.32786910656,1
17420,2.31553667951,1
17421,2.30042799408,1
17422,2.28257240564,1
17423,2.2620046066,1
17424,2.23876455909,1
17425,2.21289741724,1
17426,2.18445343949,1
17427,2.15348789093,1
17428,2.12006093594,1
17429,2.08423752125,1
17430,2.0460872498,1
17431,2.00568424547,1
17432,1.96310700911,1
17433,1.91843826593,1
17434,1.87176480488,1
17435,1.82317730993,1
17436,1.77277018392,1
17437,1.72064136514,1
17438,1.66689213703,1
17439,1.61162693141,1
17440,1.55495312554,1
17441,1.49698083352,1
17442,1.43782269235,1
17443,1.37759364306,1
17444,1.31641070739,1
17445,1.25439276045,1
17446,1.1916602997,1
17447,1.12833521088,1
17448,1.06454053119,1
17449,1.00040021018,1
17450,0.936038868995,1
17451,0.871581558198,1
17452,0.807153514815,1
17453,0.74287991901,1
17454,0.678885650861,1
17455,0.615295047729,1
17456,0.552231662677,1
17457,0.489818024411,1
17458,0.428175399214,1
17459,0.367423555333,1
17460,0.307680530278,1
17461,0.249062401475,1
17462,0.191683060742,1
17463,0.135653992998,1
17464,0.0810840596545,1
17465,0.0280792871068,1
17466,-0.023257339273,1
17467,-0.0728260752292,1
17468,-0.12053061142,1
17469,-0.166278260543,1
17470,-0.209980137419,1
17471,-0.251551331693,1
17472,-0.290911072809,1
17473,-0.327982886944,1
17474,-0.362694745592,1
17475,-0.394979205511,1
17476,-0.424773539762,1
17477,-0.452019859584,1
17478,-0.476665226869,1
17479,-0.498661757017,1
17480,-0.122044325892,0
17481,-0.0935443970851,0
17482,0.316313331429,0
17483,0.372781513312,0
17484,0.0273831324031,0
17485,0.477311127563,0
17486,0.418010892749,0
17487,0.553575012096,0
17488,0.510670916051,0
17489,0.634701935791,0
17490,0.654285055977,0
17491,0.309468280258,0
17492,0.528461559613,0
17493,0.621189493638,0
17494,0.458610028346,0
17495,0.581005534447,0
17496,0.523341211185,0
17497,0.874970152302,0
17498,1.0080039457,0
17499,0.877796148086,0
17500,0.759664367642,0
17501,0.99247398139,0
17502,1.0136016144,0
17503,0.896708333338,0
17504,0.90193147287,0
17505,1.25518589901,0
17506,1.36768238864,0
17507,1.08322985657,0
17508,1.45900438068,0
17509,1.0904778201,0
17510,1.54526096621,0
17511,1.29707386544,0
17512,1.42828546279,0
17513,1.32358913761,0
17514,1.50545579987,0
17515,1.62554201319,0
17516,1.73255664981,0
17517,1.45697663915,0
17518,1.82919728659,0
17519,1.59941640645,0
17520,1.61784833159,0
17521,1.59719154356,0
17522,1.87115714422,0
17523,1.67681022391,0
17524,1.70671638437,0
17525,1.72548613218,0
17526,1.78913945481,0
17527,1.90914654315,0
17528,2.18010671831,0
17529,2.03330202747,0
17530,1.90931880889,0
17531,2.25251595112,0
17532,2.23551505806,0
17533,1.92679846667,0
17534,2.22328976012,0
17535,2.35704183174,0
17536,2.3591671938,0
17537,2.05929190076,0
17538,2.40741061588,0
17539,2.05372777872,0
17540,2.38331980183,0
17541,2.44601485626,0
17542,2.27662068781,0
17543,2.3023154932,0
17544,2.07839220133,0
17545,2.16388087506,0
17546,2.48927259584,0
17547,2.42749648382,0
17548,2.35081003787,0
17549,2.08754126348,0
17550,2.10498087802,0
17551,2.34342926731,0
17552,2.47944069327,0
17553,2.40615129144,0
17554,2.27097356755,0
17555,2.23722752172,0
17556,2.31070044063,0
17557,2.27799922498,0
17558,2.19405215516,0
17559,2.01431658381,0
17560,2.25608162469,0
17561,1.98769105837,0
17562,2.15490575449,0
17563,1.95476738433,0
17564,2.25614837574,0
17565,1.96343882905,0
17566,2.16377261856,0
17567,1.95670569056,0
17568,1.95859567078,0
17569,2.16510184919,0
17570,1.80232082703,0
17571,1.91045555788,0
17572,1.74755227029,0
17573,2.0481134749,0
17574,1.75924208047,0
17575,1.64597914248,0
17576,1.90615435032,0
17577,1.98993622405,0
17578,1.69271801713,0
17579,1.89102329112,0
17580,1.68699878074,0
17581,1.8422254602,0
17582,1.77108169393,0
17583,1.3542705514,0
17584,1.6491787247,0
17585,1.69555342159,0
17586,1.26920919331,0
17587,1.22662013234,0
17588,1.54280068805,0
17589,1.52048859222,0
17590,1.20767452549,0
17591,1.23321902586,0
17592,0.996667906038,0
17593,1.01586521443,0
17594,1.26703256666,0
17595,1.26752267033,0
17596,1.09364952486,0
17597,1.1751296997,0
17598,0.801578373418,0
17599,1.09429427263,0
17600,0.789306341034,0
17601,0.85502863557,0
17602,1.06928963183,0
17603,0.871776850296,0
17604,0.694611421478,0
17605,0.543961497387,0
17606,0.81992535409,0
17607,0.452893884257,0
17608,0.524141764089,0
17609,0.565829219511,0
17610,0.707495171076,0
17611,0.452014171684,0
17612,0.538377995967,0
17613,0.318460273871,0
17614,0.213350118548,0
17615,0.489246610109,0
17616,0.241120044495,0
17617,0.0272608560197,0
17618,0.0316466421642,0
17619,0.197583818232,0
17620,0.309782421068,0
17621,-0.0567790414095,0
17622,0.0422936275046,0
17623,-0.187649893543,0
17624,-0.219762490699,0
17625,0.130225346529,0
17626,0.066646662551,0
17627,0.107426767429,0
17628,0.0355477182347,0
17629,-0.00034081441942,0
17630,-0.191464678725,0
17631,-0.308799770855,0
17632,-0.317960980676,0
17633,-0.103387113,0
17634,-0.483290000739,0
17635,-0.504487563841,0
17636,-0.109554110101,0
17637,-0.401624619643,0
17638,-0.457611853331,0
17639,-0.564179933909,0
17640,-0.589645511203,0
17641,-0.18602894295,0
17642,-0.558027267927,0
17643,-0.601229825978,0
17644,-0.317938688409,0
17645,-0.298194710279,0
17646,-0.408795030955,0
17647,-0.280657783481,0
17648,-0.482484290511,0
17649,-0.620338868023,0
17650,-0.491089122338,0
17651,-0.238708450131,0
17652,-0.654803774202,0
17653,-0.509324492252,0
17654,-0.626273768633,0
17655,-0.367093025513,0
17656,-0.628812715907,0
17657,-0.237545887701,0
17658,-0.355067243871,0
17659,-0.507609748741,0
17660,-0.585131285847,0
17661,-0.268115859813,0
17662,-0.150418926484,0
17663,-0.13848773639,0
17664,-0.162272737792,0
17665,-0.187515509825,0
17666,-0.330116226469,0
17667,-0.158933771153,0
17668,-0.0361368720664,0
17669,-0.246866349712,0
17670,-0.346055414808,0
17671,-0.0290447094921,0
17672,-0.00379954465987,0
17673,-0.00394078198836,0
17674,-0.159249423599,0
17675,-0.224506337304,0
17676,-0.00431557367825,0
17677,0.0221179210822,0
17678,0.150316699281,0
17679,0.0146538195287,0
17680,-0.0569799141297,0
17681,-0.0284799853231,0
17682,0.381377743191,0
17683,0.437845925074,0
17684,0.0924475441652,0
17685,0.542375539325,0
17686,0.483075304511,0
17687,0.618639423858,0
17688,0.575735327813,0
17689,0.699766347553,0
17690,0.71934946774,0
17691,0.37453269202,0
17692,0.593525971375,0
17693,0.686253905401,0
17694,0.523674440108,0
17695,0.646069946209,0
17696,0.588405622948,0
17697,0.940034564064,0
17698,1.07306835746,0
17699,0.942860559848,0
17700,0.824728779404,0
17701,1.05753839315,0
17702,1.07866602616,0
17703,0.9617727451,0
17704,0.966995884632,0
17705,1.32025031077,0
17706,1.4327468004,0
17707,1.14829426833,0
17708,1.52406879244,0
17709,1.15554223186,0
17710,1.61032537798,0
17711,1.3621382772,0
17712,1.49334987455,0
17713,1.38865354937,0
17714,1.57052021163,0
17715,1.69060642495,0
17716,1.79762106157,0
17717,1.52204105091,0
17718,1.89426169835,0
17719,1.66448081821,0
17720,1.68291274335,0
17721,1.66225595532,0
17722,1.93622155599,0
17723,1.74187463568,0
17724,1.77178079613,0
17725,1.79055054394,0
17726,1.85420386657,0
17727,1.97421095491,0
17728,2.24517113008,0
17729,2.09836643923,0
17730,1.97438322065,0
17731,2.31758036288,0
17732,2.30057946982,0
17733,1.99186287843,0
17734,2.28835417188,0
17735,2.42210624351,0
17736,2.42423160556,0
17737,2.12435631252,0
17738,2.47247502765,0
17739,2.11879219048,0
17740,2.44838421359,0
17741,2.51107926802,0
17742,2.34168509957,0
17743,2.36737990496,0
17744,2.14345661309,0
17745,2.22894528682,0
17746,2.55433700761,0
17747,2.49256089558,0
17748,2.41587444963,0
17749,2.15260567524,0
17750,2.17004528978,0
17751,2.40849367907,0
17752,2.54450510503,0
17753,2.4712157032,0
17754,2.33603797931,0
17755,2.30229193348,0
17756,2.37576485239,0
17757,2.34306363674,0
17758,2.25911656692,0
17759,2.07938099557,0
17760,2.32114603645,0
17761,2.05275547013,0
17762,2.21997016625,0
17763,2.01983179609,0
17764,2.3212127875,0
17765,2.02850324082,0
17766,2.22883703032,0
17767,2.02177010232,0
17768,2.02366008254,0
17769,2.23016626095,0
17770,1.8673852388,0
17771,1.97551996964,0
17772,1.81261668206,0
17773,2.11317788666,0
17774,1.82430649223,0
17775,1.71104355425,0
17776,1.97121876208,0
17777,2.05500063581,0
17778,1.75778242889,0
17779,1.95608770288,0
17780,1.75206319251,0
17781,1.90728987196,0
17782,1.83614610569,0
17783,1.41933496316,0
17784,1.71424313647,0
17785,1.76061783336,0
17786,1.33427360507,0
17787,1.2916845441,0
17788,1.60786509981,0
17789,1.58555300399,0
17790,1.27273893725,0
17791,1.29828343762,0
17792,1.0617323178,0
17793,1.83570309001,1
17794,1.78859444841,1
17795,1.74028746123,1
17796,1.69085129984,1
17797,1.64035675244,1
17798,1.58887612277,1
17799,1.53648312656,1
17800,1.64489269578,1
17801,1.59090123193,1
17802,1.53622595585,1
17803,1.48094515771,1
17804,1.42513799474,1
17805,1.36888437787,1
17806,1.31226485732,1
17807,1.25536050724,1
17808,1.19825280966,1
17809,1.14102353775,1
17810,1.08375463878,1
17811,1.02652811677,1
17812,0.969425915043,1
17813,0.912529798916,1
17814,0.855921238611,1
17815,0.79968129259,1
17816,0.743890491497,1
17817,0.688628722837,1
17818,0.633975116587,1
17819,0.580007931891,1
17820,0.526804444996,1
17821,0.474440838604,1
17822,0.422992092778,1
17823,0.372531877584,1
17824,0.323132447601,1
17825,0.274864538452,1
17826,0.227797265528,1
17827,0.181998025009,1
17828,0.13753239737,1
17829,0.094464053466,1
17830,0.0528546633665,1
17831,0.0127638080476,1
17832,-0.0257511059222,1
17833,-0.0626349285837,1
17834,-0.0978348455564,1
17835,-0.131300453664,1
17836,-0.162983833109,1
17837,-0.192839616085,1
17838,-0.220825051746,1
17839,-0.246900067416,1
17840,-0.271027325973,1
17841,-0.293172279311,1
17842,-0.31330321781,1
17843,-0.331391315743,1
17844,-0.347410672547,1
17845,-0.361338349919,1
17846,-0.373154404652,1
17847,-0.382841917197,1
17848,-0.390387015893,1
17849,-0.395778896823,1
17850,-0.399009839289,1
17851,-0.400075216866,1
17852,-0.398973504028,1
17853,-0.395706278331,1
17854,-0.390278218153,1
17855,-0.382697095998,1
17856,-0.372973767364,1
17857,-0.3611221552,1
17858,-0.347159229969,1
17859,-0.331104985348,1
17860,-0.312982409599,1
17861,-0.292817452653,1
17862,-0.270638988948,1
17863,-0.246478776089,1
17864,-0.220371409368,1
17865,-0.192354272233,1
17866,-0.162467482752,1
17867,-0.130753836171,1
17868,-0.0972587436339,1
17869,-0.0620301671595,1
17870,-0.0251185509615,1
17871,0.013423250782,1
17872,0.0535400496107,1
17873,0.0951744018074,1
17874,0.138266690653,1
17875,0.18275521179,1
17876,0.228576261581,1
17877,0.275664228325,1
17878,0.323951686208,1
17879,0.373369491848,1
17880,0.423846883309,1
17881,0.475311581417,1
17882,0.527689893265,1
17883,0.580906817731,1
17884,0.634886152874,1
17885,0.689550605046,1
17886,0.744821899576,1
17887,0.800620892844,1
17888,0.856867685614,1
17889,0.913481737441,1
17890,0.970381981997,1
17891,1.02748694315,1
17892,1.08471485163,1
17893,1.14198376213,1
17894,1.19921167062,1
17895,1.25631663177,1
17896,1.31321687633,1
17897,1.36983092815,1
17898,1.42607772092,1
17899,1.48187671419,1
17900,1.53714800872,1
17901,1.59181246089,1
17902,1.64579179604,1
17903,1.6990087205,1
17904,1.75138703235,1
17905,1.80285173046,1
17906,1.85332912192,1
17907,1.90274692756,1
17908,1.95103438544,1
17909,1.99812235219,1
17910,2.04394340198,1
17911,2.08843192311,1
17912,2.13152421196,1
17913,2.17315856416,1
17914,2.21327536298,1
17915,2.25181716473,1
17916,2.28872878093,1
17917,2.3239573574,1
17918,2.35745244994,1
17919,2.38916609652,1
17920,2.419052886,1
17921,2.44707002314,1
17922,2.47317738986,1
17923,2.49733760271,1
17924,2.51951606642,1
17925,2.53968102337,1
17926,2.55780359911,1
17927,2.57385784374,1
17928,2.58782076897,1
17929,2.59967238113,1
17930,2.60939570977,1
17931,2.61697683192,1
17932,2.6224048921,1
17933,2.6256721178,1
17934,2.62677383063,1
17935,2.62570845306,1
17936,2.62247751059,1
17937,2.61708562966,1
17938,2.60954053096,1
17939,2.59985301842,1
17940,2.58803696369,1
17941,2.57410928631,1
17942,2.55808992951,1
17943,2.54000183158,1
17944,2.51987089308,1
17945,2.49772593974,1
17946,2.47359868118,1
17947,2.44752366551,1
17948,2.41953822985,1
17949,2.38968244688,1
17950,2.35799906743,1
17951,2.32453345932,1
17952,2.28933354235,1
17953,2.25244971969,1
17954,2.21393480572,1
17955,2.1738439504,1
17956,2.1322345603,1
17957,2.0891662164,1
17958,2.04470058876,1
17959,1.99890134824,1
17960,1.95183407531,1
17961,1.90356616617,1
17962,1.85416673618,1
17963,1.80370652099,1
17964,1.75225777516,1
17965,1.69989416877,1
17966,1.64669068188,1
17967,1.59272349718,1
17968,1.53806989093,1
17969,1.48280812227,1
17970,1.42701732118,1
17971,1.37077737516,1
17972,1.31416881485,1
17973,1.25727269872,1
17974,1.200170497,1
17975,1.14294397498,1
17976,1.08567507602,1
17977,1.02844580411,1
17978,0.971338106522,1
17979,0.914433756451,1
17980,0.8578142359,1
17981,0.80156061903,1
17982,0.745753456058,1
17983,0.690472657917,1
17984,0.635797381834,1
17985,0.581805917983,1
17986,0.528575577375,1
17987,0.476182581164,1
17988,0.424701951498,1
17989,0.374207404097,1
17990,0.3247712427,1
17991,0.276464255528,1
17992,0.229355613927,1
17993,1.24256953603,0
17994,1.49373688826,0
17995,1.49422699193,0
17996,1.32035384645,0
17997,1.4018340213,0
17998,1.02828269501,0
17999,1.32099859422,0
18000,0.975417215498,0
18001,1.04113951003,0
18002,1.2554005063,0
18003,1.05788772476,0
18004,0.880722295942,0
18005,0.730072371851,0
18006,1.00603622855,0
18007,0.639004758721,0
18008,0.710252638553,0
18009,0.751940093974,0
18010,0.89360604554,0
18011,0.638125046147,0
18012,0.72448887043,0
18013,0.504571148335,0
18014,0.399460993011,0
18015,0.675357484572,0
18016,0.427230918959,0
18017,0.213371730483,0
18018,0.217757516628,0
18019,0.383694692696,0
18020,0.495893295532,0
18021,0.129331833054,0
18022,0.228404501968,0
18023,-0.00153901907887,0
18024,-0.0336516162353,0
18025,0.316336220992,0
18026,0.252757537015,0
18027,0.293537641893,0
18028,0.221658592698,0
18029,0.185770060044,0
18030,-0.00535380426133,0
18031,-0.122688896391,0
18032,-0.131850106212,0
18033,0.0827237614641,0
18034,-0.297179126275,0
18035,-0.318376689377,0
18036,0.076556764363,0
18037,-0.215513745179,0
18038,-0.271500978867,0
18039,-0.378069059445,0
18040,-0.40353463674,0
18041,8.1931513499e-05,0
18042,-0.371916393464,0
18043,-0.415118951514,0
18044,-0.131827813945,0
18045,-0.112083835815,0
18046,-0.222684156491,0
18047,-0.094546909017,0
18048,-0.296373416047,0
18049,-0.43422799356,0
18050,-0.304978247874,0
18051,-0.0525975756672,0
18052,-0.468692899738,0
18053,-0.323213617789,0
18054,-0.440162894169,0
18055,-0.180982151049,0
18056,-0.442701841443,0
18057,-0.0514350132376,0
18058,-0.168956369407,0
18059,-0.321498874278,0
18060,-0.399020411383,0
18061,-0.082004985349,0
18062,0.0356919479796,0
18063,0.0476231380738,0
18064,0.0238381366716,0
18065,-0.00140463536167,0
18066,-0.144005352006,0
18067,0.0271771033104,0
18068,0.149974002397,0
18069,-0.0607554752479,0
18070,-0.159944540345,0
18071,0.157066164972,0
18072,0.182311329804,0
18073,0.182170092475,0
18074,0.0268614508651,0
18075,-0.0383954628402,0
18076,0.181795300785,0
18077,0.208228795546,0
18078,0.336427573744,0
18079,0.200764693992,0
18080,0.129130960334,0
18081,0.157630889141,0
18082,0.567488617655,0
18083,0.623956799537,0
18084,0.278558418629,0
18085,0.728486413789,0
18086,0.669186178975,0
18087,0.804750298321,0
18088,0.761846202277,0
18089,0.885877222017,0
18090,0.905460342203,0
18091,0.560643566484,0
18092,0.779636845839,0
18093,0.872364779864,0
18094,0.709785314571,0
18095,0.832180820672,0
18096,0.774516497411,0
18097,1.12614543853,0
18098,1.25917923192,0
18099,1.12897143431,0
18100,1.01083965387,0
18101,1.24364926762,0
18102,1.26477690062,0
18103,1.14788361956,0
18104,1.1531067591,0
18105,1.50636118523,0
18106,1.61885767487,0
18107,1.33440514279,0
18108,1.7101796669,0
18109,1.34165310633,0
18110,1.79643625244,0
18111,1.54824915167,0
18112,1.67946074902,0
18113,1.57476442384,0
18114,1.75663108609,0
18115,1.87671729941,0
18116,1.98373193604,0
18117,1.70815192537,0
18118,2.08037257282,0
18119,1.85059169268,0
18120,1.86902361781,0
18121,1.84836682978,0
18122,2.12233243045,0
18123,1.92798551014,0
18124,1.9578916706,0
18125,1.9766614184,0
18126,2.04031474104,0
18127,2.16032182937,0
18128,2.43128200454,0
18129,2.28447731369,0
18130,2.16049409512,0
18131,2.50369123734,0
18132,2.48669034428,0
18133,2.17797375289,0
18134,2.47446504635,0
18135,2.60821711797,0
18136,2.61034248002,0
18137,2.31046718699,0
18138,2.65858590211,0
18139,2.30490306495,0
18140,2.63449508805,0
18141,2.69719014248,0
18142,2.52779597404,0
18143,2.55349077942,0
18144,2.32956748755,0
18145,2.41505616129,0
18146,2.74044788207,0
18147,2.67867177004,0
18148,2.60198532409,0
18149,2.33871654971,0
18150,2.35615616424,0
18151,2.59460455354,0
18152,2.73061597949,0
18153,2.65732657766,0
18154,2.52214885377,0
18155,2.48840280795,0
18156,2.56187572686,0
18157,2.5291745112,0
18158,2.44522744139,0
18159,2.26549187003,0
18160,2.50725691092,0
18161,2.23886634459,0
18162,2.40608104072,0
18163,2.20594267056,0
18164,2.50732366196,0
18165,2.21461411528,0
18166,2.41494790478,0
18167,2.20788097679,0
18168,2.20977095701,0
18169,2.41627713542,0
18170,2.05349611326,0
18171,2.1616308441,0
18172,1.99872755652,0
18173,2.29928876112,0
18174,2.0104173667,0
18175,1.89715442871,0
18176,2.15732963654,0
18177,2.24111151028,0
18178,1.94389330336,0
18179,2.14219857735,0
18180,1.93817406697,0
18181,2.09340074643,0
18182,2.02225698016,0
18183,1.60544583762,0
18184,1.90035401093,0
18185,1.94672870782,0
18186,1.52038447953,0
18187,1.47779541856,0
18188,1.79397597427,0
18189,1.77166387845,0
18190,1.45884981172,0
18191,1.48439431209,0
18192,1.24784319226,0
18193,1.26704050066,0
18194,1.51820785289,0
18195,1.51869795656,0
18196,1.34482481108,0
18197,1.42630498593,0
18198,1.05275365964,0
18199,1.34546955885,0
18200,0.947845354988,0
18201,1.01356764952,0
18202,1.22782864579,0
18203,1.03031586425,0
18204,0.853150435432,0
18205,0.702500511342,0
18206,0.978464368044,0
18207,0.611432898211,0
18208,0.682680778043,0
18209,0.724368233465,0
18210,0.866034185031,0
18211,0.610553185638,0
18212,0.696917009921,0
18213,0.476999287825,0
18214,0.371889132502,0
18215,0.647785624063,0
18216,0.39965905845,0
18217,0.185799869974,0
18218,0.190185656119,0
18219,0.356122832186,0
18220,0.468321435023,0
18221,0.101759972545,0
18222,0.200832641459,0
18223,-0.0291108795883,0
18224,-0.0612234767447,0
18225,0.288764360483,0
18226,0.225185676505,0
18227,0.265965781383,0
18228,0.194086732189,0
18229,0.158198199535,0
18230,-0.0329256647707,0
18231,-0.1502607569,0
18232,-0.159421966722,0
18233,0.0551519009547,0
18234,-0.324750986784,0
18235,-0.345948549886,0
18236,0.0489849038536,0
18237,-0.243085605689,0
18238,-0.299072839377,0
18239,-0.405640919954,0
18240,-0.431106497249,0
18241,-0.0274899289959,0
18242,-0.399488253973,0
18243,-0.442690812024,0
18244,-0.159399674455,0
18245,-0.139655696324,0
18246,-0.250256017001,0
18247,-0.122118769526,0
18248,-0.323945276556,0
18249,-0.461799854069,0
18250,-0.332550108383,0
18251,-0.0801694361766,0
18252,-0.496264760247,0
18253,-0.350785478298,0
18254,-0.467734754679,0
18255,-0.208554011559,0
18256,-0.470273701953,0
18257,-0.079006873747,0
18258,-0.196528229916,0
18259,-0.349070734787,0
18260,-0.426592271893,0
18261,-0.109576845858,0
18262,0.00812008747022,0
18263,0.0200512775644,0
18264,-0.00373372383783,0
18265,-0.0289764958711,0
18266,-0.171577212515,0
18267,-0.000394757199024,0
18268,0.122402141888,0
18269,-0.0883273357573,0
18270,-0.187516400854,0
18271,0.129494304462,0
18272,0.154739469294,0
18273,0.154598231966,0
18274,-0.00071040964428,0
18275,-0.0659673233496,0
18276,0.154223440276,0
18277,0.180656935037,0
18278,0.308855713235,0
18279,0.173192833483,0
18280,0.101559099825,0
18281,0.130059028631,0
18282,0.539916757146,0
18283,0.596384939028,0
18284,0.250986558119,0
18285,0.70091455328,0
18286,0.641614318465,0
18287,0.777178437812,0
18288,0.734274341767,0
18289,0.858305361507,0
18290,0.877888481694,0
18291,0.533071705974,0
18292,0.75206498533,0
18293,0.844792919355,0
18294,0.682213454062,0
18295,0.804608960163,0
18296,0.746944636902,0
18297,1.09857357802,0
18298,1.23160737142,0
18299,1.1013995738,0
18300,0.983267793359,0
18301,1.21607740711,0
18302,1.23720504011,0
18303,1.12031175905,0
18304,1.12553489859,0
18305,1.47878932472,0
18306,1.59128581436,0
18307,1.30683328228,0
18308,1.68260780639,0
18309,1.31408124582,0
18310,1.76886439193,0
18311,1.52067729116,0
18312,1.65188888851,0
18313,1.54719256333,0
18314,1.72905922558,0
18315,1.8491454389,0
18316,1.95616007553,0
18317,1.68058006486,0
18318,2.05280071231,0
18319,1.82301983217,0
18320,1.8414517573,0
18321,1.82079496927,0
18322,2.09476056994,0
18323,1.90041364963,0
18324,1.93031981009,0
18325,1.94908955789,0
18326,2.01274288053,0
18327,2.13274996886,0
18328,2.40371014403,0
18329,2.25690545318,0
18330,2.13292223461,0
18331,2.47611937683,0
18332,2.45911848377,0
18333,2.15040189238,0
18334,2.44689318584,0
18335,2.58064525746,0
18336,2.58277061951,0
18337,2.28289532648,0
18338,2.6310140416,0
18339,2.27733120444,0
18340,2.60692322755,0
18341,2.66961828198,0
18342,2.50022411353,0
18343,2.52591891892,0
18344,2.30199562704,0
18345,2.38748430078,0
18346,2.71287602156,0
18347,2.65109990953,0
18348,2.57441346359,0
18349,2.3111446892,0
18350,2.32858430374,0
18351,2.56703269303,0
18352,2.70304411899,0
18353,2.62975471715,0
18354,2.49457699326,0
18355,2.46083094744,0
18356,2.53430386635,0
18357,2.50160265069,0
18358,2.41765558088,0
18359,2.23792000952,0
18360,2.47968505041,0
18361,2.21129448408,0
18362,2.37850918021,0
18363,2.17837081005,0
18364,2.47975180145,0
18365,2.18704225477,0
18366,2.38737604427,0
18367,2.18030911628,0
18368,2.1821990965,0
18369,2.38870527491,0
18370,2.02592425275,0
18371,2.13405898359,0
18372,1.97115569601,0
18373,2.27171690062,0
18374,1.98284550619,0
18375,1.8695825682,0
18376,2.12975777603,0
18377,2.21353964977,0
18378,1.91632144285,0
18379,2.11462671684,0
18380,1.91060220646,0
18381,2.06582888592,0
18382,1.99468511965,0
18383,1.57787397712,0
18384,1.87278215042,0
18385,1.91915684731,0
18386,1.49281261902,0
18387,1.45022355805,0
18388,1.76640411376,0
18389,1.74409201794,0
18390,1.43127795121,0
18391,1.45682245158,0
18392,1.22027133175,0
18393,1.23946864015,0
18394,1.49063599238,0
18395,1.49112609605,0
18396,1.31725295057,0
18397,1.39873312542,0
18398,1.02518179913,0
18399,1.31789769834,0
18400,1.00603611422,0
18401,1.07175840876,0
18402,1.28601940502,0
18403,1.08850662348,0
18404,0.911341194664,0
18405,0.760691270573,0
18406,1.03665512728,0
18407,0.669623657443,0
18408,0.740871537275,0
18409,0.782558992697,0
18410,0.924224944262,0
18411,0.66874394487,0
18412,0.755107769153,0
18413,0.535190047057,0
18414,0.430079891734,0
18415,0.705976383295,0
18416,0.457849817682,0
18417,0.243990629206,0
18418,0.24837641535,0
18419,0.414313591418,0
18420,0.526512194254,0
18421,0.159950731777,0
18422,0.259023400691,0
18423,0.0290798796436,0
18424,-0.00303271751283,0
18425,0.346955119715,0
18426,0.283376435737,0
18427,0.324156540615,0
18428,0.252277491421,0
18429,0.216388958767,0
18430,0.0252650944611,0
18431,-0.0920699976685,0
18432,-0.10123120749,0
18433,0.113342660187,0
18434,-0.266560227553,0
18435,-0.287757790655,0
18436,0.107175663085,0
18437,-0.184894846457,0
18438,-0.240882080145,0
18439,-0.347450160722,0
18440,-0.372915738017,0
18441,0.0307008302359,0
18442,-0.341297494741,0
18443,-0.384500052792,0
18444,-0.101208915223,0
18445,-0.0814649370927,0
18446,-0.192065257769,0
18447,-0.0639280102945,0
18448,-0.265754517325,0
18449,-0.403609094837,0
18450,-0.274359349151,0
18451,-0.0219786769447,0
18452,-0.438074001015,0
18453,-0.292594719066,0
18454,-0.409543995447,0
18455,-0.150363252327,0
18456,-0.412082942721,0
18457,-0.0208161145152,0
18458,-0.138337470685,0
18459,-0.290879975555,0
18460,-0.368401512661,0
18461,-0.0513860866265,0
18462,0.0663108467021,0
18463,0.0782420367963,0
18464,0.054457035394,0
18465,0.0292142633608,0
18466,-0.113386453283,0
18467,0.0577960020328,0
18468,0.18059290112,0
18469,-0.0301365765254,0
18470,-0.129325641622,0
18471,0.187685063694,0
18472,0.212930228526,0
18473,0.212788991198,0
18474,0.0574803495876,0
18475,-0.00777656411779,0
18476,0.212414199508,0
18477,0.238847694268,0
18478,0.367046472467,0
18479,0.231383592715,0
18480,0.159749859056,0
18481,0.188249787863,0
18482,0.598107516377,0
18483,0.65457569826,0
18484,0.309177317351,0
18485,0.759105312512,0
18486,0.699805077697,0
18487,0.835369197044,0
18488,0.792465100999,0
18489,0.916496120739,0
18490,0.936079240926,0
18491,0.591262465206,0
18492,0.810255744561,0
18493,0.902983678587,0
18494,0.740404213294,0
18495,0.862799719395,0
18496,0.805135396134,0
18497,1.15676433725,0
18498,1.28979813065,0
18499,1.15959033303,0
18500,1.04145855259,0
18501,1.27426816634,0
18502,1.29539579934,0
18503,1.17850251829,0
18504,1.18372565782,0
18505,1.53698008396,0
18506,1.64947657359,0
18507,1.36502404151,0
18508,1.74079856563,0
18509,1.37227200505,0
18510,1.82705515116,0
18511,1.57886805039,0
18512,1.71007964774,0
18513,1.60538332256,0
18514,1.78724998482,0
18515,1.90733619813,0
18516,2.01435083476,0
18517,1.7387708241,0
18518,2.11099147154,0
18519,1.8812105914,0
18520,1.89964251653,0
18521,1.87898572851,0
18522,2.15295132917,0
18523,1.95860440886,0
18524,1.98851056932,0
18525,2.00728031713,0
18526,2.07093363976,0
18527,2.1909407281,0
18528,2.46190090326,0
18529,2.31509621241,0
18530,2.19111299384,0
18531,2.53431013607,0
18532,2.517309243,0
18533,2.20859265161,0
18534,2.50508394507,0
18535,2.63883601669,0
18536,2.64096137874,0
18537,2.34108608571,0
18538,2.68920480083,0
18539,2.33552196367,0
18540,2.66511398678,0
18541,2.72780904121,0
18542,2.55841487276,0
18543,2.58410967815,0
18544,2.36018638628,0
18545,2.44567506001,0
18546,2.77106678079,0
18547,2.70929066876,0
18548,2.63260422282,0
18549,2.36933544843,0
18550,2.38677506297,0
18551,2.62522345226,0
18552,2.76123487822,0
18553,2.68794547638,0
18554,2.55276775249,0
18555,2.51902170667,0
18556,2.59249462558,0
18557,2.55979340992,0
18558,2.47584634011,0
18559,2.29611076876,0
18560,2.53787580964,0
18561,2.26948524332,0
18562,2.43669993944,0
18563,2.23656156928,0
18564,2.53794256069,0
18565,2.245233014,0
18566,2.4455668035,0
18567,2.23849987551,0
18568,2.24038985573,0
18569,2.44689603414,0
18570,2.08411501198,0
18571,2.19224974283,0
18572,2.02934645524,0
18573,2.32990765985,0
18574,2.04103626542,0
18575,1.92777332743,0
18576,2.18794853527,0
18577,2.271730409,0
18578,1.97451220208,0
18579,2.17281747607,0
18580,1.96879296569,0
18581,2.12401964515,0
18582,2.05287587888,0
18583,1.63606473635,0
18584,1.93097290965,0
18585,1.97734760654,0
18586,1.55100337825,0
18587,1.50841431728,0
18588,1.824594873,0
18589,1.80228277717,0
18590,1.48946871044,0
18591,1.51501321081,0
18592,1.27846209099,0
18593,1.29765939938,0
18594,1.54882675161,0
18595,1.54931685528,0
18596,1.37544370981,0
18597,1.45692388465,0
18598,1.08337255837,0
18599,1.37608845758,0
18600,0.896080522443,0
18601,0.961802816979,0
18602,1.17606381324,0
18603,0.978551031706,0
18604,0.801385602887,0
18605,0.650735678797,0
18606,0.926699535499,0
18607,0.559668065666,0
18608,0.630915945498,0
18609,0.67260340092,0
18610,0.814269352485,0
18611,0.558788353093,0
18612,0.645152177376,0
18613,0.42523445528,0
18614,0.320124299957,0
18615,0.596020791518,0
18616,0.347894225905,0
18617,0.134035037429,0
18618,0.138420823573,0
18619,0.304357999641,0
18620,0.416556602478,0
18621,0.0499951399997,0
18622,0.149067808914,0
18623,-0.0808757121334,0
18624,-0.11298830929,0
18625,0.236999527938,0
18626,0.17342084396,0
18627,0.214200948838,0
18628,0.142321899644,0
18629,0.10643336699,0
18630,-0.0846904973158,0
18631,-0.202025589445,0
18632,-0.211186799267,0
18633,0.00338706840958,0
18634,-0.37651581933,0
18635,-0.397713382432,0
18636,-0.00277992869154,0
18637,-0.294850438234,0
18638,-0.350837671922,0
18639,-0.457405752499,0
18640,-0.482871329794,0
18641,-0.079254761541,0
18642,-0.451253086518,0
18643,-0.494455644569,0
18644,-0.211164507,0
18645,-0.19142052887,0
18646,-0.302020849546,0
18647,-0.173883602071,0
18648,-0.375710109102,0
18649,-0.513564686614,0
18650,-0.384314940928,0
18651,-0.131934268722,0
18652,-0.548029592792,0
18653,-0.402550310843,0
18654,-0.519499587224,0
18655,-0.260318844104,0
18656,-0.522038534498,0
18657,-0.130771706292,0
18658,-0.248293062461,0
18659,-0.400835567332,0
18660,-0.478357104438,0
18661,-0.161341678403,0
18662,-0.0436447450749,0
18663,-0.0317135549807,0
18664,-0.0554985563829,0
18665,-0.0807413284162,0
18666,-0.22334204506,0
18667,-0.0521595897441,0
18668,0.0706373093428,0
18669,-0.140092168302,0
18670,-0.239281233399,0
18671,0.0777294719171,0
18672,0.102974636749,0
18673,0.102833399421,0
18674,-0.0524752421894,0
18675,-0.117732155895,0
18676,0.102458607731,0
18677,0.128892102491,0
18678,0.25709088069,0
18679,0.121428000938,0
18680,0.0497942672795,0
18681,0.0782941960861,0
18682,0.488151924601,0
18683,0.544620106483,0
18684,0.199221725574,0
18685,0.649149720735,0
18686,0.58984948592,0
18687,0.725413605267,0
18688,0.682509509222,0
18689,0.806540528962,0
18690,0.826123649149,0
18691,0.481306873429,0
18692,0.700300152785,0
18693,0.79302808681,0
18694,0.630448621517,0
18695,0.752844127618,0
18696,0.695179804357,0
18697,1.04680874547,0
18698,1.17984253887,0
18699,1.04963474126,0
18700,0.931502960814,0
18701,1.16431257456,0
18702,1.18544020757,0
18703,1.06854692651,0
18704,1.07377006604,0
18705,1.42702449218,0
18706,1.53952098181,0
18707,1.25506844974,0
18708,1.63084297385,0
18709,1.26231641327,0
18710,1.71709955939,0
18711,1.46891245861,0
18712,1.60012405596,0
18713,1.49542773078,0
18714,1.67729439304,0
18715,1.79738060636,0
18716,1.90439524298,0
18717,1.62881523232,0
18718,2.00103587976,0
18719,1.77125499962,0
18720,1.78968692476,0
18721,1.76903013673,0
18722,2.0429957374,0
18723,1.84864881709,0
18724,1.87855497754,0
18725,1.89732472535,0
18726,1.96097804798,0
18727,2.08098513632,0
18728,2.35194531148,0
18729,2.20514062064,0
18730,2.08115740206,0
18731,2.42435454429,0
18732,2.40735365123,0
18733,2.09863705984,0
18734,2.39512835329,0
18735,2.52888042492,0
18736,2.53100578697,0
18737,2.23113049393,0
18738,2.57924920905,0
18739,2.22556637189,0
18740,2.555158395,0
18741,2.61785344943,0
18742,2.44845928098,0
18743,2.47415408637,0
18744,2.2502307945,0
18745,2.33571946823,0
18746,2.66111118902,0
18747,2.59933507699,0
18748,2.52264863104,0
18749,2.25937985665,0
18750,2.27681947119,0
18751,2.51526786048,0
18752,2.65127928644,0
18753,2.57798988461,0
18754,2.44281216072,0
18755,2.40906611489,0
18756,2.4825390338,0
18757,2.44983781815,0
18758,2.36589074833,0
18759,2.18615517698,0
18760,2.42792021786,0
18761,2.15952965154,0
18762,2.32674434766,0
18763,2.1266059775,0
18764,2.42798696891,0
18765,2.13527742223,0
18766,2.33561121173,0
18767,2.12854428373,0
18768,2.13043426395,0
18769,2.33694044236,0
18770,1.9741594202,0
18771,2.08229415105,0
18772,1.91939086346,0
18773,2.21995206807,0
18774,1.93108067364,0
18775,1.81781773566,0
18776,2.07799294349,0
18777,2.16177481722,0
18778,1.8645566103,0
18779,2.06286188429,0
18780,1.85883737392,0
18781,2.01406405337,0
18782,1.9429202871,0
18783,1.52610914457,0
18784,1.82101731788,0
18785,1.86739201476,0
18786,1.44104778648,0
18787,1.39845872551,0
18788,1.71463928122,0
18789,1.6923271854,0
18790,1.37951311866,0
18791,1.40505761903,0
18792,1.16850649921,0
18793,1.1877038076,0
18794,1.43887115984,0
18795,1.43936126351,0
18796,1.26548811803,0
18797,1.34696829287,0
18798,0.973416966589,0
18799,1.2661328658,0
18800,0.579837560354,0
18801,0.645559854891,0
18802,0.859820851152,0
18803,0.662308069617,0
18804,0.485142640798,0
18805,0.334492716708,0
18806,0.61045657341,0
18807,0.243425103577,0
18808,0.31467298341,0
18809,0.356360438831,0
18810,0.498026390397,0
18811,0.242545391004,0
18812,0.328909215287,0
18813,0.108991493191,0
18814,0.00388133786818,0
18815,0.279777829429,0
18816,0.0316512638159,0
18817,-0.18220792466,0
18818,-0.177822138515,0
18819,-0.0118849624475,0
18820,0.100313640389,0
18821,-0.266247822089,0
18822,-0.167175153175,0
18823,-0.397118674222,0
18824,-0.429231271379,0
18825,-0.0792434341508,0
18826,-0.142822118128,0
18827,-0.102042013251,0
18828,-0.173921062445,0
18829,-0.209809595099,0
18830,-0.400933459405,0
18831,-0.518268551534,0
18832,-0.527429761355,0
18833,-0.312855893679,0
18834,-0.692758781418,0
18835,-0.71395634452,0
18836,-0.31902289078,0
18837,-0.611093400323,0
18838,-0.66708063401,0
18839,-0.773648714588,0
18840,-0.799114291883,0
18841,-0.39549772363,0
18842,-0.767496048607,0
18843,-0.810698606658,0
18844,-0.527407469089,0
18845,-0.507663490958,0
18846,-0.618263811634,0
18847,-0.49012656416,0
18848,-0.69195307119,0
18849,-0.829807648703,0
18850,-0.700557903017,0
18851,-0.44817723081,0
18852,-0.864272554881,0
18853,-0.718793272932,0
18854,-0.835742549312,0
18855,-0.576561806192,0
18856,-0.838281496587,0
18857,-0.447014668381,0
18858,-0.56453602455,0
18859,-0.717078529421,0
18860,-0.794600066527,0
18861,-0.477584640492,0
18862,-0.359887707164,0
18863,-0.347956517069,0
18864,-0.371741518472,0
18865,-0.396984290505,0
18866,-0.539585007149,0
18867,-0.368402551833,0
18868,-0.245605652746,0
18869,-0.456335130391,0
18870,-0.555524195488,0
18871,-0.238513490172,0
18872,-0.213268325339,0
18873,-0.213409562668,0
18874,-0.368718204278,0
18875,-0.433975117983,0
18876,-0.213784354358,0
18877,-0.187350859597,0
18878,-0.059152081399,0
18879,-0.194814961151,0
18880,-0.266448694809,0
18881,-0.237948766003,0
18882,0.171908962512,0
18883,0.228377144394,0
18884,-0.117021236514,0
18885,0.332906758646,0
18886,0.273606523831,0
18887,0.409170643178,0
18888,0.366266547133,0
18889,0.490297566873,0
18890,0.50988068706,0
18891,0.16506391134,0
18892,0.384057190696,0
18893,0.476785124721,0
18894,0.314205659428,0
18895,0.436601165529,0
18896,0.378936842268,0
18897,0.730565783385,0
18898,0.863599576781,0
18899,0.733391779168,0
18900,0.615259998725,0
18901,0.848069612472,0
18902,0.869197245479,0
18903,0.752303964421,0
18904,0.757527103953,0
18905,1.11078153009,0
18906,1.22327801972,0
18907,0.938825487648,0
18908,1.31460001176,0
18909,0.946073451185,0
18910,1.4008565973,0
18911,1.15266949652,0
18912,1.28388109387,0
18913,1.17918476869,0
18914,1.36105143095,0
18915,1.48113764427,0
18916,1.58815228089,0
18917,1.31257227023,0
18918,1.68479291768,0
18919,1.45501203753,0
18920,1.47344396267,0
18921,1.45278717464,0
18922,1.72675277531,0
18923,1.532405855,0
18924,1.56231201546,0
18925,1.58108176326,0
18926,1.64473508589,0
18927,1.76474217423,0
18928,2.0357023494,0
18929,1.88889765855,0
18930,1.76491443998,0
18931,2.1081115822,0
18932,2.09111068914,0
18933,1.78239409775,0
18934,2.0788853912,0
18935,2.21263746283,0
18936,2.21476282488,0
18937,1.91488753184,0
18938,2.26300624697,0
18939,1.9093234098,0
18940,2.23891543291,0
18941,2.30161048734,0
18942,2.13221631889,0
18943,2.15791112428,0
18944,1.93398783241,0
18945,2.01947650614,0
18946,2.34486822693,0
18947,2.2830921149,0
18948,2.20640566895,0
18949,1.94313689456,0
18950,1.9605765091,0
18951,2.19902489839,0
18952,2.33503632435,0
18953,2.26174692252,0
18954,2.12656919863,0
18955,2.0928231528,0
18956,2.16629607171,0
18957,2.13359485606,0
18958,2.04964778624,0
18959,1.86991221489,0
18960,2.11167725577,0
18961,1.84328668945,0
18962,2.01050138557,0
18963,1.81036301541,0
18964,2.11174400682,0
18965,1.81903446014,0
18966,2.01936824964,0
18967,1.81230132164,0
18968,1.81419130186,0
18969,2.02069748027,0
18970,1.65791645812,0
18971,1.76605118896,0
18972,1.60314790138,0
18973,1.90370910598,0
18974,1.61483771155,0
18975,1.50157477357,0
18976,1.7617499814,0
18977,1.84553185514,0
18978,1.54831364821,0
18979,1.7466189222,0
18980,1.54259441183,0
18981,1.69782109128,0
18982,1.62667732501,0
18983,1.20986618248,0
18984,1.50477435579,0
18985,1.55114905268,0
18986,1.12480482439,0
18987,1.08221576342,0
18988,1.39839631913,0
18989,1.37608422331,0
18990,1.06327015657,0
18991,1.08881465694,0
18992,0.85226353712,0
18993,0.871460845515,0
18994,1.12262819775,0
18995,1.12311830142,0
18996,0.949245155941,0
18997,1.03072533078,0
18998,0.6571740045,0
18999,0.94988990371,0
19000,0.52481461107,0
19001,0.590536905606,0
19002,0.804797901868,0
19003,0.607285120332,0
19004,0.430119691514,0
19005,0.279469767423,0
19006,0.555433624126,0
19007,0.188402154293,0
19008,0.259650034125,0
19009,0.301337489547,0
19010,0.443003441112,0
19011,0.18752244172,0
19012,0.273886266002,0
19013,0.0539685439068,0
19014,-0.0511416114164,0
19015,0.224754880144,0
19016,-0.0233716854687,0
19017,-0.237230873944,0
19018,-0.2328450878,0
19019,-0.0669079117321,0
19020,0.0452906911042,0
19021,-0.321270771374,0
19022,-0.22219810246,0
19023,-0.452141623507,0
19024,-0.484254220663,0
19025,-0.134266383435,0
19026,-0.197845067413,0
19027,-0.157064962535,0
19028,-0.228944011729,0
19029,-0.264832544384,0
19030,-0.455956408689,0
19031,-0.573291500819,0
19032,-0.58245271064,0
19033,-0.367878842964,0
19034,-0.747781730703,0
19035,-0.768979293805,0
19036,-0.374045840065,0
19037,-0.666116349607,0
19038,-0.722103583295,0
19039,-0.828671663873,0
19040,-0.854137241167,0
19041,-0.450520672914,0
19042,-0.822518997891,0
19043,-0.865721555942,0
19044,-0.582430418373,0
19045,-0.562686440243,0
19046,-0.673286760919,0
19047,-0.545149513445,0
19048,-0.746976020475,0
19049,-0.884830597987,0
19050,-0.755580852302,0
19051,-0.503200180095,0
19052,-0.919295504166,0
19053,-0.773816222216,0
19054,-0.890765498597,0
19055,-0.631584755477,0
19056,-0.893304445871,0
19057,-0.502037617665,0
19058,-0.619558973835,0
19059,-0.772101478705,0
19060,-0.849623015811,0
19061,-0.532607589777,0
19062,-0.414910656448,0
19063,-0.402979466354,0
19064,-0.426764467756,0
19065,-0.452007239789,0
19066,-0.594607956433,0
19067,-0.423425501117,0
19068,-0.300628602031,0
19069,-0.511358079676,0
19070,-0.610547144772,0
19071,-0.293536439456,0
19072,-0.268291274624,0
19073,-0.268432511952,0
19074,-0.423741153563,0
19075,-0.488998067268,0
19076,-0.268807303642,0
19077,-0.242373808882,0
19078,-0.114175030684,0
19079,-0.249837910435,0
19080,-0.321471644094,0
19081,-0.292971715287,0
19082,0.116886013227,0
19083,0.17335419511,0
19084,-0.172044185799,0
19085,0.277883809361,0
19086,0.218583574547,0
19087,0.354147693894,0
19088,0.311243597849,0
19089,0.435274617589,0
19090,0.454857737775,0
19091,0.110040962056,0
19092,0.329034241411,0
19093,0.421762175436,0
19094,0.259182710144,0
19095,0.381578216244,0
19096,0.323913892983,0
19097,0.6755428341,0
19098,0.808576627497,0
19099,0.678368829884,0
19100,0.56023704944,0
19101,0.793046663188,0
19102,0.814174296194,0
19103,0.697281015136,0
19104,0.702504154668,0
19105,1.05575858081,0
19106,1.16825507044,0
19107,0.883802538363,0
19108,1.25957706248,0
19109,0.8910505019,0
19110,1.34583364801,0
19111,1.09764654724,0
19112,1.22885814459,0
19113,1.12416181941,0
19114,1.30602848167,0
19115,1.42611469498,0
19116,1.53312933161,0
19117,1.25754932095,0
19118,1.62976996839,0
19119,1.39998908825,0
19120,1.41842101338,0
19121,1.39776422536,0
19122,1.67172982602,0
19123,1.47738290571,0
19124,1.50728906617,0
19125,1.52605881398,0
19126,1.58971213661,0
19127,1.70971922494,0
19128,1.98067940011,0
19129,1.83387470926,0
19130,1.70989149069,0
19131,2.05308863292,0
19132,2.03608773985,0
19133,1.72737114846,0
19134,2.02386244192,0
19135,2.15761451354,0
19136,2.15973987559,0
19137,1.85986458256,0
19138,2.20798329768,0
19139,1.85430046052,0
19140,2.18389248363,0
19141,2.24658753806,0
19142,2.07719336961,0
19143,2.102888175,0
19144,1.87896488313,0
19145,1.96445355686,0
19146,2.28984527764,0
19147,2.22806916561,0
19148,2.15138271967,0
19149,1.88811394528,0
19150,1.90555355982,0
19151,2.14400194911,0
19152,2.28001337507,0
19153,2.20672397323,0
19154,2.07154624934,0
19155,2.03780020352,0
19156,2.11127312243,0
19157,2.07857190677,0
19158,1.99462483696,0
19159,1.81488926561,0
19160,2.05665430649,0
19161,1.78826374017,0
19162,1.95547843629,0
19163,1.75534006613,0
19164,2.05672105754,0
19165,1.76401151085,0
19166,1.96434530035,0
19167,1.75727837236,0
19168,1.75916835258,0
19169,1.96567453099,0
19170,1.60289350883,0
19171,1.71102823968,0
19172,1.54812495209,0
19173,1.8486861567,0
19174,1.55981476227,0
19175,1.44655182428,0
19176,1.70672703212,0
19177,1.79050890585,0
19178,1.49329069893,0
19179,1.69159597292,0
19180,1.48757146254,0
19181,1.642798142,0
19182,1.57165437573,0
19183,1.1548432332,0
19184,1.4497514065,0
19185,1.49612610339,0
19186,1.0697818751,0
19187,1.02719281413,0
19188,1.34337336984,0
19189,1.32106127402,0
19190,1.00824720729,0
19191,1.03379170766,0
19192,0.797240587836,0
19193,0.816437896231,0
19194,1.06760524846,0
19195,1.06809535213,0
19196,0.894222206656,0
19197,0.9757023815,0
19198,0.602151055216,0
19199,0.894866954425,0
19200,0.604707833332,0
19201,0.670430127868,0
19202,0.88469112413,0
19203,0.687178342594,0
19204,0.510012913776,0
19205,0.359362989685,0
19206,0.635326846388,0
19207,0.268295376555,0
19208,0.339543256387,0
19209,0.381230711809,0
19210,0.522896663374,0
19211,0.267415663982,0
19212,0.353779488265,0
19213,0.133861766169,0
19214,0.0287516108457,0
19215,0.304648102407,0
19216,0.0565215367934,0
19217,-0.157337651682,0
19218,-0.152951865538,0
19219,0.0129853105301,0
19220,0.125183913366,0
19221,-0.241377549112,0
19222,-0.142304880197,0
19223,-0.372248401245,0
19224,-0.404360998401,0
19225,-0.0543731611733,0
19226,-0.117951845151,0
19227,-0.635170737917,1
19228,-0.610174768985,1
19229,-0.57701332013,1
19230,-0.535882994829,1
19231,-0.487027641437,1
19232,-0.430736907498,1
19233,-0.367344522515,1
19234,-0.297226319376,1
19235,-0.220798006163,1
19236,-0.138512701555,1
19237,-0.0508582484304,1
19238,0.0416456783888,1
19239,0.138450653126,1
19240,0.238982750487,1
19241,0.342645948276,1
19242,0.448825661017,1
19243,0.556892383636,1
19244,0.666205423587,1
19245,0.776116699314,1
19246,0.885974582515,1
19247,0.995127761434,1
19248,1.10292910228,1
19249,1.20873948587,1
19250,1.31193159676,1
19251,1.4118936424,1
19252,1.50803298025,1
19253,1.59977963134,1
19254,1.68658965956,1
19255,1.7679483964,1
19256,1.8433734923,1
19257,1.91241777633,1
19258,1.97467190733,1
19259,2.02976680074,1
19260,2.07737581683,1
19261,2.11721669716,1
19262,2.14905323809,1
19263,2.1726966911,1
19264,2.18800688181,1
19265,2.19489304107,1
19266,2.19331434309,1
19267,2.18328014744,1
19268,2.16484994362,1
19269,2.13813299832,1
19270,2.10328770766,1
19271,2.06052065806,1
19272,2.01008540148,1
19273,1.95228095219,1
19274,1.88745001404,1
19275,1.81597694862,1
19276,1.73828549655,1
19277,1.65483626525,1
19278,1.56612399814,1
19279,1.47267464149,1
19280,1.37504222622,1
19281,1.27380558324,1
19282,1.16956491177,1
19283,1.06293822096,1
19284,0.954557665844,1
19285,0.845065799597,1
19286,0.735111763973,1
19287,0.625347440783,1
19288,0.516423587097,1
19289,0.408985977111,1
19290,0.303671573565,1
19291,0.201104751398,1
19292,0.101893596029,1
19293,0.0066262982163,1
19294,-0.0841323331318,1
19295,-0.16984421953,1
19296,-0.250001203005,1
19297,-0.324128058803,1
19298,-0.391785312841,1
19299,-0.452571847204,1
19300,-0.506127278247,1
19301,-0.552134093193,1
19302,-0.590319532558,1
19303,-0.620457207257,1
19304,-0.642368440795,1
19305,-0.655923328573,1
19306,-0.66104150806,1
19307,-0.657692635229,1
19308,-0.645896564461,1
19309,-0.625723230834,1
19310,-0.597292235499,1
19311,-0.560772136604,1
19312,-0.516379449972,1
19313,-0.46437736544,1
19314,-0.405074186501,1
19315,-0.338821502466,1
19316,-0.266012104008,1
19317,-0.187077654435,1
19318,-0.102486130494,1
19319,-0.0127390478917,1
19320,0.0816315120306,1
19321,0.180066056834,1
19322,0.28198100003,1
19323,0.38677212098,1
19324,0.493818147118,1
19325,0.602484437277,1
19326,0.712126744271,1
19327,0.822095034426,1
19328,0.93173734142,1
19329,1.04040363158,1
19330,1.14744965772,1
19331,1.25224077867,1
19332,1.35415572186,1
19333,1.45259026667,1
19334,1.54696082659,1
19335,1.63670790919,1
19336,1.72129943313,1
19337,1.80023388271,1
19338,1.87304328116,1
19339,1.9392959652,1
19340,1.99859914414,1
19341,2.05060122867,1
19342,2.0949939153,1
19343,2.1315140142,1
19344,2.15994500953,1
19345,2.18011834316,1
19346,2.19191441393,1
19347,2.19526328676,1
19348,2.19014510727,1
19349,2.17659021949,1
19350,2.15467898595,1
19351,2.12454131126,1
19352,2.08635587189,1
19353,2.04034905695,1
19354,1.9867936259,1
19355,1.92600709154,1
19356,1.8583498375,1
19357,1.7842229817,1
19358,1.70406599823,1
19359,1.61835411183,1
19360,1.52759548048,1
19361,1.43232818267,1
19362,1.3331170273,1
19363,1.23055020513,1
19364,1.12523580159,1
19365,1.0177981916,1
19366,0.908874337914,1
19367,0.799110014725,1
19368,0.689155979101,1
19369,0.579664112853,1
19370,0.471283557742,1
19371,0.364656866923,1
19372,0.26041619546,1
19373,0.159179552481,1
19374,0.0615471372058,1
19375,-0.0319022194454,1
19376,-0.120614486549,1
19377,-0.204063717848,1
19378,-0.281755169918,1
19379,-0.353228235342,1
19380,-0.418059173497,1
19381,-0.475863622781,1
19382,-0.526298879363,1
19383,-0.569065928966,1
19384,-0.603911219627,1
19385,-0.630628164919,1
19386,-0.649058368739,1
19387,-0.659092564388,1
19388,-0.660671262374,1
19389,-0.65378510311,1
19390,-0.638474912398,1
19391,-0.614831459395,1
19392,-0.582994918463,1
19393,-0.543154038128,1
19394,-0.495545022046,1
19395,-0.44045012863,1
19396,-0.378195997631,1
19397,-0.309151713601,1
19398,-0.233726617703,1
19399,-0.152367880865,1
19400,-0.231057561823,1
19401,-0.139310910725,1
19402,-0.0431715728811,1
19403,0.0567904727587,1
19404,0.159982583651,1
19405,0.265792967241,1
19406,0.373594308087,1
19407,0.482747487007,1
19408,0.592605370208,1
19409,0.702516645935,1
19410,0.811829685886,1
19411,0.919896408505,1
19412,1.02607612125,1
19413,1.12973931903,1
19414,1.2302714164,1
19415,1.32707639113,1
19416,1.41958031795,1
19417,1.50723477108,1
19418,1.58952007569,1
19419,1.6659483889,1
19420,1.73606659204,1
19421,1.79945897702,1
19422,1.85574971096,1
19423,1.90460506435,1
19424,1.94573538965,1
19425,1.97889683851,1
19426,2.00389280744,1
19427,-0.242671449449,0
19428,-0.314550498643,0
19429,-0.350439031297,0
19430,-0.541562895603,0
19431,-0.658897987732,0
19432,-0.668059197554,0
19433,-0.453485329877,0
19434,-0.833388217617,0
19435,-0.854585780719,0
19436,-0.459652326979,0
19437,-0.751722836521,0
19438,-0.807710070209,0
19439,-0.914278150786,0
19440,-0.939743728081,0
19441,-0.536127159828,0
19442,-0.908125484805,0
19443,-0.951328042856,0
19444,-0.668036905287,0
19445,-0.648292927157,0
19446,-0.758893247833,0
19447,-0.630756000358,0
19448,-0.832582507389,0
19449,-0.970437084901,0
19450,-0.841187339215,0
19451,-0.588806667009,0
19452,-1.00490199108,0
19453,-0.85942270913,0
19454,-0.976371985511,0
19455,-0.717191242391,0
19456,-0.978910932785,0
19457,-0.587644104579,0
19458,-0.705165460749,0
19459,-0.857707965619,0
19460,-0.935229502725,0
19461,-0.61821407669,0
19462,-0.500517143362,0
19463,-0.488585953268,0
19464,-0.51237095467,0
19465,-0.537613726703,0
19466,-0.680214443347,0
19467,-0.509031988031,0
19468,-0.386235088944,0
19469,-0.596964566589,0
19470,-0.696153631686,0
19471,-0.37914292637,0
19472,-0.353897761538,0
19473,-0.354038998866,0
19474,-0.509347640476,0
19475,-0.574604554182,0
19476,-0.354413790556,0
19477,-0.327980295796,0
19478,-0.199781517597,0
19479,-0.335444397349,0
19480,-0.407078131008,0
19481,-0.378578202201,0
19482,0.0312795263135,0
19483,0.0877477081959,0
19484,-0.257650672713,0
19485,0.192277322448,0
19486,0.132977087633,0
19487,0.26854120698,0
19488,0.225637110935,0
19489,0.349668130675,0
19490,0.369251250862,0
19491,0.024434475142,0
19492,0.243427754498,0
19493,0.336155688523,0
19494,0.17357622323,0
19495,0.295971729331,0
19496,0.23830740607,0
19497,0.589936347186,0
19498,0.722970140583,0
19499,0.59276234297,0
19500,0.474630562527,0
19501,0.707440176274,0
19502,0.728567809281,0
19503,0.611674528222,0
19504,0.616897667754,0
19505,0.970152093892,0
19506,1.08264858353,0
19507,0.79819605145,0
19508,1.17397057556,0
19509,0.805444014986,0
19510,1.2602271611,0
19511,1.01204006033,0
19512,1.14325165767,0
19513,1.03855533249,0
19514,1.22042199475,0
19515,1.34050820807,0
19516,1.44752284469,0
19517,1.17194283403,0
19518,1.54416348148,0
19519,1.31438260133,0
19520,1.33281452647,0
19521,1.31215773844,0
19522,1.58612333911,0
19523,1.3917764188,0
19524,1.42168257926,0
19525,1.44045232706,0
19526,1.50410564969,0
19527,1.62411273803,0
19528,1.8950729132,0
19529,1.74826822235,0
19530,1.62428500378,0
19531,1.967482146,0
19532,1.95048125294,0
19533,1.64176466155,0
19534,1.938255955,0
19535,2.07200802663,0
19536,2.07413338868,0
19537,1.77425809565,0
19538,2.12237681077,0
19539,1.76869397361,0
19540,2.09828599671,0
19541,2.16098105114,0
19542,1.99158688269,0
19543,2.01728168808,0
19544,1.79335839621,0
19545,1.87884706995,0
19546,2.20423879073,0
19547,2.1424626787,0
19548,2.06577623275,0
19549,1.80250745836,0
19550,1.8199470729,0
19551,2.05839546219,0
19552,2.19440688815,0
19553,2.12111748632,0
19554,1.98593976243,0
19555,1.9521937166,0
19556,2.02566663551,0
19557,1.99296541986,0
19558,1.90901835005,0
19559,1.72928277869,0
19560,1.97104781958,0
19561,1.70265725325,0
19562,1.86987194937,0
19563,1.66973357922,0
19564,1.97111457062,0
19565,1.67840502394,0
19566,1.87873881344,0
19567,1.67167188545,0
19568,1.67356186566,0
19569,1.88006804407,0
19570,1.51728702192,0
19571,1.62542175276,0
19572,1.46251846518,0
19573,1.76307966978,0
19574,1.47420827536,0
19575,1.36094533737,0
19576,1.6211205452,0
19577,1.70490241894,0
19578,1.40768421202,0
19579,1.60598948601,0
19580,1.40196497563,0
19581,1.55719165509,0
19582,1.48604788882,0
19583,1.06923674628,0
19584,1.36414491959,0
19585,1.41051961648,0
19586,0.98417538819,0
19587,0.94158632722,0
19588,1.25776688293,0
19589,1.23545478711,0
19590,0.922640720375,0
19591,0.948185220746,0
19592,0.711634100922,0
19593,0.730831409317,0
19594,0.981998761549,0
19595,0.982488865218,0
19596,0.808615719743,0
19597,0.890095894586,0
19598,0.516544568302,0
19599,0.809260467512,0
19600,0.483923586738,0
19601,0.549645881274,0
19602,0.763906877536,0
19603,0.566394096,0
19604,0.389228667182,0
19605,0.238578743091,0
19606,0.514542599794,0
19607,0.147511129961,0
19608,0.218759009793,0
19609,0.260446465215,0
19610,0.40211241678,0
19611,0.146631417388,0
19612,0.23299524167,0
19613,0.0130775195749,0
19614,-0.0920326357483,0
19615,0.183863855812,0
19616,-0.0642627098006,0
19617,-0.278121898276,0
19618,-0.273736112132,0
19619,-0.107798936064,0
19620,0.0043996667723,0
19621,-0.362161795706,0
19622,-0.263089126791,0
19623,-0.493032647839,0
19624,-0.525145244995,0
19625,-0.175157407767,0
19626,-0.238736091745,0
19627,-0.197955986867,0
19628,-0.269835036061,0
19629,-0.305723568715,0
19630,-0.496847433021,0
19631,-0.614182525151,0
19632,-0.623343734972,0
19633,-0.408769867296,0
19634,-0.788672755035,0
19635,-0.809870318137,0
19636,-0.414936864397,0
19637,-0.707007373939,0
19638,-0.762994607627,0
19639,-0.869562688205,0
19640,-0.895028265499,0
19641,-0.491411697246,0
19642,-0.863410022223,0
19643,-0.906612580274,0
19644,-0.623321442705,0
19645,-0.603577464575,0
19646,-0.714177785251,0
19647,-0.586040537777,0
19648,-0.787867044807,0
19649,-0.925721622319,0
19650,-0.796471876634,0
19651,-0.544091204427,0
19652,-0.960186528498,0
19653,-0.814707246548,0
19654,-0.931656522929,0
19655,-0.672475779809,0
19656,-0.934195470203,0
19657,-0.542928641997,0
19658,-0.660449998167,0
19659,-0.812992503037,0
19660,-0.890514040143,0
19661,-0.573498614109,0
19662,-0.45580168078,0
19663,-0.443870490686,0
19664,-0.467655492088,0
19665,-0.492898264121,0
19666,-0.635498980765,0
19667,-0.464316525449,0
19668,-0.341519626362,0
19669,-0.552249104008,0
19670,-0.651438169104,0
19671,-0.334427463788,0
19672,-0.309182298956,0
19673,-0.309323536284,0
19674,-0.464632177895,0
19675,-0.5298890916,0
19676,-0.309698327974,0
19677,-0.283264833214,0
19678,-0.155066055016,0
19679,-0.290728934767,0
19680,-0.362362668426,0
19681,-0.333862739619,0
19682,0.0759949888953,0
19683,0.132463170778,0
19684,-0.212935210131,0
19685,0.236992785029,0
19686,0.177692550215,0
19687,0.313256669562,0
19688,0.270352573517,0
19689,0.394383593257,0
19690,0.413966713443,0
19691,0.0691499377238,0
19692,0.288143217079,0
19693,0.380871151105,0
19694,0.218291685812,0
19695,0.340687191913,0
19696,0.283022868652,0
19697,0.634651809768,0
19698,0.767685603165,0
19699,0.637477805552,0
19700,0.519346025108,0
19701,0.752155638856,0
19702,0.773283271862,0
19703,0.656389990804,0
19704,0.661613130336,0
19705,1.01486755647,0
19706,1.12736404611,0
19707,0.842911514031,0
19708,1.21868603814,0
19709,0.850159477568,0
19710,1.30494262368,0
19711,1.05675552291,0
19712,1.18796712026,0
19713,1.08327079508,0
19714,1.26513745733,0
19715,1.38522367065,0
19716,1.49223830728,0
19717,1.21665829661,0
19718,1.58887894406,0
19719,1.35909806392,0
19720,1.37752998905,0
19721,1.35687320102,0
19722,1.63083880169,0
19723,1.43649188138,0
19724,1.46639804184,0
19725,1.48516778964,0
19726,1.54882111228,0
19727,1.66882820061,0
19728,1.93978837578,0
19729,1.79298368493,0
19730,1.66900046636,0
19731,2.01219760858,0
19732,1.99519671552,0
19733,1.68648012413,0
19734,1.98297141759,0
19735,2.11672348921,0
19736,2.11884885126,0
19737,1.81897355823,0
19738,2.16709227335,0
19739,1.81340943619,0
19740,2.14300145929,0
19741,2.20569651372,0
19742,2.03630234528,0
19743,2.06199715066,0
19744,1.83807385879,0
19745,1.92356253253,0
19746,2.24895425331,0
19747,2.18717814128,0
19748,2.11049169533,0
19749,1.84722292095,0
19750,1.86466253548,0
19751,2.10311092478,0
19752,2.23912235073,0
19753,2.1658329489,0
19754,2.03065522501,0
19755,1.99690917919,0
19756,2.0703820981,0
19757,2.03768088244,0
19758,1.95373381263,0
19759,1.77399824127,0
19760,2.01576328216,0
19761,1.74737271583,0
19762,1.91458741196,0
19763,1.7144490418,0
19764,2.0158300332,0
19765,1.72312048652,0
19766,1.92345427602,0
19767,1.71638734803,0
19768,1.71827732825,0
19769,1.92478350666,0
19770,1.5620024845,0
19771,1.67013721534,0
19772,1.50723392776,0
19773,1.80779513236,0
19774,1.51892373794,0
19775,1.40566079995,0
19776,1.66583600778,0
19777,1.74961788152,0
19778,1.4523996746,0
19779,1.65070494859,0
19780,1.44668043821,0
19781,1.60190711767,0
19782,1.5307633514,0
19783,1.11395220886,0
19784,1.40886038217,0
19785,1.45523507906,0
19786,1.02889085077,0
19787,0.986301789801,0
19788,1.30248234551,0
19789,1.28017024969,0
19790,0.967356182957,0
19791,0.992900683327,0
19792,0.756349563504,0
19793,0.775546871899,0
19794,1.02671422413,0
19795,1.0272043278,0
19796,0.853331182325,0
19797,0.934811357168,0
19798,0.561260030884,0
19799,0.853975930093,0
19800,0.322407168724,0
19801,0.38812946326,0
19802,0.602390459522,0
19803,0.404877677986,0
19804,0.227712249168,0
19805,0.0770623250771,0
19806,0.35302618178,0
19807,-0.0140052880533,0
19808,0.0572425917788,0
19809,0.0989300472005,0
19810,0.240595998766,0
19811,-0.0148850006266,0
19812,0.0714788236562,0
19813,-0.148438898439,0
19814,-0.253549053763,0
19815,0.0223474377982,0
19816,-0.225779127815,0
19817,-0.439638316291,0
19818,-0.435252530146,0
19819,-0.269315354078,0
19820,-0.157116751242,0
19821,-0.52367821372,0
19822,-0.424605544806,0
19823,-0.654549065853,0
19824,-0.686661663009,0
19825,-0.336673825782,0
19826,-0.400252509759,0
19827,-0.359472404881,0
19828,-0.431351454076,0
19829,-0.46723998673,0
19830,-0.658363851035,0
19831,-0.775698943165,0
19832,-0.784860152986,0
19833,-0.57028628531,0
19834,-0.950189173049,0
19835,-0.971386736151,0
19836,-0.576453282411,0
19837,-0.868523791953,0
19838,-0.924511025641,0
19839,-1.03107910622,0
19840,-1.05654468351,0
19841,-0.65292811526,0
19842,-1.02492644024,0
19843,-1.06812899829,0
19844,-0.784837860719,0
19845,-0.765093882589,0
19846,-0.875694203265,0
19847,-0.747556955791,0
19848,-0.949383462821,0
19849,-1.08723804033,0
19850,-0.957988294648,0
19851,-0.705607622441,0
19852,-1.12170294651,0
19853,-0.976223664563,0
19854,-1.09317294094,0
19855,-0.833992197823,0
19856,-1.09571188822,0
19857,-0.704445060012,0
19858,-0.821966416181,0
19859,-0.974508921052,0
19860,-1.05203045816,0
19861,-0.735015032123,0
19862,-0.617318098794,0
19863,-0.6053869087,0
19864,-0.629171910102,0
19865,-0.654414682136,0
19866,-0.79701539878,0
19867,-0.625832943464,0
19868,-0.503036044377,0
19869,-0.713765522022,0
19870,-0.812954587119,0
19871,-0.495943881802,0
19872,-0.47069871697,0
19873,-0.470839954299,0
19874,-0.626148595909,0
19875,-0.691405509614,0
19876,-0.471214745989,0
19877,-0.444781251228,0
19878,-0.31658247303,0
19879,-0.452245352782,0
19880,-0.52387908644,0
19881,-0.495379157633,0
19882,-0.085521429119,0
19883,-0.0290532472365,0
19884,-0.374451628145,0
19885,0.0754763670152,0
19886,0.0161761322005,0
19887,0.151740251547,0
19888,0.108836155503,0
19889,0.232867175243,0
19890,0.252450295429,0
19891,-0.0923664802905,0
19892,0.126626799065,0
19893,0.21935473309,0
19894,0.0567752677974,0
19895,0.179170773898,0
19896,0.121506450637,0
19897,0.473135391754,0
19898,0.60616918515,0
19899,0.475961387538,0
19900,0.357829607094,0
19901,0.590639220841,0
19902,0.611766853848,0
19903,0.49487357279,0
19904,0.500096712322,0
19905,0.85335113846,0
19906,0.965847628094,0
19907,0.681395096017,0
19908,1.05716962013,0
19909,0.688643059554,0
19910,1.14342620567,0
19911,0.895239104893,0
19912,1.02645070224,0
19913,0.921754377062,0
19914,1.10362103932,0
19915,1.22370725264,0
19916,1.33072188926,0
19917,1.0551418786,0
19918,1.42736252604,0
19919,1.1975816459,0
19920,1.21601357104,0
19921,1.19535678301,0
19922,1.46932238368,0
19923,1.27497546337,0
19924,1.30488162382,0
19925,1.32365137163,0
19926,1.38730469426,0
19927,1.5073117826,0
19928,1.77827195777,0
19929,1.63146726692,0
19930,1.50748404834,0
19931,1.85068119057,0
19932,1.83368029751,0
19933,1.52496370612,0
19934,1.82145499957,0
19935,1.9552070712,0
19936,1.95733243325,0
19937,1.65745714021,0
19938,2.00557585534,0
19939,1.65189301817,0
19940,1.98148504128,0
19941,2.04418009571,0
19942,1.87478592726,0
19943,1.90048073265,0
19944,1.67655744078,0
19945,1.76204611451,0
19946,2.0874378353,0
19947,2.02566172327,0
19948,1.94897527732,0
19949,1.68570650293,0
19950,1.70314611747,0
19951,1.94159450676,0
19952,2.07760593272,0
19953,2.00431653089,0
19954,1.869138807,0
19955,1.83539276117,0
19956,1.90886568008,0
19957,1.87616446443,0
19958,1.79221739461,0
19959,1.61248182326,0
19960,1.85424686414,0
19961,1.58585629782,0
19962,1.75307099394,0
19963,1.55293262378,0
19964,1.85431361519,0
19965,1.56160406851,0
19966,1.76193785801,0
19967,1.55487093001,0
19968,1.55676091023,0
19969,1.76326708864,0
19970,1.40048606648,0
19971,1.50862079733,0
19972,1.34571750975,0
19973,1.64627871435,0
19974,1.35740731992,0
19975,1.24414438194,0
19976,1.50431958977,0
19977,1.5881014635,0
19978,1.29088325658,0
19979,1.48918853057,0
19980,1.2851640202,0
19981,1.44039069965,0
19982,1.36924693338,0
19983,0.952435790851,0
19984,1.24734396416,0
19985,1.29371866105,0
19986,0.867374432757,0
19987,0.824785371787,0
19988,1.1409659275,0
19989,1.11865383168,0
19990,0.805839764943,0
19991,0.831384265313,0
19992,0.594833145489,0
19993,0.614030453885,0
19994,0.865197806116,0
19995,0.865687909786,0
19996,0.69181476431,0
19997,0.773294939154,0
19998,0.399743612869,0
19999,0.692459512079,0
20000,0.281024897203,0
20001,0.346747191739,0
20002,0.561008188001,0
20003,0.363495406465,0
20004,0.186329977647,0
20005,0.035680053556,0
20006,0.311643910258,0
20007,-0.0553875595744,0
20008,0.0158603202578,0
20009,0.0575477756794,0
20010,0.199213727245,0
20011,-0.0562672721476,0
20012,0.0300965521352,0
20013,-0.18982116996,0
20014,-0.294931325284,0
20015,-0.0190348337228,0
20016,-0.267161399336,0
20017,-0.481020587812,0
20018,-0.476634801667,0
20019,-0.310697625599,0
20020,-0.198499022763,0
20021,-0.565060485241,0
20022,-0.465987816327,0
20023,-0.695931337374,0
20024,-0.72804393453,0
20025,-0.378056097303,0
20026,-0.44163478128,0
20027,-0.400854676402,0
20028,-0.472733725597,0
20029,-0.508622258251,0
20030,-0.699746122556,0
20031,-0.817081214686,0
20032,-0.826242424507,0
20033,-0.611668556831,0
20034,-0.99157144457,0
20035,-1.01276900767,0
20036,-0.617835553932,0
20037,-0.909906063475,0
20038,-0.965893297162,0
20039,-1.07246137774,0
20040,-1.09792695503,0
20041,-0.694310386782,0
20042,-1.06630871176,0
20043,-1.10951126981,0
20044,-0.82622013224,0
20045,-0.80647615411,0
20046,-0.917076474786,0
20047,-0.788939227312,0
20048,-0.990765734342,0
20049,-1.12862031185,0
20050,-0.999370566169,0
20051,-0.746989893962,0
20052,-1.16308521803,0
20053,-1.01760593608,0
20054,-1.13455521246,0
20055,-0.875374469344,0
20056,-1.13709415974,0
20057,-0.745827331533,0
20058,-0.863348687702,0
20059,-1.01589119257,0
20060,-1.09341272968,0
20061,-0.776397303644,0
20062,-0.658700370315,0
20063,-0.646769180221,0
20064,-0.670554181623,0
20065,-0.695796953657,0
20066,-0.838397670301,0
20067,-0.667215214985,0
20068,-0.544418315898,0
20069,-0.755147793543,0
20070,-0.85433685864,0
20071,-0.537326153323,0
20072,-0.512080988491,0
20073,-0.51222222582,0
20074,-0.66753086743,0
20075,-0.732787781135,0
20076,-0.51259701751,0
20077,-0.486163522749,0
20078,-0.357964744551,0
20079,-0.493627624303,0
20080,-0.565261357961,0
20081,-0.536761429154,0
20082,-0.12690370064,0
20083,-0.0704355187576,0
20084,-0.415833899666,0
20085,0.0340940954941,0
20086,-0.0252061393205,0
20087,0.110357980026,0
20088,0.0674538839817,0
20089,0.191484903722,0
20090,0.211068023908,0
20091,-0.133748751811,0
20092,0.085244527544,0
20093,0.177972461569,0
20094,0.0153929962763,0
20095,0.137788502377,0
20096,0.0801241791162,0
20097,0.431753120233,0
20098,0.564786913629,0
20099,0.434579116016,0
20100,0.316447335573,0
20101,0.54925694932,0
20102,0.570384582327,0
20103,0.453491301269,0
20104,0.458714440801,0
20105,0.811968866939,0
20106,0.924465356573,0
20107,0.640012824496,0
20108,1.01578734861,0
20109,0.647260788033,0
20110,1.10204393415,0
20111,0.853856833372,0
20112,0.985068430721,0
20113,0.880372105541,0
20114,1.0622387678,0
20115,1.18232498112,0
20116,1.28933961774,0
20117,1.01375960708,0
20118,1.38598025452,0
20119,1.15619937438,0
20120,1.17463129952,0
20121,1.15397451149,0
20122,1.42794011215,0
20123,1.23359319184,0
20124,1.2634993523,0
20125,1.28226910011,0
20126,1.34592242274,0
20127,1.46592951108,0
20128,1.73688968624,0
20129,1.5900849954,0
20130,1.46610177682,0
20131,1.80929891905,0
20132,1.79229802599,0
20133,1.4835814346,0
20134,1.78007272805,0
20135,1.91382479968,0
20136,1.91595016173,0
20137,1.61607486869,0
20138,1.96419358381,0
20139,1.61051074665,0
20140,1.94010276976,0
20141,2.00279782419,0
20142,1.83340365574,0
20143,1.85909846113,0
20144,1.63517516926,0
20145,1.72066384299,0
20146,2.04605556378,0
20147,1.98427945175,0
20148,1.9075930058,0
20149,1.64432423141,0
20150,1.66176384595,0
20151,1.90021223524,0
20152,2.0362236612,0
20153,1.96293425937,0
20154,1.82775653548,0
20155,1.79401048965,0
20156,1.86748340856,0
20157,1.83478219291,0
20158,1.75083512309,0
20159,1.57109955174,0
20160,1.81286459262,0
20161,1.5444740263,0
20162,1.71168872242,0
20163,1.51155035226,0
20164,1.81293134367,0
20165,1.52022179698,0
20166,1.72055558649,0
20167,1.51348865849,0
20168,1.51537863871,0
20169,1.72188481712,0
20170,1.35910379496,0
20171,1.46723852581,0
20172,1.30433523822,0
20173,1.60489644283,0
20174,1.3160250484,0
20175,1.20276211042,0
20176,1.46293731825,0
20177,1.54671919198,0
20178,1.24950098506,0
20179,1.44780625905,0
20180,1.24378174867,0
20181,1.39900842813,0
20182,1.32786466186,0
20183,0.91105351933,0
20184,1.20596169264,0
20185,1.25233638952,0
20186,0.825992161236,0
20187,0.783403100266,0
20188,1.09958365598,0
20189,1.07727156016,0
20190,0.764457493422,0
20191,0.790001993792,0
20192,0.553450873968,0
20193,0.572648182364,0
20194,0.823815534595,0
20195,0.824305638265,0
20196,0.650432492789,0
20197,0.731912667633,0
20198,0.358361341348,0
20199,0.651077240558,0
20200,0.205825996087,0
20201,0.271548290623,0
20202,0.485809286885,0
20203,0.288296505349,0
20204,0.111131076531,0
20205,-0.0395188475598,0
20206,0.236445009143,0
20207,-0.13058646069,0
20208,-0.0593385808581,0
20209,-0.0176511254364,0
20210,0.124014826129,0
20211,-0.131466173263,0
20212,-0.0451023489807,0
20213,-0.265020071076,0
20214,-0.370130226399,0
20215,-0.0942337348387,0
20216,-0.342360300452,0
20217,-0.556219488928,0
20218,-0.551833702783,0
20219,-0.385896526715,0
20220,-0.273697923879,0
20221,-0.640259386357,0
20222,-0.541186717443,0
20223,-0.77113023849,0
20224,-0.803242835646,0
20225,-0.453254998418,0
20226,-0.516833682396,0
20227,-0.476053577518,0
20228,-0.547932626713,0
20229,-0.583821159367,0
20230,-0.774945023672,0
20231,-0.892280115802,0
20232,-0.901441325623,0
20233,-0.686867457947,0
20234,-1.06677034569,0
20235,-1.08796790879,0
20236,-0.693034455048,0
20237,-0.98510496459,0
20238,-1.04109219828,0
20239,-1.14766027886,0
20240,-1.17312585615,0
20241,-0.769509287897,0
20242,-1.14150761287,0
20243,-1.18471017093,0
20244,-0.901419033356,0
20245,-0.881675055226,0
20246,-0.992275375902,0
20247,-0.864138128428,0
20248,-1.06596463546,0
20249,-1.20381921297,0
20250,-1.07456946728,0
20251,-0.822188795078,0
20252,-1.23828411915,0
20253,-1.0928048372,0
20254,-1.20975411358,0
20255,-0.95057337046,0
20256,-1.21229306085,0
20257,-0.821026232649,0
20258,-0.938547588818,0
20259,-1.09109009369,0
20260,-1.16861163079,0
20261,-0.85159620476,0
20262,-0.733899271431,0
20263,-0.721968081337,0
20264,-0.745753082739,0
20265,-0.770995854773,0
20266,-0.913596571416,0
20267,-0.742414116101,0
20268,-0.619617217014,0
20269,-0.830346694659,0
20270,-0.929535759755,0
20271,-0.612525054439,0
20272,-0.587279889607,0
20273,-0.587421126936,0
20274,-0.742729768546,0
20275,-0.807986682251,0
20276,-0.587795918625,0
20277,-0.561362423865,0
20278,-0.433163645667,0
20279,-0.568826525419,0
20280,-0.640460259077,0
20281,-0.61196033027,0
20282,-0.202102601756,0
20283,-0.145634419873,0
20284,-0.491032800782,0
20285,-0.0411048056217,0
20286,-0.100405040436,0
20287,0.0351590789105,0
20288,-0.00774501713419,0
20289,0.116286002606,0
20290,0.135869122792,0
20291,-0.208947652927,0
20292,0.0100456264282,0
20293,0.102773560453,0
20294,-0.0598059048395,0
20295,0.0625896012614,0
20296,0.00492527800035,0
20297,0.356554219117,0
20298,0.489588012514,0
20299,0.359380214901,0
20300,0.241248434457,0
20301,0.474058048205,0
20302,0.495185681211,0
20303,0.378292400153,0
20304,0.383515539685,0
20305,0.736769965823,0
20306,0.849266455457,0
20307,0.56481392338,0
20308,0.940588447493,0
20309,0.572061886917,0
20310,1.02684503303,0
20311,0.778657932256,0
20312,0.909869529605,0
20313,0.805173204425,0
20314,0.987039866682,0
20315,1.10712608,0
20316,1.21414071662,0
20317,0.938560705963,0
20318,1.31078135341,0
20319,1.08100047326,0
20320,1.0994323984,0
20321,1.07877561037,0
20322,1.35274121104,0
20323,1.15839429073,0
20324,1.18830045119,0
20325,1.20707019899,0
20326,1.27072352162,0
20327,1.39073060996,0
20328,1.66169078513,0
20329,1.51488609428,0
20330,1.39090287571,0
20331,1.73410001793,0
20332,1.71709912487,0
20333,1.40838253348,0
20334,1.70487382693,0
20335,1.83862589856,0
20336,1.84075126061,0
20337,1.54087596758,0
20338,1.8889946827,0
20339,1.53531184554,0
20340,1.86490386864,0
20341,1.92759892307,0
20342,1.75820475463,0
20343,1.78389956001,0
20344,1.55997626814,0
20345,1.64546494188,0
20346,1.97085666266,0
20347,1.90908055063,0
20348,1.83239410468,0
20349,1.56912533029,0
20350,1.58656494483,0
20351,1.82501333413,0
20352,1.96102476008,0
20353,1.88773535825,0
20354,1.75255763436,0
20355,1.71881158853,0
20356,1.79228450744,0
20357,1.75958329179,0
20358,1.67563622198,0
20359,1.49590065062,0
20360,1.73766569151,0
20361,1.46927512518,0
20362,1.63648982131,0
20363,1.43635145115,0
20364,1.73773244255,0
20365,1.44502289587,0
20366,1.64535668537,0
20367,1.43828975738,0
20368,1.4401797376,0
20369,1.64668591601,0
20370,1.28390489385,0
20371,1.39203962469,0
20372,1.22913633711,0
20373,1.52969754171,0
20374,1.24082614729,0
20375,1.1275632093,0
20376,1.38773841713,0
20377,1.47152029087,0
20378,1.17430208395,0
20379,1.37260735794,0
20380,1.16858284756,0
20381,1.32380952702,0
20382,1.25266576075,0
20383,0.835854618214,0
20384,1.13076279152,0
20385,1.17713748841,0
20386,0.75079326012,0
20387,0.70820419915,0
20388,1.02438475486,0
20389,1.00207265904,0
20390,0.689258592306,0
20391,0.714803092676,0
20392,0.478251972852,0
20393,0.497449281248,0
20394,0.748616633479,0
20395,0.749106737149,0
20396,0.575233591673,0
20397,0.656713766517,0
20398,0.283162440232,0
20399,0.575878339442,0
20400,0.0334412100274,0
20401,0.0991635045636,0
20402,0.313424500826,0
20403,0.11591171929,0
20404,-0.0612537095286,0
20405,-0.211903633619,0
20406,0.0640602230833,0
20407,-0.30297124675,0
20408,-0.231723366917,0
20409,-0.190035911496,0
20410,-0.0483699599302,0
20411,-0.303850959323,0
20412,-0.21748713504,0
20413,-0.437404857136,0
20414,-0.542515012459,0
20415,-0.266618520898,0
20416,-0.514745086511,0
20417,-0.728604274987,0
20418,-0.724218488842,0
20419,-0.558281312774,0
20420,-0.446082709938,0
20421,-0.812644172416,0
20422,-0.713571503502,0
20423,-0.943515024549,0
20424,-0.975627621705,0
20425,-0.625639784478,0
20426,-0.689218468455,0
20427,-0.648438363578,0
20428,-0.720317412772,0
20429,-0.756205945426,0
20430,-0.947329809731,0
20431,-1.06466490186,0
20432,-1.07382611168,0
20433,-0.859252244006,0
20434,-1.23915513175,0
20435,-1.26035269485,0
20436,-0.865419241107,0
20437,-1.15748975065,0
20438,-1.21347698434,0
20439,-1.32004506492,0
20440,-1.34551064221,0
20441,-0.941894073957,0
20442,-1.31389239893,0
20443,-1.35709495698,0
20444,-1.07380381942,0
20445,-1.05405984129,0
20446,-1.16466016196,0
20447,-1.03652291449,0
20448,-1.23834942152,0
20449,-1.37620399903,0
20450,-1.24695425334,0
20451,-0.994573581137,0
20452,-1.41066890521,0
20453,-1.26518962326,0
20454,-1.38213889964,0
20455,-1.12295815652,0
20456,-1.38467784691,0
20457,-0.993411018708,0
20458,-1.11093237488,0
20459,-1.26347487975,0
20460,-1.34099641685,0
20461,-1.02398099082,0
20462,-0.906284057491,0
20463,-0.894352867396,0
20464,-0.918137868799,0
20465,-0.943380640832,0
20466,-1.08598135748,0
20467,-0.91479890216,0
20468,-0.792002003073,0
20469,-1.00273148072,0
20470,-1.10192054581,0
20471,-0.784909840499,0
20472,-0.759664675666,0
20473,-0.759805912995,0
20474,-0.915114554605,0
20475,-0.98037146831,0
20476,-0.760180704685,0
20477,-0.733747209924,0
20478,-0.605548431726,0
20479,-0.741211311478,0
20480,-0.812845045136,0
20481,-0.78434511633,0
20482,-0.374487387815,0
20483,-0.318019205933,0
20484,-0.663417586841,0
20485,-0.213489591681,0
20486,-0.272789826496,0
20487,-0.137225707149,0
20488,-0.180129803193,0
20489,-0.0560987834536,0
20490,-0.036515663267,0
20491,-0.381332438987,0
20492,-0.162339159631,0
20493,-0.0696112256059,0
20494,-0.232190690899,0
20495,-0.109795184798,0
20496,-0.167459508059,0
20497,0.184169433058,0
20498,0.317203226454,0
20499,0.186995428841,0
20500,0.0688636483979,0
20501,0.301673262145,0
20502,0.322800895152,0
20503,0.205907614094,0
20504,0.211130753626,0
20505,0.564385179763,0
20506,0.676881669398,0
20507,0.392429137321,0
20508,0.768203661434,0
20509,0.399677100858,0
20510,0.85446024697,0
20511,0.606273146197,0
20512,0.737484743546,0
20513,0.632788418366,0
20514,0.814655080623,0
20515,0.934741293941,0
20516,1.04175593057,0
20517,0.766175919904,0
20518,1.13839656735,0
20519,0.908615687205,0
20520,0.927047612341,0
20521,0.906390824313,0
20522,1.18035642498,0
20523,0.98600950467,0
20524,1.01591566513,0
20525,1.03468541293,0
20526,1.09833873557,0
20527,1.2183458239,0
20528,1.48930599907,0
20529,1.34250130822,0
20530,1.21851808965,0
20531,1.56171523187,0
20532,1.54471433881,0
20533,1.23599774742,0
20534,1.53248904087,0
20535,1.6662411125,0
20536,1.66836647455,0
20537,1.36849118152,0
20538,1.71660989664,0
20539,1.36292705948,0
20540,1.69251908258,0
20541,1.75521413701,0
20542,1.58581996857,0
20543,1.61151477395,0
20544,1.38759148208,0
20545,1.47308015582,0
20546,1.7984718766,0
20547,1.73669576457,0
20548,1.66000931862,0
20549,1.39674054424,0
20550,1.41418015877,0
20551,1.65262854807,0
20552,1.78863997402,0
20553,1.71535057219,0
20554,1.5801728483,0
20555,1.54642680248,0
20556,1.61989972139,0
20557,1.58719850573,0
20558,1.50325143592,0
20559,1.32351586456,0
20560,1.56528090545,0
20561,1.29689033912,0
20562,1.46410503525,0
20563,1.26396666509,0
20564,1.56534765649,0
20565,1.27263810981,0
20566,1.47297189931,0
20567,1.26590497132,0
20568,1.26779495154,0
20569,1.47430112995,0
20570,1.11152010779,0
20571,1.21965483863,0
20572,1.05675155105,0
20573,1.35731275565,0
20574,1.06844136123,0
20575,0.95517842324,0
20576,1.21535363107,0
20577,1.29913550481,0
20578,1.00191729789,0
20579,1.20022257188,0
20580,0.996198061499,0
20581,1.15142474096,0
20582,1.08028097469,0
20583,0.663469832154,0
20584,0.95837800546,0
20585,1.00475270235,0
20586,0.578408474061,0
20587,0.535819413091,0
20588,0.851999968802,0
20589,0.82968787298,0
20590,0.516873806247,0
20591,0.542418306617,0
20592,0.305867186793,0
20593,0.325064495188,0
20594,0.57623184742,0
20595,0.57672195109,0
20596,0.402848805614,0
20597,0.484328980458,0
20598,0.110777654173,0
20599,0.403493553383,0
20600,0.00506474864014,0
20601,0.0707870431763,0
20602,0.285048039438,0
20603,0.0875352579026,0
20604,-0.0896301709159,0
20605,-0.240280095006,0
20606,0.035683761696,0
20607,-0.331347708137,0
20608,-0.260099828305,0
20609,-0.218412372883,0
20610,-0.0767464213175,0
20611,-0.33222742071,0
20612,-0.245863596427,0
20613,-0.465781318523,0
20614,-0.570891473846,0
20615,-0.294994982285,0
20616,-0.543121547898,0
20617,-0.756980736374,0
20618,-0.75259495023,0
20619,-0.586657774162,0
20620,-0.474459171325,0
20621,-0.841020633803,0
20622,-0.741947964889,0
20623,-0.971891485936,0
20624,-1.00400408309,0
20625,-0.654016245865,0
20626,-0.717594929843,0
20627,-0.676814824965,0
20628,-0.748693874159,0
20629,-0.784582406813,0
20630,-0.975706271119,0
20631,-1.09304136325,0
20632,-1.10220257307,0
20633,-0.887628705393,0
20634,-1.26753159313,0
20635,-1.28872915623,0
20636,-0.893795702494,0
20637,-1.18586621204,0
20638,-1.24185344572,0
20639,-1.3484215263,0
20640,-1.3738871036,0
20641,-0.970270535344,0
20642,-1.34226886032,0
20643,-1.38547141837,0
20644,-1.1021802808,0
20645,-1.08243630267,0
20646,-1.19303662335,0
20647,-1.06489937587,0
20648,-1.2667258829,0
20649,-1.40458046042,0
20650,-1.27533071473,0
20651,-1.02295004252,0
20652,-1.4390453666,0
20653,-1.29356608465,0
20654,-1.41051536103,0
20655,-1.15133461791,0
20656,-1.4130543083,0
20657,-1.0217874801,0
20658,-1.13930883626,0
20659,-1.29185134114,0
20660,-1.36937287824,0
20661,-1.05235745221,0
20662,-0.934660518878,0
20663,-0.922729328784,0
20664,-0.946514330186,0
20665,-0.971757102219,0
20666,-1.11435781886,0
20667,-0.943175363547,0
20668,-0.82037846446,0
20669,-1.03110794211,0
20670,-1.1302970072,0
20671,-0.813286301886,0
20672,-0.788041137054,0
20673,-0.788182374382,0
20674,-0.943491015992,0
20675,-1.0087479297,0
20676,-0.788557166072,0
20677,-0.762123671312,0
20678,-0.633924893113,0
20679,-0.769587772865,0
20680,-0.841221506523,0
20681,-0.812721577717,0
20682,-0.402863849202,0
20683,-0.34639566732,0
20684,-0.691794048229,0
20685,-0.241866053068,0
20686,-0.301166287883,0
20687,-0.165602168536,0
20688,-0.208506264581,0
20689,-0.0844752448409,0
20690,-0.0648921246543,0
20691,-0.409708900374,0
20692,-0.190715621018,0
20693,-0.0979876869932,0
20694,-0.260567152286,0
20695,-0.138171646185,0
20696,-0.195835969446,0
20697,0.15579297167,0
20698,0.288826765067,0
20699,0.158618967454,0
20700,0.0404871870106,0
20701,0.273296800758,0
20702,0.294424433765,0
20703,0.177531152706,0
20704,0.182754292238,0
20705,0.536008718376,0
20706,0.64850520801,0
20707,0.364052675934,0
20708,0.739827200047,0
20709,0.37130063947,0
20710,0.826083785583,0
20711,0.57789668481,0
20712,0.709108282159,0
20713,0.604411956979,0
20714,0.786278619235,0
20715,0.906364832554,0
20716,1.01337946918,0
20717,0.737799458516,0
20718,1.11002010596,0
20719,0.880239225818,0
20720,0.898671150954,0
20721,0.878014362925,0
20722,1.15197996359,0
20723,0.957633043282,0
20724,0.987539203741,0
20725,1.00630895155,0
20726,1.06996227418,0
20727,1.18996936252,0
20728,1.46092953768,0
20729,1.31412484683,0
20730,1.19014162826,0
20731,1.53333877049,0
20732,1.51633787742,0
20733,1.20762128603,0
20734,1.50411257949,0
20735,1.63786465111,0
20736,1.63999001316,0
20737,1.34011472013,0
20738,1.68823343525,0
20739,1.33455059809,0
20740,1.6641426212,0
20741,1.72683767563,0
20742,1.55744350718,0
20743,1.58313831257,0
20744,1.3592150207,0
20745,1.44470369443,0
20746,1.77009541521,0
20747,1.70831930318,0
20748,1.63163285724,0
20749,1.36836408285,0
20750,1.38580369739,0
20751,1.62425208668,0
20752,1.76026351264,0
20753,1.6869741108,0
20754,1.55179638691,0
20755,1.51805034109,0
20756,1.59152326,0
20757,1.55882204435,0
20758,1.47487497453,0
20759,1.29513940318,0
20760,1.53690444406,0
20761,1.26851387774,0
20762,1.43572857386,0
20763,1.2355902037,0
20764,1.53697119511,0
20765,1.24426164842,0
20766,1.44459543792,0
20767,1.23752850993,0
20768,1.23941849015,0
20769,1.44592466856,0
20770,1.0831436464,0
20771,1.19127837725,0
20772,1.02837508966,0
20773,1.32893629427,0
20774,1.04006489984,0
20775,0.926801961853,0
20776,1.18697716969,0
20777,1.27075904342,0
20778,0.973540836501,0
20779,1.17184611049,0
20780,0.967821600112,0
20781,1.12304827957,0
20782,1.0519045133,0
20783,0.635093370767,0
20784,0.930001544073,0
20785,0.976376240962,0
20786,0.550032012674,0
20787,0.507442951704,0
20788,0.823623507415,0
20789,0.801311411593,0
20790,0.488497344859,0
20791,0.51404184523,0
20792,0.277490725406,0
20793,0.296688033801,0
20794,0.547855386033,0
20795,0.548345489702,0
20796,0.374472344227,0
20797,0.45595251907,0
20798,0.0824011927859,0
20799,0.375117091996,0
20800,-0.039485876845,0
20801,0.0262364176912,0
20802,0.240497413953,0
20803,0.0429846324175,0
20804,-0.134180796401,0
20805,-0.284830720492,0
20806,-0.00886686378906,0
20807,-0.375898333622,0
20808,-0.30465045379,0
20809,-0.262962998368,0
20810,-0.121297046803,0
20811,-0.376778046195,0
20812,-0.290414221912,0
20813,-0.510331944008,0
20814,-0.615442099331,0
20815,-0.33954560777,0
20816,-0.587672173383,0
20817,-0.801531361859,0
20818,-0.797145575715,0
20819,-0.631208399647,0
20820,-0.519009796811,0
20821,-0.885571259288,0
20822,-0.786498590374,0
20823,-1.01644211142,0
20824,-1.04855470858,0
20825,-0.69856687135,0
20826,-0.762145555328,0
20827,-0.72136545045,0
20828,-0.793244499644,0
20829,-0.829133032298,0
20830,-1.0202568966,0
20831,-1.13759198873,0
20832,-1.14675319855,0
20833,-0.932179330878,0
20834,-1.31208221862,0
20835,-1.33327978172,0
20836,-0.93834632798,0
20837,-1.23041683752,0
20838,-1.28640407121,0
20839,-1.39297215179,0
20840,-1.41843772908,0
20841,-1.01482116083,0
20842,-1.38681948581,0
20843,-1.43002204386,0
20844,-1.14673090629,0
20845,-1.12698692816,0
20846,-1.23758724883,0
20847,-1.10945000136,0
20848,-1.31127650839,0
20849,-1.4491310859,0
20850,-1.31988134022,0
20851,-1.06750066801,0
20852,-1.48359599208,0
20853,-1.33811671013,0
20854,-1.45506598651,0
20855,-1.19588524339,0
20856,-1.45760493379,0
20857,-1.06633810558,0
20858,-1.18385946175,0
20859,-1.33640196662,0
20860,-1.41392350373,0
20861,-1.09690807769,0
20862,-0.979211144363,0
20863,-0.967279954269,0
20864,-0.991064955671,0
20865,-1.0163077277,0
20866,-1.15890844435,0
20867,-0.987725989032,0
20868,-0.864929089945,0
20869,-1.07565856759,0
20870,-1.17484763269,0
20871,-0.857836927371,0
20872,-0.832591762539,0
20873,-0.832732999867,0
20874,-0.988041641477,0
20875,-1.05329855518,0
20876,-0.833107791557,0
20877,-0.806674296797,0
20878,-0.678475518598,0
20879,-0.81413839835,0
20880,-0.885772132009,0
20881,-0.857272203202,0
20882,-0.447414474688,0
20883,-0.390946292805,0
20884,-0.736344673714,0
20885,-0.286416678553,0
20886,-0.345716913368,0
20887,-0.210152794021,0
20888,-0.253056890066,0
20889,-0.129025870326,0
20890,-0.109442750139,0
20891,-0.454259525859,0
20892,-0.235266246504,0
20893,-0.142538312478,0
20894,-0.305117777771,0
20895,-0.18272227167,0
20896,-0.240386594931,0
20897,0.111242346185,0
20898,0.244276139582,0
20899,0.114068341969,0
20900,-0.0040634384745,0
20901,0.228746175273,0
20902,0.24987380828,0
20903,0.132980527221,0
20904,0.138203666753,0
20905,0.491458092891,0
20906,0.603954582525,0
20907,0.319502050449,0
20908,0.695276574561,0
20909,0.326750013985,0
20910,0.781533160098,0
20911,0.533346059325,0
20912,0.664557656674,0
20913,0.559861331494,0
20914,0.74172799375,0
20915,0.861814207069,0
20916,0.968828843693,0
20917,0.693248833031,0
20918,1.06546948048,0
20919,0.835688600333,0
20920,0.854120525469,0
20921,0.83346373744,0
20922,1.10742933811,0
20923,0.913082417797,0
20924,0.942988578256,0
20925,0.961758326061,0
20926,1.02541164869,0
20927,1.14541873703,0
20928,1.4163789122,0
20929,1.26957422135,0
20930,1.14559100278,0
20931,1.488788145,0
20932,1.47178725194,0
20933,1.16307066055,0
20934,1.459561954,0
20935,1.59331402563,0
20936,1.59543938768,0
20937,1.29556409464,0
20938,1.64368280977,0
20939,1.2899999726,0
20940,1.61959199571,0
20941,1.68228705014,0
20942,1.51289288169,0
20943,1.53858768708,0
20944,1.31466439521,0
20945,1.40015306895,0
20946,1.72554478973,0
20947,1.6637686777,0
20948,1.58708223175,0
20949,1.32381345736,0
20950,1.3412530719,0
20951,1.57970146119,0
20952,1.71571288715,0
20953,1.64242348532,0
20954,1.50724576143,0
20955,1.4734997156,0
20956,1.54697263451,0
20957,1.51427141886,0
20958,1.43032434904,0
20959,1.25058877769,0
20960,1.49235381857,0
20961,1.22396325225,0
20962,1.39117794837,0
20963,1.19103957821,0
20964,1.49242056962,0
20965,1.19971102294,0
20966,1.40004481244,0
20967,1.19297788444,0
20968,1.19486786466,0
20969,1.40137404307,0
20970,1.03859302092,0
20971,1.14672775176,0
20972,0.983824464177,0
20973,1.28438566878,0
20974,0.995514274355,0
20975,0.882251336368,0
20976,1.1424265442,0
20977,1.22620841794,0
20978,0.928990211016,0
20979,1.127295485,0
20980,0.923270974627,0
20981,1.07849765408,0
20982,1.00735388782,0
20983,0.590542745282,0
20984,0.885450918588,0
20985,0.931825615477,0
20986,0.505481387189,0
20987,0.462892326218,0
20988,0.77907288193,0
20989,0.756760786108,0
20990,0.443946719374,0
20991,0.469491219745,0
20992,0.232940099921,0
20993,0.252137408316,0
20994,0.503304760548,0
20995,0.503794864217,0
20996,0.329921718742,0
20997,0.411401893585,0
20998,0.0378505673008,0
20999,0.330566466511,0
21000,-0.0114630263912,0
21001,0.054259268145,0
21002,0.268520264407,0
21003,0.0710074828713,0
21004,-0.106157945947,0
21005,-0.256807870038,0
21006,0.0191559866647,0
21007,-0.347875483168,0
21008,-0.276627603336,0
21009,-0.234940147914,0
21010,-0.0932741963488,0
21011,-0.348755195741,0
21012,-0.262391371459,0
21013,-0.482309093554,0
21014,-0.587419248877,0
21015,-0.311522757317,0
21016,-0.55964932293,0
21017,-0.773508511405,0
21018,-0.769122725261,0
21019,-0.603185549193,0
21020,-0.490986946357,0
21021,-0.857548408835,0
21022,-0.75847573992,0
21023,-0.988419260968,0
21024,-1.02053185812,0
21025,-0.670544020896,0
21026,-0.734122704874,0
21027,-0.693342599996,0
21028,-0.76522164919,0
21029,-0.801110181844,0
21030,-0.99223404615,0
21031,-1.10956913828,0
21032,-1.1187303481,0
21033,-0.904156480425,0
21034,-1.28405936816,0
21035,-1.30525693127,0
21036,-0.910323477526,0
21037,-1.20239398707,0
21038,-1.25838122076,0
21039,-1.36494930133,0
21040,-1.39041487863,0
21041,-0.986798310375,0
21042,-1.35879663535,0
21043,-1.4019991934,0
21044,-1.11870805583,0
21045,-1.0989640777,0
21046,-1.20956439838,0
21047,-1.08142715091,0
21048,-1.28325365794,0
21049,-1.42110823545,0
21050,-1.29185848976,0
21051,-1.03947781756,0
21052,-1.45557314163,0
21053,-1.31009385968,0
21054,-1.42704313606,0
21055,-1.16786239294,0
21056,-1.42958208333,0
21057,-1.03831525513,0
21058,-1.1558366113,0
21059,-1.30837911617,0
21060,-1.38590065327,0
21061,-1.06888522724,0
21062,-0.951188293909,0
21063,-0.939257103815,0
21064,-0.963042105217,0
21065,-0.98828487725,0
21066,-1.13088559389,0
21067,-0.959703138578,0
21068,-0.836906239491,0
21069,-1.04763571714,0
21070,-1.14682478223,0
21071,-0.829814076917,0
21072,-0.804568912085,0
21073,-0.804710149413,0
21074,-0.960018791024,0
21075,-1.02527570473,0
21076,-0.805084941103,0
21077,-0.778651446343,0
21078,-0.650452668145,0
21079,-0.786115547896,0
21080,-0.857749281555,0
21081,-0.829249352748,0
21082,-0.419391624234,0
21083,-0.362923442351,0
21084,-0.70832182326,0
21085,-0.2583938281,0
21086,-0.317694062914,0
21087,-0.182129943567,0
21088,-0.225034039612,0
21089,-0.101003019872,0
21090,-0.0814198996856,0
21091,-0.426236675405,0
21092,-0.20724339605,0
21093,-0.114515462025,0
21094,-0.277094927317,0
21095,-0.154699421216,0
21096,-0.212363744478,0
21097,0.139265196639,0
21098,0.272298990036,0
21099,0.142091192423,0
21100,0.0239594119793,0
21101,0.256769025727,0
21102,0.277896658733,0
21103,0.161003377675,0
21104,0.166226517207,0
21105,0.519480943345,0
21106,0.631977432979,0
21107,0.347524900902,0
21108,0.723299425015,0
21109,0.354772864439,0
21110,0.809556010552,0
21111,0.561368909779,0
21112,0.692580507128,0
21113,0.587884181948,0
21114,0.769750844204,0
21115,0.889837057523,0
21116,0.996851694147,0
21117,0.721271683485,0
21118,1.09349233093,0
21119,0.863711450786,0
21120,0.882143375923,0
21121,0.861486587894,0
21122,1.13545218856,0
21123,0.941105268251,0
21124,0.97101142871,0
21125,0.989781176515,0
21126,1.05343449915,0
21127,1.17344158748,0
21128,1.44440176265,0
21129,1.2975970718,0
21130,1.17361385323,0
21131,1.51681099545,0
21132,1.49981010239,0
21133,1.191093511,0
21134,1.48758480446,0
21135,1.62133687608,0
21136,1.62346223813,0
21137,1.3235869451,0
21138,1.67170566022,0
21139,1.31802282306,0
21140,1.64761484617,0
21141,1.7103099006,0
21142,1.54091573215,0
21143,1.56661053754,0
21144,1.34268724567,0
21145,1.4281759194,0
21146,1.75356764018,0
21147,1.69179152815,0
21148,1.61510508221,0
21149,1.35183630782,0
21150,1.36927592236,0
21151,1.60772431165,0
21152,1.74373573761,0
21153,1.67044633577,0
21154,1.53526861188,0
21155,1.50152256606,0
21156,1.57499548497,0
21157,1.54229426931,0
21158,1.4583471995,0
21159,1.27861162814,0
21160,1.52037666903,0
21161,1.2519861027,0
21162,1.41920079883,0
21163,1.21906242867,0
21164,1.52044342007,0
21165,1.22773387339,0
21166,1.42806766289,0
21167,1.2210007349,0
21168,1.22289071512,0
21169,1.42939689353,0
21170,1.06661587137,0
21171,1.17475060222,0
21172,1.01184731463,0
21173,1.31240851924,0
21174,1.02353712481,0
21175,0.910274186821,0
21176,1.17044939466,0
21177,1.25423126839,0
21178,0.957013061469,0
21179,1.15531833546,0
21180,0.951293825081,0
21181,1.10652050454,0
21182,1.03537673827,0
21183,0.618565595736,0
21184,0.913473769041,0
21185,0.959848465931,0
21186,0.533504237643,0
21187,0.490915176672,0
21188,0.807095732384,0
21189,0.784783636562,0
21190,0.471969569828,0
21191,0.497514070198,0
21192,0.260962950375,0
21193,0.28016025877,0
21194,0.531327611001,0
21195,0.531817714671,0
21196,0.357944569196,0
21197,0.439424744039,0
21198,0.0658734177546,0
21199,0.358589316964,0
21200,-0.0938119405822,0
21201,-0.028089646046,0
21202,0.186171350216,0
21203,-0.0113414313197,0
21204,-0.188506860138,0
21205,-0.339156784229,0
21206,-0.0631929275263,0
21207,-0.430224397359,0
21208,-0.358976517527,0
21209,-0.317289062105,0
21210,-0.17562311054,0
21211,-0.431104109932,0
21212,-0.34474028565,0
21213,-0.564658007745,0
21214,-0.669768163068,0
21215,-0.393871671508,0
21216,-0.641998237121,0
21217,-0.855857425596,0
21218,-0.851471639452,0
21219,-0.685534463384,0
21220,-0.573335860548,0
21221,-0.939897323026,0
21222,-0.840824654111,0
21223,-1.07076817516,0
21224,-1.10288077232,0
21225,-0.752892935087,0
21226,-0.816471619065,0
21227,-0.775691514187,0
21228,-0.847570563381,0
21229,-0.883459096036,0
21230,-1.07458296034,0
21231,-1.19191805247,0
21232,-1.20107926229,0
21233,-0.986505394616,0
21234,-1.36640828235,0
21235,-1.38760584546,0
21236,-0.992672391717,0
21237,-1.28474290126,0
21238,-1.34073013495,0
21239,-1.44729821552,0
21240,-1.47276379282,0
21241,-1.06914722457,0
21242,-1.44114554954,0
21243,-1.48434810759,0
21244,-1.20105697003,0
21245,-1.18131299189,0
21246,-1.29191331257,0
21247,-1.1637760651,0
21248,-1.36560257213,0
21249,-1.50345714964,0
21250,-1.37420740395,0
21251,-1.12182673175,0
21252,-1.53792205582,0
21253,-1.39244277387,0
21254,-1.50939205025,0
21255,-1.25021130713,0
21256,-1.51193099752,0
21257,-1.12066416932,0
21258,-1.23818552549,0
21259,-1.39072803036,0
21260,-1.46824956746,0
21261,-1.15123414143,0
21262,-1.0335372081,0
21263,-1.02160601801,0
21264,-1.04539101941,0
21265,-1.07063379144,0
21266,-1.21323450809,0
21267,-1.04205205277,0
21268,-0.919255153682,0
21269,-1.12998463133,0
21270,-1.22917369642,0
21271,-0.912162991108,0
21272,-0.886917826276,0
21273,-0.887059063604,0
21274,-1.04236770521,0
21275,-1.10762461892,0
21276,-0.887433855294,0
21277,-0.861000360534,0
21278,-0.732801582336,0
21279,-0.868464462087,0
21280,-0.940098195746,0
21281,-0.911598266939,0
21282,-0.501740538425,0
21283,-0.445272356542,0
21284,-0.790670737451,0
21285,-0.340742742291,0
21286,-0.400042977105,0
21287,-0.264478857758,0
21288,-0.307382953803,0
21289,-0.183351934063,0
21290,-0.163768813877,0
21291,-0.508585589596,0
21292,-0.289592310241,0
21293,-0.196864376216,0
21294,-0.359443841508,0
21295,-0.237048335408,0
21296,-0.294712658669,0
21297,0.056916282448,0
21298,0.189950075845,0
21299,0.0597422782317,0
21300,-0.0583895022117,0
21301,0.174420111536,0
21302,0.195547744542,0
21303,0.0786544634841,0
21304,0.083877603016,0
21305,0.437132029154,0
21306,0.549628518788,0
21307,0.265175986711,0
21308,0.640950510824,0
21309,0.272423950248,0
21310,0.727207096361,0
21311,0.479019995588,0
21312,0.610231592937,0
21313,0.505535267757,0
21314,0.687401930013,0
21315,0.807488143332,0
21316,0.914502779956,0
21317,0.638922769294,0
21318,1.01114341674,0
21319,0.781362536595,0
21320,0.799794461732,0
21321,0.779137673703,0
21322,1.05310327437,0
21323,0.85875635406,0
21324,0.888662514519,0
21325,0.907432262324,0
21326,0.971085584956,0
21327,1.09109267329,0
21328,1.36205284846,0
21329,1.21524815761,0
21330,1.09126493904,0
21331,1.43446208126,0
21332,1.4174611882,0
21333,1.10874459681,0
21334,1.40523589027,0
21335,1.53898796189,0
21336,1.54111332394,0
21337,1.24123803091,0
21338,1.58935674603,0
21339,1.23567390887,0
21340,1.56526593197,0
21341,1.6279609864,0
21342,1.45856681796,0
21343,1.48426162334,0
21344,1.26033833147,0
21345,1.34582700521,0
21346,1.67121872599,0
21347,1.60944261396,0
21348,1.53275616801,0
21349,1.26948739363,0
21350,1.28692700816,0
21351,1.52537539746,0
21352,1.66138682341,0
21353,1.58809742158,0
21354,1.45291969769,0
21355,1.41917365187,0
21356,1.49264657078,0
21357,1.45994535512,0
21358,1.37599828531,0
21359,1.19626271395,0
21360,1.43802775484,0
21361,1.16963718851,0
21362,1.33685188464,0
21363,1.13671351448,0
21364,1.43809450588,0
21365,1.1453849592,0
21366,1.3457187487,0
21367,1.13865182071,0
21368,1.14054180093,0
21369,1.34704797934,0
21370,0.984266957179,0
21371,1.09240168802,0
21372,0.929498400439,0
21373,1.23005960504,0
21374,0.941188210618,0
21375,0.82792527263,0
21376,1.08810048046,0
21377,1.1718823542,0
21378,0.874664147278,0
21379,1.07296942127,0
21380,0.86894491089,0
21381,1.02417159035,0
21382,0.953027824078,0
21383,0.536216681545,0
21384,0.83112485485,0
21385,0.87749955174,0
21386,0.451155323452,0
21387,0.408566262481,0
21388,0.724746818193,0
21389,0.702434722371,0
21390,0.389620655637,0
21391,0.415165156007,0
21392,0.178614036184,0
21393,0.197811344579,0
21394,0.44897869681,0
21395,0.44946880048,0
21396,0.275595655004,0
21397,0.357075829848,0
21398,-0.0164754964364,0
21399,0.276240402773,0
21400,-0.0521712610713,0
21401,0.0135510334649,0
21402,0.227812029727,0
21403,0.0302992481912,0
21404,-0.146866180627,0
21405,-0.297516104718,0
21406,-0.0215522480154,0
21407,-0.388583717848,0
21408,-0.317335838016,0
21409,-0.275648382594,0
21410,-0.133982431029,0
21411,-0.389463430421,0
21412,-0.303099606139,0
21413,-0.523017328234,0
21414,-0.628127483557,0
21415,-0.352230991997,0
21416,-0.60035755761,0
21417,-0.814216746085,0
21418,-0.809830959941,0
21419,-0.643893783873,0
21420,-0.531695181037,0
21421,-0.898256643515,0
21422,-0.799183974601,0
21423,-1.02912749565,0
21424,-1.0612400928,0
21425,-0.711252255576,0
21426,-0.774830939554,0
21427,-0.734050834676,0
21428,-0.805929883871,0
21429,-0.841818416525,0
21430,-1.03294228083,0
21431,-1.15027737296,0
21432,-1.15943858278,0
21433,-0.944864715105,0
21434,-1.32476760284,0
21435,-1.34596516595,0
21436,-0.951031712206,0
21437,-1.24310222175,0
21438,-1.29908945544,0
21439,-1.40565753601,0
21440,-1.43112311331,0
21441,-1.02750654506,0
21442,-1.39950487003,0
21443,-1.44270742808,0
21444,-1.15941629051,0
21445,-1.13967231238,0
21446,-1.25027263306,0
21447,-1.12213538559,0
21448,-1.32396189262,0
21449,-1.46181647013,0
21450,-1.33256672444,0
21451,-1.08018605224,0
21452,-1.49628137631,0
21453,-1.35080209436,0
21454,-1.46775137074,0
21455,-1.20857062762,0
21456,-1.47029031801,0
21457,-1.07902348981,0
21458,-1.19654484598,0
21459,-1.34908735085,0
21460,-1.42660888795,0
21461,-1.10959346192,0
21462,-0.991896528589,0
21463,-0.979965338495,0
21464,-1.0037503399,0
21465,-1.02899311193,0
21466,-1.17159382857,0
21467,-1.00041137326,0
21468,-0.877614474172,0
21469,-1.08834395182,0
21470,-1.18753301691,0
21471,-0.870522311597,0
21472,-0.845277146765,0
21473,-0.845418384094,0
21474,-1.0007270257,0
21475,-1.06598393941,0
21476,-0.845793175783,0
21477,-0.819359681023,0
21478,-0.691160902825,0
21479,-0.826823782577,0
21480,-0.898457516235,0
21481,-0.869957587428,0
21482,-0.460099858914,0
21483,-0.403631677031,0
21484,-0.74903005794,0
21485,-0.29910206278,0
21486,-0.358402297594,0
21487,-0.222838178247,0
21488,-0.265742274292,0
21489,-0.141711254552,0
21490,-0.122128134366,0
21491,-0.466944910085,0
21492,-0.24795163073,0
21493,-0.155223696705,0
21494,-0.317803161998,0
21495,-0.195407655897,0
21496,-0.253071979158,0
21497,0.0985569619589,0
21498,0.231590755356,0
21499,0.101382957743,0
21500,-0.0167488227008,0
21501,0.216060791047,0
21502,0.237188424053,0
21503,0.120295142995,0
21504,0.125518282527,0
21505,0.478772708665,0
21506,0.591269198299,0
21507,0.306816666222,0
21508,0.682591190335,0
21509,0.314064629759,0
21510,0.768847775871,0
21511,0.520660675098,0
21512,0.651872272448,0
21513,0.547175947267,0
21514,0.729042609524,0
21515,0.849128822842,0
21516,0.956143459467,0
21517,0.680563448805,0
21518,1.05278409625,0
21519,0.823003216106,0
21520,0.841435141242,0
21521,0.820778353214,0
21522,1.09474395388,0
21523,0.900397033571,0
21524,0.930303194029,0
21525,0.949072941835,0
21526,1.01272626447,0
21527,1.1327333528,0
21528,1.40369352797,0
21529,1.25688883712,0
21530,1.13290561855,0
21531,1.47610276077,0
21532,1.45910186771,0
21533,1.15038527632,0
21534,1.44687656978,0
21535,1.5806286414,0
21536,1.58275400345,0
21537,1.28287871042,0
21538,1.63099742554,0
21539,1.27731458838,0
21540,1.60690661149,0
21541,1.66960166592,0
21542,1.50020749747,0
21543,1.52590230286,0
21544,1.30197901099,0
21545,1.38746768472,0
21546,1.7128594055,0
21547,1.65108329347,0
21548,1.57439684753,0
21549,1.31112807314,0
21550,1.32856768768,0
21551,1.56701607697,0
21552,1.70302750293,0
21553,1.62973810109,0
21554,1.4945603772,0
21555,1.46081433138,0
21556,1.53428725029,0
21557,1.50158603463,0
21558,1.41763896482,0
21559,1.23790339346,0
21560,1.47966843435,0
21561,1.21127786802,0
21562,1.37849256415,0
21563,1.17835419399,0
21564,1.47973518539,0
21565,1.18702563871,0
21566,1.38735942821,0
21567,1.18029250022,0
21568,1.18218248044,0
21569,1.38868865885,0
21570,1.02590763669,0
21571,1.13404236754,0
21572,0.97113907995,0
21573,1.27170028456,0
21574,0.982828890129,0
21575,0.869565952141,0
21576,1.12974115998,0
21577,1.21352303371,0
21578,0.916304826789,0
21579,1.11461010078,0
21580,0.910585590401,0
21581,1.06581226986,0
21582,0.994668503589,0
21583,0.577857361056,0
21584,0.872765534361,0
21585,0.919140231251,0
21586,0.492796002962,0
21587,0.450206941992,0
21588,0.766387497704,0
21589,0.744075401882,0
21590,0.431261335148,0
21591,0.456805835518,0
21592,0.220254715694,0
21593,0.23945202409,0
21594,0.490619376321,0
21595,0.491109479991,0
21596,0.317236334515,0
21597,0.398716509359,0
21598,0.0251651830745,0
21599,0.317881082284,0
21600,-0.0945839004508,0
21601,-0.0288616059146,0
21602,0.185399390347,0
21603,-0.0121133911883,0
21604,-0.189278820007,0
21605,-0.339928744097,0
21606,-0.0639648873949,0
21607,-0.430996357228,0
21608,-0.359748477396,0
21609,-0.318061021974,0
21610,-0.176395070408,0
21611,-0.431876069801,0
21612,-0.345512245518,0
21613,-0.565429967614,0
21614,-0.670540122937,0
21615,-0.394643631376,0
21616,-0.642770196989,0
21617,-0.856629385465,0
21618,-0.85224359932,0
21619,-0.686306423253,0
21620,-0.574107820416,0
21621,-0.940669282894,0
21622,-0.84159661398,0
21623,-1.07154013503,0
21624,-1.10365273218,0
21625,-0.753664894956,0
21626,-0.817243578934,0
21627,-0.776463474056,0
21628,-0.84834252325,0
21629,-0.884231055904,0
21630,-1.07535492021,0
21631,-1.19269001234,0
21632,-1.20185122216,0
21633,-0.987277354484,0
21634,-1.36718024222,0
21635,-1.38837780533,0
21636,-0.993444351585,0
21637,-1.28551486113,0
21638,-1.34150209482,0
21639,-1.44807017539,0
21640,-1.47353575269,0
21641,-1.06991918443,0
21642,-1.44191750941,0
21643,-1.48512006746,0
21644,-1.20182892989,0
21645,-1.18208495176,0
21646,-1.29268527244,0
21647,-1.16454802497,0
21648,-1.366374532,0
21649,-1.50422910951,0
21650,-1.37497936382,0
21651,-1.12259869162,0
21652,-1.53869401569,0
21653,-1.39321473374,0
21654,-1.51016401012,0
21655,-1.250983267,0
21656,-1.51270295739,0
21657,-1.12143612919,0
21658,-1.23895748536,0
21659,-1.39149999023,0
21660,-1.46902152733,0
21661,-1.1520061013,0
21662,-1.03430916797,0
21663,-1.02237797787,0
21664,-1.04616297928,0
21665,-1.07140575131,0
21666,-1.21400646795,0
21667,-1.04282401264,0
21668,-0.920027113551,0
21669,-1.1307565912,0
21670,-1.22994565629,0
21671,-0.912934950977,0
21672,-0.887689786145,0
21673,-0.887831023473,0
21674,-1.04313966508,0
21675,-1.10839657879,0
21676,-0.888205815163,0
21677,-0.861772320402,0
21678,-0.733573542204,0
21679,-0.869236421956,0
21680,-0.940870155614,0
21681,-0.912370226808,0
21682,-0.502512498293,0
21683,-0.446044316411,0
21684,-0.79144269732,0
21685,-0.341514702159,0
21686,-0.400814936974,0
21687,-0.265250817627,0
21688,-0.308154913672,0
21689,-0.184123893932,0
21690,-0.164540773745,0
21691,-0.509357549465,0
21692,-0.290364270109,0
21693,-0.197636336084,0
21694,-0.360215801377,0
21695,-0.237820295276,0
21696,-0.295484618537,0
21697,0.0561443225794,0
21698,0.189178115976,0
21699,0.0589703183631,0
21700,-0.0591614620804,0
21701,0.173648151667,0
21702,0.194775784674,0
21703,0.0778825036154,0
21704,0.0831056431474,0
21705,0.436360069285,0
21706,0.548856558919,0
21707,0.264404026843,0
21708,0.640178550956,0
21709,0.271651990379,0
21710,0.726435136492,0
21711,0.478248035719,0
21712,0.609459633068,0
21713,0.504763307888,0
21714,0.686629970145,0
21715,0.806716183463,0
21716,0.913730820087,0
21717,0.638150809426,0
21718,1.01037145687,0
21719,0.780590576727,0
21720,0.799022501863,0
21721,0.778365713834,0
21722,1.0523313145,0
21723,0.857984394191,0
21724,0.88789055465,0
21725,0.906660302455,0
21726,0.970313625087,0
21727,1.09032071342,0
21728,1.36128088859,0
21729,1.21447619774,0
21730,1.09049297917,0
21731,1.4336901214,0
21732,1.41668922833,0
21733,1.10797263694,0
21734,1.4044639304,0
21735,1.53821600202,0
21736,1.54034136407,0
21737,1.24046607104,0
21738,1.58858478616,0
21739,1.234901949,0
21740,1.56449397211,0
21741,1.62718902654,0
21742,1.45779485809,0
21743,1.48348966348,0
21744,1.25956637161,0
21745,1.34505504534,0
21746,1.67044676612,0
21747,1.60867065409,0
21748,1.53198420815,0
21749,1.26871543376,0
21750,1.2861550483,0
21751,1.52460343759,0
21752,1.66061486355,0
21753,1.58732546171,0
21754,1.45214773782,0
21755,1.418401692,0
21756,1.49187461091,0
21757,1.45917339525,0
21758,1.37522632544,0
21759,1.19549075408,0
21760,1.43725579497,0
21761,1.16886522864,0
21762,1.33607992477,0
21763,1.13594155461,0
21764,1.43732254602,0
21765,1.14461299933,0
21766,1.34494678883,0
21767,1.13787986084,0
21768,1.13976984106,0
21769,1.34627601947,0
21770,0.983494997311,0
21771,1.09162972816,0
21772,0.928726440571,0
21773,1.22928764518,0
21774,0.940416250749,0
21775,0.827153312762,0
21776,1.0873285206,0
21777,1.17111039433,0
21778,0.87389218741,0
21779,1.0721974614,0
21780,0.868172951021,0
21781,1.02339963048,0
21782,0.95225586421,0
21783,0.535444721676,0
21784,0.830352894982,0
21785,0.876727591871,0
21786,0.450383363583,0
21787,0.407794302613,0
21788,0.723974858324,0
21789,0.701662762502,0
21790,0.388848695768,0
21791,0.414393196139,0
21792,0.177842076315,0
21793,0.19703938471,0
21794,0.448206736942,0
21795,0.448696840611,0
21796,0.274823695136,0
21797,0.356303869979,0
21798,-0.0172474563051,0
21799,0.275468442905,0
21800,-0.241434713011,0
21801,-0.175712418475,0
21802,0.0385485777869,0
21803,-0.158964203749,0
21804,-0.336129632567,0
21805,-0.486779556658,0
21806,-0.210815699955,0
21807,-0.577847169788,0
21808,-0.506599289956,0
21809,-0.464911834534,0
21810,-0.323245882969,0
21811,-0.578726882361,0
21812,-0.492363058079,0
21813,-0.712280780174,0
21814,-0.817390935497,0
21815,-0.541494443937,0
21816,-0.78962100955,0
21817,-1.00348019803,0
21818,-0.999094411881,0
21819,-0.833157235813,0
21820,-0.720958632977,0
21821,-1.08752009545,0
21822,-0.988447426541,0
21823,-1.21839094759,0
21824,-1.25050354474,0
21825,-0.900515707516,0
21826,-0.964094391494,0
21827,-0.923314286616,0
21828,-0.99519333581,0
21829,-1.03108186846,0
21830,-1.22220573277,0
21831,-1.3395408249,0
21832,-1.34870203472,0
21833,-1.13412816704,0
21834,-1.51403105478,0
21835,-1.53522861789,0
21836,-1.14029516415,0
21837,-1.43236567369,0
21838,-1.48835290738,0
21839,-1.59492098795,0
21840,-1.62038656525,0
21841,-1.216769997,0
21842,-1.58876832197,0
21843,-1.63197088002,0
21844,-1.34867974245,0
21845,-1.32893576432,0
21846,-1.439536085,0
21847,-1.31139883753,0
21848,-1.51322534456,0
21849,-1.65107992207,0
21850,-1.52183017638,0
21851,-1.26944950418,0
21852,-1.68554482825,0
21853,-1.5400655463,0
21854,-1.65701482268,0
21855,-1.39783407956,0
21856,-1.65955376995,0
21857,-1.26828694175,0
21858,-1.38580829792,0
21859,-1.53835080279,0
21860,-1.61587233989,0
21861,-1.29885691386,0
21862,-1.18115998053,0
21863,-1.16922879043,0
21864,-1.19301379184,0
21865,-1.21825656387,0
21866,-1.36085728051,0
21867,-1.1896748252,0
21868,-1.06687792611,0
21869,-1.27760740376,0
21870,-1.37679646885,0
21871,-1.05978576354,0
21872,-1.03454059871,0
21873,-1.03468183603,0
21874,-1.18999047764,0
21875,-1.25524739135,0
21876,-1.03505662772,0
21877,-1.00862313296,0
21878,-0.880424354765,0
21879,-1.01608723452,0
21880,-1.08772096817,0
21881,-1.05922103937,0
21882,-0.649363310854,0
21883,-0.592895128971,0
21884,-0.93829350988,0
21885,-0.48836551472,0
21886,-0.547665749534,0
21887,-0.412101630187,0
21888,-0.455005726232,0
21889,-0.330974706492,0
21890,-0.311391586306,0
21891,-0.656208362025,0
21892,-0.43721508267,0
21893,-0.344487148645,0
21894,-0.507066613937,0
21895,-0.384671107837,0
21896,-0.442335431098,0
21897,-0.090706489981,0
21898,0.0423273034156,0
21899,-0.0878804941973,0
21900,-0.206012274641,0
21901,0.0267973391066,0
21902,0.0479249721134,0
21903,-0.068968308945,0
21904,-0.063745169413,0
21905,0.289509256725,0
21906,0.402005746359,0
21907,0.117553214282,0
21908,0.493327738395,0
21909,0.124801177819,0
21910,0.579584323931,0
21911,0.331397223159,0
21912,0.462608820508,0
21913,0.357912495327,0
21914,0.539779157584,0
21915,0.659865370902,0
21916,0.766880007527,0
21917,0.491299996865,0
21918,0.863520644309,0
21919,0.633739764166,0
21920,0.652171689302,0
21921,0.631514901274,0
21922,0.905480501941,0
21923,0.711133581631,0
21924,0.74103974209,0
21925,0.759809489895,0
21926,0.823462812527,0
21927,0.943469900864,0
21928,1.21443007603,0
21929,1.06762538518,0
21930,0.943642166609,0
21931,1.28683930883,0
21932,1.26983841577,0
21933,0.961121824383,0
21934,1.25761311784,0
21935,1.39136518946,0
21936,1.39349055151,0
21937,1.09361525848,0
21938,1.4417339736,0
21939,1.08805113644,0
21940,1.41764315955,0
21941,1.48033821398,0
21942,1.31094404553,0
21943,1.33663885092,0
21944,1.11271555905,0
21945,1.19820423278,0
21946,1.52359595356,0
21947,1.46181984153,0
21948,1.38513339559,0
21949,1.1218646212,0
21950,1.13930423574,0
21951,1.37775262503,0
21952,1.51376405099,0
21953,1.44047464915,0
21954,1.30529692526,0
21955,1.27155087944,0
21956,1.34502379835,0
21957,1.31232258269,0
21958,1.22837551288,0
21959,1.04863994152,0
21960,1.29040498241,0
21961,1.02201441608,0
21962,1.18922911221,0
21963,0.989090742048,0
21964,1.29047173345,0
21965,0.997762186771,0
21966,1.19809597627,0
21967,0.991029048278,0
21968,0.992919028497,0
21969,1.19942520691,0
21970,0.83664418475,0
21971,0.944778915595,0
21972,0.78187562801,0
21973,1.08243683262,0
21974,0.793565438189,0
21975,0.680302500201,0
21976,0.940477708035,0
21977,1.02425958177,0
21978,0.727041374849,0
21979,0.925346648838,0
21980,0.721322138461,0
21981,0.876548817918,0
21982,0.805405051649,0
21983,0.388593909116,0
21984,0.683502082421,0
21985,0.729876779311,0
21986,0.303532551022,0
21987,0.260943490052,0
21988,0.577124045764,0
21989,0.554811949942,0
21990,0.241997883208,0
21991,0.267542383578,0
21992,0.0309912637545,0
21993,0.0501885721498,0
21994,0.301355924381,0
21995,0.301846028051,0
21996,0.127972882575,0
21997,0.209453057419,0
21998,-0.164098268865,0
21999,0.128617630344,0
22000,-0.220976960467,0
22001,-0.155254665931,0
22002,0.0590063303313,0
22003,-0.138506451204,0
22004,-0.315671880023,0
22005,-0.466321804113,0
22006,-0.190357947411,0
22007,-0.557389417244,0
22008,-0.486141537412,0
22009,-0.44445408199,0
22010,-0.302788130424,0
22011,-0.558269129817,0
22012,-0.471905305534,0
22013,-0.69182302763,0
22014,-0.796933182953,0
22015,-0.521036691392,0
22016,-0.769163257005,0
22017,-0.983022445481,0
22018,-0.978636659336,0
22019,-0.812699483269,0
22020,-0.700500880432,0
22021,-1.06706234291,0
22022,-0.967989673996,0
22023,-1.19793319504,0
22024,-1.2300457922,0
22025,-0.880057954972,0
22026,-0.94363663895,0
22027,-0.902856534072,0
22028,-0.974735583266,0
22029,-1.01062411592,0
22030,-1.20174798023,0
22031,-1.31908307236,0
22032,-1.32824428218,0
22033,-1.1136704145,0
22034,-1.49357330224,0
22035,-1.51477086534,0
22036,-1.1198374116,0
22037,-1.41190792114,0
22038,-1.46789515483,0
22039,-1.57446323541,0
22040,-1.5999288127,0
22041,-1.19631224445,0
22042,-1.56831056943,0
22043,-1.61151312748,0
22044,-1.32822198991,0
22045,-1.30847801178,0
22046,-1.41907833246,0
22047,-1.29094108498,0
22048,-1.49276759201,0
22049,-1.63062216952,0
22050,-1.50137242384,0
22051,-1.24899175163,0
22052,-1.6650870757,0
22053,-1.51960779375,0
22054,-1.63655707013,0
22055,-1.37737632701,0
22056,-1.63909601741,0
22057,-1.2478291892,0
22058,-1.36535054537,0
22059,-1.51789305024,0
22060,-1.59541458735,0
22061,-1.27839916131,0
22062,-1.16070222798,0
22063,-1.14877103789,0
22064,-1.17255603929,0
22065,-1.19779881133,0
22066,-1.34039952797,0
22067,-1.16921707265,0
22068,-1.04642017357,0
22069,-1.25714965121,0
22070,-1.35633871631,0
22071,-1.03932801099,0
22072,-1.01408284616,0
22073,-1.01422408349,0
22074,-1.1695327251,0
22075,-1.2347896388,0
22076,-1.01459887518,0
22077,-0.988165380418,0
22078,-0.85996660222,0
22079,-0.995629481972,0
22080,-1.06726321563,0
22081,-1.03876328682,0
22082,-0.628905558309,0
22083,-0.572437376427,0
22084,-0.917835757336,0
22085,-0.467907762175,0
22086,-0.52720799699,0
22087,-0.391643877643,0
22088,-0.434547973688,0
22089,-0.310516953948,0
22090,-0.290933833761,0
22091,-0.635750609481,0
22092,-0.416757330125,0
22093,-0.3240293961,0
22094,-0.486608861393,0
22095,-0.364213355292,0
22096,-0.421877678553,0
22097,-0.0702487374366,0
22098,0.06278505596,0
22099,-0.0674227416529,0
22100,-0.185554522096,0
22101,0.047255091651,0
22102,0.0683827246578,0
22103,-0.0485105564006,0
22104,-0.0432874168686,0
22105,0.309967009269,0
22106,0.422463498903,0
22107,0.138010966827,0
22108,0.51378549094,0
22109,0.145258930363,0
22110,0.600042076476,0
22111,0.351854975703,0
22112,0.483066573052,0
22113,0.378370247872,0
22114,0.560236910129,0
22115,0.680323123447,0
22116,0.787337760071,0
22117,0.51175774941,0
22118,0.883978396854,0
22119,0.654197516711,0
22120,0.672629441847,0
22121,0.651972653818,0
22122,0.925938254485,0
22123,0.731591334175,0
22124,0.761497494634,0
22125,0.780267242439,0
22126,0.843920565071,0
22127,0.963927653408,0
22128,1.23488782857,0
22129,1.08808313773,0
22130,0.964099919154,0
22131,1.30729706138,0
22132,1.29029616832,0
22133,0.981579576928,0
22134,1.27807087038,0
22135,1.41182294201,0
22136,1.41394830406,0
22137,1.11407301102,0
22138,1.46219172614,0
22139,1.10850888898,0
22140,1.43810091209,0
22141,1.50079596652,0
22142,1.33140179807,0
22143,1.35709660346,0
22144,1.13317331159,0
22145,1.21866198532,0
22146,1.54405370611,0
22147,1.48227759408,0
22148,1.40559114813,0
22149,1.14232237374,0
22150,1.15976198828,0
22151,1.39821037757,0
22152,1.53422180353,0
22153,1.4609324017,0
22154,1.32575467781,0
22155,1.29200863198,0
22156,1.36548155089,0
22157,1.33278033524,0
22158,1.24883326542,0
22159,1.06909769407,0
22160,1.31086273495,0
22161,1.04247216863,0
22162,1.20968686475,0
22163,1.00954849459,0
22164,1.310929486,0
22165,1.01821993932,0
22166,1.21855372882,0
22167,1.01148680082,0
22168,1.01337678104,0
22169,1.21988295945,0
22170,0.857101937295,0
22171,0.965236668139,0
22172,0.802333380555,0
22173,1.10289458516,0
22174,0.814023190733,0
22175,0.700760252746,0
22176,0.96093546058,0
22177,1.04471733431,0
22178,0.747499127394,0
22179,0.945804401383,0
22180,0.741779891005,0
22181,0.897006570463,0
22182,0.825862804194,0
22183,0.40905166166,0
22184,0.703959834966,0
22185,0.750334531855,0
22186,0.323990303567,0
22187,0.281401242597,0
22188,0.597581798308,0
22189,0.575269702486,0
22190,0.262455635752,0
22191,0.288000136123,0
22192,0.0514490162989,0
22193,0.0706463246942,0
22194,0.321813676926,0
22195,0.322303780595,0
22196,0.14843063512,0
22197,0.229910809963,0
22198,-0.143640516321,0
22199,0.149075382889,0
22200,-0.0211889591126,0
22201,0.0445333354236,0
22202,0.258794331686,0
22203,0.0612815501499,0
22204,-0.115883878669,0
22205,-0.266533802759,0
22206,0.00943005394332,0
22207,-0.35760141589,0
22208,-0.286353536057,0
22209,-0.244666080636,0
22210,-0.10300012907,0
22211,-0.358481128463,0
22212,-0.27211730418,0
22213,-0.492035026276,0
22214,-0.597145181599,0
22215,-0.321248690038,0
22216,-0.569375255651,0
22217,-0.783234444127,0
22218,-0.778848657982,0
22219,-0.612911481914,0
22220,-0.500712879078,0
22221,-0.867274341556,0
22222,-0.768201672642,0
22223,-0.998145193689,0
22224,-1.03025779085,0
22225,-0.680269953618,0
22226,-0.743848637595,0
22227,-0.703068532718,0
22228,-0.774947581912,0
22229,-0.810836114566,0
22230,-1.00195997887,0
22231,-1.119295071,0
22232,-1.12845628082,0
22233,-0.913882413146,0
22234,-1.29378530089,0
22235,-1.31498286399,0
22236,-0.920049410247,0
22237,-1.21211991979,0
22238,-1.26810715348,0
22239,-1.37467523406,0
22240,-1.40014081135,0
22241,-0.996524243097,0
22242,-1.36852256807,0
22243,-1.41172512612,0
22244,-1.12843398856,0
22245,-1.10869001043,0
22246,-1.2192903311,0
22247,-1.09115308363,0
22248,-1.29297959066,0
22249,-1.43083416817,0
22250,-1.30158442248,0
22251,-1.04920375028,0
22252,-1.46529907435,0
22253,-1.3198197924,0
22254,-1.43676906878,0
22255,-1.17758832566,0
22256,-1.43930801605,0
22257,-1.04804118785,0
22258,-1.16556254402,0
22259,-1.31810504889,0
22260,-1.39562658599,0
22261,-1.07861115996,0
22262,-0.960914226631,0
22263,-0.948983036536,0
22264,-0.972768037939,0
22265,-0.998010809972,0
22266,-1.14061152662,0
22267,-0.9694290713,0
22268,-0.846632172213,0
22269,-1.05736164986,0
22270,-1.15655071495,0
22271,-0.839540009639,0
22272,-0.814294844806,0
22273,-0.814436082135,0
22274,-0.969744723745,0
22275,-1.03500163745,0
22276,-0.814810873825,0
22277,-0.788377379064,0
22278,-0.660178600866,0
22279,-0.795841480618,0
22280,-0.867475214276,0
22281,-0.83897528547,0
22282,-0.429117556955,0
22283,-0.372649375073,0
22284,-0.718047755981,0
22285,-0.268119760821,0
22286,-0.327419995636,0
22287,-0.191855876289,0
22288,-0.234759972333,0
22289,-0.110728952594,0
22290,-0.091145832407,0
22291,-0.435962608127,0
22292,-0.216969328771,0
22293,-0.124241394746,0
22294,-0.286820860039,0
22295,-0.164425353938,0
22296,-0.222089677199,0
22297,0.129539263918,0
22298,0.262573057314,0
22299,0.132365259701,0
22300,0.0142334792579,0
22301,0.247043093005,0
22302,0.268170726012,0
22303,0.151277444954,0
22304,0.156500584486,0
22305,0.509755010623,0
22306,0.622251500258,0
22307,0.337798968181,0
22308,0.713573492294,0
22309,0.345046931718,0
22310,0.79983007783,0
22311,0.551642977057,0
22312,0.682854574406,0
22313,0.578158249226,0
22314,0.760024911483,0
22315,0.880111124801,0
22316,0.987125761425,0
22317,0.711545750764,0
22318,1.08376639821,0
22319,0.853985518065,0
22320,0.872417443201,0
22321,0.851760655173,0
22322,1.12572625584,0
22323,0.93137933553,0
22324,0.961285495988,0
22325,0.980055243793,0
22326,1.04370856643,0
22327,1.16371565476,0
22328,1.43467582993,0
22329,1.28787113908,0
22330,1.16388792051,0
22331,1.50708506273,0
22332,1.49008416967,0
22333,1.18136757828,0
22334,1.47785887173,0
22335,1.61161094336,0
22336,1.61373630541,0
22337,1.31386101238,0
22338,1.6619797275,0
22339,1.30829689034,0
22340,1.63788891344,0
22341,1.70058396787,0
22342,1.53118979943,0
22343,1.55688460481,0
22344,1.33296131294,0
22345,1.41844998668,0
22346,1.74384170746,0
22347,1.68206559543,0
22348,1.60537914948,0
22349,1.3421103751,0
22350,1.35954998963,0
22351,1.59799837893,0
22352,1.73400980488,0
22353,1.66072040305,0
22354,1.52554267916,0
22355,1.49179663334,0
22356,1.56526955225,0
22357,1.53256833659,0
22358,1.44862126678,0
22359,1.26888569542,0
22360,1.51065073631,0
22361,1.24226016998,0
22362,1.40947486611,0
22363,1.20933649595,0
22364,1.51071748735,0
22365,1.21800794067,0
22366,1.41834173017,0
22367,1.21127480218,0
22368,1.2131647824,0
22369,1.41967096081,0
22370,1.05688993865,0
22371,1.16502466949,0
22372,1.00212138191,0
22373,1.30268258651,0
22374,1.01381119209,0
22375,0.9005482541,0
22376,1.16072346193,0
22377,1.24450533567,0
22378,0.947287128748,0
22379,1.14559240274,0
22380,0.941567892359,0
22381,1.09679457182,0
22382,1.02565080555,0
22383,0.608839663014,0
22384,0.90374783632,0
22385,0.950122533209,0
22386,0.523778304921,0
22387,0.481189243951,0
22388,0.797369799662,0
22389,0.77505770384,0
22390,0.462243637107,0
22391,0.487788137477,0
22392,0.251237017653,0
22393,0.270434326048,0
22394,0.52160167828,0
22395,0.52209178195,0
22396,0.348218636474,0
22397,0.429698811317,0
22398,0.0561474850332,0
22399,0.348863384243,0
22400,0.0120151075421,0
22401,0.0777374020783,0
22402,0.29199839834,0
22403,0.0944856168046,0
22404,-0.0826798120139,0
22405,-0.233329736104,0
22406,0.042634120598,0
22407,-0.324397349235,0
22408,-0.253149469403,0
22409,-0.211462013981,0
22410,-0.0697960624156,0
22411,-0.325277061808,0
22412,-0.238913237525,0
22413,-0.458830959621,0
22414,-0.563941114944,0
22415,-0.288044623383,0
22416,-0.536171188996,0
22417,-0.750030377472,0
22418,-0.745644591328,0
22419,-0.57970741526,0
22420,-0.467508812423,0
22421,-0.834070274901,0
22422,-0.734997605987,0
22423,-0.964941127034,0
22424,-0.997053724191,0
22425,-0.647065886963,0
22426,-0.710644570941,0
22427,-0.669864466063,0
22428,-0.741743515257,0
22429,-0.777632047911,0
22430,-0.968755912217,0
22431,-1.08609100435,0
22432,-1.09525221417,0
22433,-0.880678346491,0
22434,-1.26058123423,0
22435,-1.28177879733,0
22436,-0.886845343593,0
22437,-1.17891585313,0
22438,-1.23490308682,0
22439,-1.3414711674,0
22440,-1.3669367447,0
22441,-0.963320176442,0
22442,-1.33531850142,0
22443,-1.37852105947,0
22444,-1.0952299219,0
22445,-1.07548594377,0
22446,-1.18608626445,0
22447,-1.05794901697,0
22448,-1.259775524,0
22449,-1.39763010152,0
22450,-1.26838035583,0
22451,-1.01599968362,0
22452,-1.43209500769,0
22453,-1.28661572574,0
22454,-1.40356500212,0
22455,-1.144384259,0
22456,-1.4061039494,0
22457,-1.01483712119,0
22458,-1.13235847736,0
22459,-1.28490098223,0
22460,-1.36242251934,0
22461,-1.0454070933,0
22462,-0.927710159976,0
22463,-0.915778969882,0
22464,-0.939563971284,0
22465,-0.964806743317,0
22466,-1.10740745996,0
22467,-0.936225004645,0
22468,-0.813428105558,0
22469,-1.0241575832,0
22470,-1.1233466483,0
22471,-0.806335942984,0
22472,-0.781090778152,0
22473,-0.78123201548,0
22474,-0.93654065709,0
22475,-1.0017975708,0
22476,-0.78160680717,0
22477,-0.75517331241,0
22478,-0.626974534211,0
22479,-0.762637413963,0
22480,-0.834271147622,0
22481,-0.805771218815,0
22482,-0.3959134903,0
22483,-0.339445308418,0
22484,-0.684843689327,0
22485,-0.234915694166,0
22486,-0.294215928981,0
22487,-0.158651809634,0
22488,-0.201555905679,0
22489,-0.077524885939,0
22490,-0.0579417657523,0
22491,-0.402758541472,0
22492,-0.183765262116,0
22493,-0.0910373280913,0
22494,-0.253616793384,0
22495,-0.131221287283,0
22496,-0.188885610544,0
22497,0.162743330572,0
22498,0.295777123969,0
22499,0.165569326356,0
22500,0.0474375459125,0
22501,0.28024715966,0
22502,0.301374792667,0
22503,0.184481511608,0
22504,0.18970465114,0
22505,0.542959077278,0
22506,0.655455566912,0
22507,0.371003034836,0
22508,0.746777558948,0
22509,0.378250998372,0
22510,0.833034144485,0
22511,0.584847043712,0
22512,0.716058641061,0
22513,0.611362315881,0
22514,0.793228978137,0
22515,0.913315191456,0
22516,1.02032982808,0
22517,0.744749817418,0
22518,1.11697046486,0
22519,0.88718958472,0
22520,0.905621509856,0
22521,0.884964721827,0
22522,1.15893032249,0
22523,0.964583402184,0
22524,0.994489562643,0
22525,1.01325931045,0
22526,1.07691263308,0
22527,1.19691972142,0
22528,1.46787989658,0
22529,1.32107520574,0
22530,1.19709198716,0
22531,1.54028912939,0
22532,1.52328823633,0
22533,1.21457164494,0
22534,1.51106293839,0
22535,1.64481501002,0
22536,1.64694037207,0
22537,1.34706507903,0
22538,1.69518379415,0
22539,1.34150095699,0
22540,1.6710929801,0
22541,1.73378803453,0
22542,1.56439386608,0
22543,1.59008867147,0
22544,1.3661653796,0
22545,1.45165405333,0
22546,1.77704577411,0
22547,1.71526966209,0
22548,1.63858321614,0
22549,1.37531444175,0
22550,1.39275405629,0
22551,1.63120244558,0
22552,1.76721387154,0
22553,1.69392446971,0
22554,1.55874674582,0
22555,1.52500069999,0
22556,1.5984736189,0
22557,1.56577240325,0
22558,1.48182533343,0
22559,1.30208976208,0
22560,1.54385480296,0
22561,1.27546423664,0
22562,1.44267893276,0
22563,1.2425405626,0
22564,1.54392155401,0
22565,1.25121200732,0
22566,1.45154579683,0
22567,1.24447886883,0
22568,1.24636884905,0
22569,1.45287502746,0
22570,1.0900940053,0
22571,1.19822873615,0
22572,1.03532544856,0
22573,1.33588665317,0
22574,1.04701525874,0
22575,0.933752320755,0
22576,1.19392752859,0
22577,1.27770940232,0
22578,0.980491195403,0
22579,1.17879646939,0
22580,0.974771959014,0
22581,1.12999863847,0
22582,1.0588548722,0
22583,0.642043729669,0
22584,0.936951902975,0
22585,0.983326599864,0
22586,0.556982371576,0
22587,0.514393310605,0
22588,0.830573866317,0
22589,0.808261770495,0
22590,0.495447703761,0
22591,0.520992204132,0
22592,0.284441084308,0
22593,0.303638392703,0
22594,0.554805744935,0
22595,0.555295848604,0
22596,0.381422703129,0
22597,0.462902877972,0
22598,0.0893515516878,0
22599,0.382067450898,0
22600,-0.0237077569927,0
22601,0.0420145375435,0
22602,0.256275533805,0
22603,0.0587627522698,0
22604,-0.118402676549,0
22605,-0.269052600639,0
22606,0.00691125606323,0
22607,-0.36012021377,0
22608,-0.288872333937,0
22609,-0.247184878516,0
22610,-0.10551892695,0
22611,-0.360999926343,0
22612,-0.27463610206,0
22613,-0.494553824156,0
22614,-0.599663979479,0
22615,-0.323767487918,0
22616,-0.571894053531,0
22617,-0.785753242007,0
22618,-0.781367455862,0
22619,-0.615430279795,0
22620,-0.503231676958,0
22621,-0.869793139436,0
22622,-0.770720470522,0
22623,-1.00066399157,0
22624,-1.03277658873,0
22625,-0.682788751498,0
22626,-0.746367435476,0
22627,-0.705587330598,0
22628,-0.777466379792,0
22629,-0.813354912446,0
22630,-1.00447877675,0
22631,-1.12181386888,0
22632,-1.1309750787,0
22633,-0.916401211026,0
22634,-1.29630409877,0
22635,-1.31750166187,0
22636,-0.922568208127,0
22637,-1.21463871767,0
22638,-1.27062595136,0
22639,-1.37719403194,0
22640,-1.40265960923,0
22641,-0.999043040977,0
22642,-1.37104136595,0
22643,-1.414243924,0
22644,-1.13095278644,0
22645,-1.11120880831,0
22646,-1.22180912898,0
22647,-1.09367188151,0
22648,-1.29549838854,0
22649,-1.43335296605,0
22650,-1.30410322036,0
22651,-1.05172254816,0
22652,-1.46781787223,0
22653,-1.32233859028,0
22654,-1.43928786666,0
22655,-1.18010712354,0
22656,-1.44182681393,0
22657,-1.05055998573,0
22658,-1.1680813419,0
22659,-1.32062384677,0
22660,-1.39814538387,0
22661,-1.08112995784,0
22662,-0.963433024511,0
22663,-0.951501834416,0
22664,-0.975286835819,0
22665,-1.00052960785,0
22666,-1.1431303245,0
22667,-0.97194786918,0
22668,-0.849150970093,0
22669,-1.05988044774,0
22670,-1.15906951283,0
22671,-0.842058807519,0
22672,-0.816813642686,0
22673,-0.816954880015,0
22674,-0.972263521625,0
22675,-1.03752043533,0
22676,-0.817329671705,0
22677,-0.790896176944,0
22678,-0.662697398746,0
22679,-0.798360278498,0
22680,-0.869994012156,0
22681,-0.84149408335,0
22682,-0.431636354835,0
22683,-0.375168172953,0
22684,-0.720566553861,0
22685,-0.270638558701,0
22686,-0.329938793516,0
22687,-0.194374674169,0
22688,-0.237278770214,0
22689,-0.113247750474,0
22690,-0.0936646302871,0
22691,-0.438481406007,0
22692,-0.219488126651,0
22693,-0.126760192626,0
22694,-0.289339657919,0
22695,-0.166944151818,0
22696,-0.224608475079,0
22697,0.127020466038,0
22698,0.260054259434,0
22699,0.129846461821,0
22700,0.0117146813778,0
22701,0.244524295125,0
22702,0.265651928132,0
22703,0.148758647074,0
22704,0.153981786606,0
22705,0.507236212743,0
22706,0.619732702378,0
22707,0.335280170301,0
22708,0.711054694414,0
22709,0.342528133838,0
22710,0.79731127995,0
22711,0.549124179177,0
22712,0.680335776526,0
22713,0.575639451346,0
22714,0.757506113603,0
22715,0.877592326921,0
22716,0.984606963545,0
22717,0.709026952884,0
22718,1.08124760033,0
22719,0.851466720185,0
22720,0.869898645321,0
22721,0.849241857293,0
22722,1.12320745796,0
22723,0.928860537649,0
22724,0.958766698108,0
22725,0.977536445913,0
22726,1.04118976855,0
22727,1.16119685688,0
22728,1.43215703205,0
22729,1.2853523412,0
22730,1.16136912263,0
22731,1.50456626485,0
22732,1.48756537179,0
22733,1.1788487804,0
22734,1.47534007385,0
22735,1.60909214548,0
22736,1.61121750753,0
22737,1.3113422145,0
22738,1.65946092962,0
22739,1.30577809246,0
22740,1.63537011556,0
22741,1.69806516999,0
22742,1.52867100155,0
22743,1.55436580693,0
22744,1.33044251506,0
22745,1.4159311888,0
22746,1.74132290958,0
22747,1.67954679755,0
22748,1.6028603516,0
22749,1.33959157722,0
22750,1.35703119175,0
22751,1.59547958105,0
22752,1.731491007,0
22753,1.65820160517,0
22754,1.52302388128,0
22755,1.48927783546,0
22756,1.56275075437,0
22757,1.53004953871,0
22758,1.4461024689,0
22759,1.26636689754,0
22760,1.50813193843,0
22761,1.2397413721,0
22762,1.40695606823,0
22763,1.20681769807,0
22764,1.50819868947,0
22765,1.21548914279,0
22766,1.41582293229,0
22767,1.2087560043,0
22768,1.21064598452,0
22769,1.41715216293,0
22770,1.05437114077,0
22771,1.16250587161,0
22772,0.999602584029,0
22773,1.30016378863,0
22774,1.01129239421,0
22775,0.89802945622,0
22776,1.15820466405,0
22777,1.24198653779,0
22778,0.944768330868,0
22779,1.14307360486,0
22780,0.939049094479,0
22781,1.09427577394,0
22782,1.02313200767,0
22783,0.606320865134,0
22784,0.90122903844,0
22785,0.947603735329,0
22786,0.521259507041,0
22787,0.478670446071,0
22788,0.794851001782,0
22789,0.77253890596,0
22790,0.459724839227,0
22791,0.485269339597,0
22792,0.248718219773,0
22793,0.267915528168,0
22794,0.5190828804,0
22795,0.51957298407,0
22796,0.345699838594,0
22797,0.427180013437,0
22798,0.0536286871531,0
22799,0.346344586363,0
22800,-0.00736603571407,0
22801,0.0583562588221,0
22802,0.272617255084,0
22803,0.0751044735484,0
22804,-0.10206095527,0
22805,-0.252710879361,0
22806,0.0232529773418,0
22807,-0.343778492491,0
22808,-0.272530612659,0
22809,-0.230843157237,0
22810,-0.0891772056717,0
22811,-0.344658205064,0
22812,-0.258294380781,0
22813,-0.478212102877,0
22814,-0.5833222582,0
22815,-0.307425766639,0
22816,-0.555552332253,0
22817,-0.769411520728,0
22818,-0.765025734584,0
22819,-0.599088558516,0
22820,-0.48688995568,0
22821,-0.853451418157,0
22822,-0.754378749243,0
22823,-0.984322270291,0
22824,-1.01643486745,0
22825,-0.666447030219,0
22826,-0.730025714197,0
22827,-0.689245609319,0
22828,-0.761124658513,0
22829,-0.797013191167,0
22830,-0.988137055473,0
22831,-1.1054721476,0
22832,-1.11463335742,0
22833,-0.900059489748,0
22834,-1.27996237749,0
22835,-1.30115994059,0
22836,-0.906226486849,0
22837,-1.19829699639,0
22838,-1.25428423008,0
22839,-1.36085231066,0
22840,-1.38631788795,0
22841,-0.982701319698,0
22842,-1.35469964468,0
22843,-1.39790220273,0
22844,-1.11461106516,0
22845,-1.09486708703,0
22846,-1.2054674077,0
22847,-1.07733016023,0
22848,-1.27915666726,0
22849,-1.41701124477,0
22850,-1.28776149909,0
22851,-1.03538082688,0
22852,-1.45147615095,0
22853,-1.305996869,0
22854,-1.42294614538,0
22855,-1.16376540226,0
22856,-1.42548509266,0
22857,-1.03421826445,0
22858,-1.15173962062,0
22859,-1.30428212549,0
22860,-1.38180366259,0
22861,-1.06478823656,0
22862,-0.947091303232,0
22863,-0.935160113138,0
22864,-0.95894511454,0
22865,-0.984187886573,0
22866,-1.12678860322,0
22867,-0.955606147901,0
22868,-0.832809248814,0
22869,-1.04353872646,0
22870,-1.14272779156,0
22871,-0.82571708624,0
22872,-0.800471921408,0
22873,-0.800613158736,0
22874,-0.955921800347,0
22875,-1.02117871405,0
22876,-0.800987950426,0
22877,-0.774554455666,0
22878,-0.646355677467,0
22879,-0.782018557219,0
22880,-0.853652290878,0
22881,-0.825152362071,0
22882,-0.415294633557,0
22883,-0.358826451674,0
22884,-0.704224832583,0
22885,-0.254296837422,0
22886,-0.313597072237,0
22887,-0.17803295289,0
22888,-0.220937048935,0
22889,-0.0969060291951,0
22890,-0.0773229090085,0
22891,-0.422139684728,0
22892,-0.203146405373,0
22893,-0.110418471347,0
22894,-0.27299793664,0
22895,-0.150602430539,0
22896,-0.2082667538,0
22897,0.143362187316,0
22898,0.276395980713,0
22899,0.1461881831,0
22900,0.0280564026564,0
22901,0.260866016404,0
22902,0.281993649411,0
22903,0.165100368352,0
22904,0.170323507884,0
22905,0.523577934022,0
22906,0.636074423656,0
22907,0.351621891579,0
22908,0.727396415692,0
22909,0.358869855116,0
22910,0.813653001229,0
22911,0.565465900456,0
22912,0.696677497805,0
22913,0.591981172625,0
22914,0.773847834881,0
22915,0.8939340482,0
22916,1.00094868482,0
22917,0.725368674162,0
22918,1.09758932161,0
22919,0.867808441464,0
22920,0.8862403666,0
22921,0.865583578571,0
22922,1.13954917924,0
22923,0.945202258928,0
22924,0.975108419387,0
22925,0.993878167192,0
22926,1.05753148982,0
22927,1.17753857816,0
22928,1.44849875333,0
22929,1.30169406248,0
22930,1.17771084391,0
22931,1.52090798613,0
22932,1.50390709307,0
22933,1.19519050168,0
22934,1.49168179513,0
22935,1.62543386676,0
22936,1.62755922881,0
22937,1.32768393578,0
22938,1.6758026509,0
22939,1.32211981374,0
22940,1.65171183684,0
22941,1.71440689127,0
22942,1.54501272282,0
22943,1.57070752821,0
22944,1.34678423634,0
22945,1.43227291008,0
22946,1.75766463086,0
22947,1.69588851883,0
22948,1.61920207288,0
22949,1.35593329849,0
22950,1.37337291303,0
22951,1.61182130232,0
22952,1.74783272828,0
22953,1.67454332645,0
22954,1.53936560256,0
22955,1.50561955673,0
22956,1.57909247564,0
22957,1.54639125999,0
22958,1.46244419018,0
22959,1.28270861882,0
22960,1.52447365971,0
22961,1.25608309338,0
22962,1.4232977895,0
22963,1.22315941935,0
22964,1.52454041075,0
22965,1.23183086407,0
22966,1.43216465357,0
22967,1.22509772558,0
22968,1.22698770579,0
22969,1.4334938842,0
22970,1.07071286205,0
22971,1.17884759289,0
22972,1.01594430531,0
22973,1.31650550991,0
22974,1.02763411549,0
22975,0.914371177498,0
22976,1.17454638533,0
22977,1.25832825907,0
22978,0.961110052146,0
22979,1.15941532614,0
22980,0.955390815758,0
22981,1.11061749522,0
22982,1.03947372895,0
22983,0.622662586413,0
22984,0.917570759719,0
22985,0.963945456608,0
22986,0.53760122832,0
22987,0.495012167349,0
22988,0.811192723061,0
22989,0.788880627239,0
22990,0.476066560505,0
22991,0.501611060875,0
22992,0.265059941052,0
22993,0.284257249447,0
22994,0.535424601679,0
22995,0.535914705348,0
22996,0.362041559873,0
22997,0.443521734716,0
22998,0.0699704084317,0
22999,0.362686307641,0
23000,-0.131460080646,0
23001,-0.0657377861094,0
23002,0.148523210153,0
23003,-0.0489895713831,0
23004,-0.226155000202,0
23005,-0.376804924292,0
23006,-0.10084106759,0
23007,-0.467872537423,0
23008,-0.39662465759,0
23009,-0.354937202169,0
23010,-0.213271250603,0
23011,-0.468752249996,0
23012,-0.382388425713,0
23013,-0.602306147809,0
23014,-0.707416303132,0
23015,-0.431519811571,0
23016,-0.679646377184,0
23017,-0.89350556566,0
23018,-0.889119779515,0
23019,-0.723182603447,0
23020,-0.610984000611,0
23021,-0.977545463089,0
23022,-0.878472794175,0
23023,-1.10841631522,0
23024,-1.14052891238,0
23025,-0.790541075151,0
23026,-0.854119759128,0
23027,-0.81333965425,0
23028,-0.885218703445,0
23029,-0.921107236099,0
23030,-1.1122311004,0
23031,-1.22956619253,0
23032,-1.23872740236,0
23033,-1.02415353468,0
23034,-1.40405642242,0
23035,-1.42525398552,0
23036,-1.03032053178,0
23037,-1.32239104132,0
23038,-1.37837827501,0
23039,-1.48494635559,0
23040,-1.51041193288,0
23041,-1.10679536463,0
23042,-1.47879368961,0
23043,-1.52199624766,0
23044,-1.23870511009,0
23045,-1.21896113196,0
23046,-1.32956145263,0
23047,-1.20142420516,0
23048,-1.40325071219,0
23049,-1.5411052897,0
23050,-1.41185554402,0
23051,-1.15947487181,0
23052,-1.57557019588,0
23053,-1.43009091393,0
23054,-1.54704019031,0
23055,-1.28785944719,0
23056,-1.54957913759,0
23057,-1.15831230938,0
23058,-1.27583366555,0
23059,-1.42837617042,0
23060,-1.50589770753,0
23061,-1.18888228149,0
23062,-1.07118534816,0
23063,-1.05925415807,0
23064,-1.08303915947,0
23065,-1.1082819315,0
23066,-1.25088264815,0
23067,-1.07970019283,0
23068,-0.956903293746,0
23069,-1.16763277139,0
23070,-1.26682183649,0
23071,-0.949811131172,0
23072,-0.924565966339,0
23073,-0.924707203668,0
23074,-1.08001584528,0
23075,-1.14527275898,0
23076,-0.925081995358,0
23077,-0.898648500597,0
23078,-0.770449722399,0
23079,-0.906112602151,0
23080,-0.977746335809,0
23081,-0.949246407003,0
23082,-0.539388678488,0
23083,-0.482920496606,0
23084,-0.828318877514,0
23085,-0.378390882354,0
23086,-0.437691117169,0
23087,-0.302126997822,0
23088,-0.345031093866,0
23089,-0.221000074127,0
23090,-0.20141695394,0
23091,-0.54623372966,0
23092,-0.327240450304,0
23093,-0.234512516279,0
23094,-0.397091981572,0
23095,-0.274696475471,0
23096,-0.332360798732,0
23097,0.0192681423846,0
23098,0.152301935781,0
23099,0.0220941381683,0
23100,-0.0960376422751,0
23101,0.136771971472,0
23102,0.157899604479,0
23103,0.0410063234207,0
23104,0.0462294629527,0
23105,0.39948388909,0
23106,0.511980378725,0
23107,0.227527846648,0
23108,0.603302370761,0
23109,0.234775810185,0
23110,0.689558956297,0
23111,0.441371855524,0
23112,0.572583452873,0
23113,0.467887127693,0
23114,0.64975378995,0
23115,0.769840003268,0
23116,0.876854639892,0
23117,0.601274629231,0
23118,0.973495276675,0
23119,0.743714396532,0
23120,0.762146321668,0
23121,0.74148953364,0
23122,1.01545513431,0
23123,0.821108213997,0
23124,0.851014374455,0
23125,0.86978412226,0
23126,0.933437444892,0
23127,1.05344453323,0
23128,1.3244047084,0
23129,1.17760001755,0
23130,1.05361679898,0
23131,1.3968139412,0
23132,1.37981304814,0
23133,1.07109645675,0
23134,1.3675877502,0
23135,1.50133982183,0
23136,1.50346518388,0
23137,1.20358989084,0
23138,1.55170860597,0
23139,1.1980257688,0
23140,1.52761779191,0
23141,1.59031284634,0
23142,1.42091867789,0
23143,1.44661348328,0
23144,1.22269019141,0
23145,1.30817886514,0
23146,1.63357058593,0
23147,1.5717944739,0
23148,1.49510802795,0
23149,1.23183925356,0
23150,1.2492788681,0
23151,1.48772725739,0
23152,1.62373868335,0
23153,1.55044928152,0
23154,1.41527155763,0
23155,1.3815255118,0
23156,1.45499843071,0
23157,1.42229721506,0
23158,1.33835014524,0
23159,1.15861457389,0
23160,1.40037961477,0
23161,1.13198904845,0
23162,1.29920374457,0
23163,1.09906537441,0
23164,1.40044636582,0
23165,1.10773681914,0
23166,1.30807060864,0
23167,1.10100368064,0
23168,1.10289366086,0
23169,1.30939983927,0
23170,0.946618817116,0
23171,1.05475354796,0
23172,0.891850260376,0
23173,1.19241146498,0
23174,0.903540070555,0
23175,0.790277132567,0
23176,1.0504523404,0
23177,1.13423421414,0
23178,0.837016007215,0
23179,1.0353212812,0
23180,0.831296770826,0
23181,0.986523450284,0
23182,0.915379684015,0
23183,0.498568541481,0
23184,0.793476714787,0
23185,0.839851411676,0
23186,0.413507183388,0
23187,0.370918122418,0
23188,0.687098678129,0
23189,0.664786582307,0
23190,0.351972515574,0
23191,0.377517015944,0
23192,0.14096589612,0
23193,0.160163204515,0
23194,0.411330556747,0
23195,0.411820660417,0
23196,0.237947514941,0
23197,0.319427689785,0
23198,-0.0541236364998,0
23199,0.23859226271,0
23200,-0.112664299489,0
23201,-0.0469420049524,0
23202,0.16731899131,0
23203,-0.0301937902261,0
23204,-0.207359219045,0
23205,-0.358009143135,0
23206,-0.0820452864326,0
23207,-0.449076756265,0
23208,-0.377828876433,0
23209,-0.336141421012,0
23210,-0.194475469446,0
23211,-0.449956468839,0
23212,-0.363592644556,0
23213,-0.583510366652,0
23214,-0.688620521975,0
23215,-0.412724030414,0
23216,-0.660850596027,0
23217,-0.874709784503,0
23218,-0.870323998358,0
23219,-0.70438682229,0
23220,-0.592188219454,0
23221,-0.958749681932,0
23222,-0.859677013018,0
23223,-1.08962053407,0
23224,-1.12173313122,0
23225,-0.771745293994,0
23226,-0.835323977971,0
23227,-0.794543873093,0
23228,-0.866422922288,0
23229,-0.902311454942,0
23230,-1.09343531925,0
23231,-1.21077041138,0
23232,-1.2199316212,0
23233,-1.00535775352,0
23234,-1.38526064126,0
23235,-1.40645820436,0
23236,-1.01152475062,0
23237,-1.30359526017,0
23238,-1.35958249385,0
23239,-1.46615057443,0
23240,-1.49161615173,0
23241,-1.08799958347,0
23242,-1.45999790845,0
23243,-1.5032004665,0
23244,-1.21990932893,0
23245,-1.2001653508,0
23246,-1.31076567148,0
23247,-1.182628424,0
23248,-1.38445493103,0
23249,-1.52230950855,0
23250,-1.39305976286,0
23251,-1.14067909065,0
23252,-1.55677441472,0
23253,-1.41129513277,0
23254,-1.52824440916,0
23255,-1.26906366604,0
23256,-1.53078335643,0
23257,-1.13951652822,0
23258,-1.25703788439,0
23259,-1.40958038926,0
23260,-1.48710192637,0
23261,-1.17008650034,0
23262,-1.05238956701,0
23263,-1.04045837691,0
23264,-1.06424337831,0
23265,-1.08948615035,0
23266,-1.23208686699,0
23267,-1.06090441168,0
23268,-0.938107512589,0
23269,-1.14883699023,0
23270,-1.24802605533,0
23271,-0.931015350015,0
23272,-0.905770185182,0
23273,-0.905911422511,0
23274,-1.06122006412,0
23275,-1.12647697783,0
23276,-0.906286214201,0
23277,-0.87985271944,0
23278,-0.751653941242,0
23279,-0.887316820994,0
23280,-0.958950554652,0
23281,-0.930450625846,0
23282,-0.520592897331,0
23283,-0.464124715449,0
23284,-0.809523096357,0
23285,-0.359595101197,0
23286,-0.418895336012,0
23287,-0.283331216665,0
23288,-0.326235312709,0
23289,-0.20220429297,0
23290,-0.182621172783,0
23291,-0.527437948503,0
23292,-0.308444669147,0
23293,-0.215716735122,0
23294,-0.378296200415,0
23295,-0.255900694314,0
23296,-0.313565017575,0
23297,0.0380639235416,0
23298,0.171097716938,0
23299,0.0408899193254,0
23300,-0.0772418611181,0
23301,0.155567752629,0
23302,0.176695385636,0
23303,0.0598021045777,0
23304,0.0650252441097,0
23305,0.418279670247,0
23306,0.530776159882,0
23307,0.246323627805,0
23308,0.622098151918,0
23309,0.253571591342,0
23310,0.708354737454,0
23311,0.460167636681,0
23312,0.59137923403,0
23313,0.48668290885,0
23314,0.668549571107,0
23315,0.788635784425,0
23316,0.895650421049,0
23317,0.620070410388,0
23318,0.992291057832,0
23319,0.762510177689,0
23320,0.780942102825,0
23321,0.760285314797,0
23322,1.03425091546,0
23323,0.839903995154,0
23324,0.869810155612,0
23325,0.888579903417,0
23326,0.952233226049,0
23327,1.07224031439,0
23328,1.34320048955,0
23329,1.19639579871,0
23330,1.07241258013,0
23331,1.41560972236,0
23332,1.3986088293,0
23333,1.08989223791,0
23334,1.38638353136,0
23335,1.52013560298,0
23336,1.52226096503,0
23337,1.222385672,0
23338,1.57050438712,0
23339,1.21682154996,0
23340,1.54641357307,0
23341,1.6091086275,0
23342,1.43971445905,0
23343,1.46540926444,0
23344,1.24148597257,0
23345,1.3269746463,0
23346,1.65236636708,0
23347,1.59059025506,0
23348,1.51390380911,0
23349,1.25063503472,0
23350,1.26807464926,0
23351,1.50652303855,0
23352,1.64253446451,0
23353,1.56924506267,0
23354,1.43406733879,0
23355,1.40032129296,0
23356,1.47379421187,0
23357,1.44109299622,0
23358,1.3571459264,0
23359,1.17741035505,0
23360,1.41917539593,0
23361,1.15078482961,0
23362,1.31799952573,0
23363,1.11786115557,0
23364,1.41924214698,0
23365,1.12653260029,0
23366,1.3268663898,0
23367,1.1197994618,0
23368,1.12168944202,0
23369,1.32819562043,0
23370,0.965414598273,0
23371,1.07354932912,0
23372,0.910646041533,0
23373,1.21120724614,0
23374,0.922335851712,0
23375,0.809072913724,0
23376,1.06924812156,0
23377,1.15302999529,0
23378,0.855811788372,0
23379,1.05411706236,0
23380,0.850092551983,0
23381,1.00531923144,0
23382,0.934175465172,0
23383,0.517364322638,0
23384,0.812272495944,0
23385,0.858647192833,0
23386,0.432302964545,0
23387,0.389713903575,0
23388,0.705894459286,0
23389,0.683582363464,0
23390,0.370768296731,0
23391,0.396312797101,0
23392,0.159761677277,0
23393,0.178958985673,0
23394,0.430126337904,0
23395,0.430616441574,0
23396,0.256743296098,0
23397,0.338223470942,0
23398,-0.0353278553428,0
23399,0.257388043867,0
23400,-0.0113835999353,0
23401,0.0543386946009,0
23402,0.268599690863,0
23403,0.0710869093271,0
23404,-0.106078519491,0
23405,-0.256728443582,0
23406,0.0192354131206,0
23407,-0.347796056712,0
23408,-0.27654817688,0
23409,-0.234860721458,0
23410,-0.093194769893,0
23411,-0.348675769286,0
23412,-0.262311945003,0
23413,-0.482229667098,0
23414,-0.587339822422,0
23415,-0.311443330861,0
23416,-0.559569896474,0
23417,-0.77342908495,0
23418,-0.769043298805,0
23419,-0.603106122737,0
23420,-0.490907519901,0
23421,-0.857468982379,0
23422,-0.758396313465,0
23423,-0.988339834512,0
23424,-1.02045243167,0
23425,-0.670464594441,0
23426,-0.734043278418,0
23427,-0.69326317354,0
23428,-0.765142222735,0
23429,-0.801030755389,0
23430,-0.992154619694,0
23431,-1.10948971182,0
23432,-1.11865092165,0
23433,-0.904077053969,0
23434,-1.28397994171,0
23435,-1.30517750481,0
23436,-0.91024405107,0
23437,-1.20231456061,0
23438,-1.2583017943,0
23439,-1.36486987488,0
23440,-1.39033545217,0
23441,-0.986718883919,0
23442,-1.3587172089,0
23443,-1.40191976695,0
23444,-1.11862862938,0
23445,-1.09888465125,0
23446,-1.20948497192,0
23447,-1.08134772445,0
23448,-1.28317423148,0
23449,-1.42102880899,0
23450,-1.29177906331,0
23451,-1.0393983911,0
23452,-1.45549371517,0
23453,-1.31001443322,0
23454,-1.4269637096,0
23455,-1.16778296648,0
23456,-1.42950265688,0
23457,-1.03823582867,0
23458,-1.15575718484,0
23459,-1.30829968971,0
23460,-1.38582122682,0
23461,-1.06880580078,0
23462,-0.951108867453,0
23463,-0.939177677359,0
23464,-0.962962678761,0
23465,-0.988205450795,0
23466,-1.13080616744,0
23467,-0.959623712123,0
23468,-0.836826813036,0
23469,-1.04755629068,0
23470,-1.14674535578,0
23471,-0.829734650461,0
23472,-0.804489485629,0
23473,-0.804630722958,0
23474,-0.959939364568,0
23475,-1.02519627827,0
23476,-0.805005514647,0
23477,-0.778572019887,0
23478,-0.650373241689,0
23479,-0.786036121441,0
23480,-0.857669855099,0
23481,-0.829169926292,0
23482,-0.419312197778,0
23483,-0.362844015895,0
23484,-0.708242396804,0
23485,-0.258314401644,0
23486,-0.317614636458,0
23487,-0.182050517112,0
23488,-0.224954613156,0
23489,-0.100923593416,0
23490,-0.0813404732297,0
23491,-0.426157248949,0
23492,-0.207163969594,0
23493,-0.114436035569,0
23494,-0.277015500862,0
23495,-0.154619994761,0
23496,-0.212284318022,0
23497,0.139344623095,0
23498,0.272378416492,0
23499,0.142170618879,0
23500,0.0240388384351,0
23501,0.256848452182,0
23502,0.277976085189,0
23503,0.161082804131,0
23504,0.166305943663,0
23505,0.519560369801,0
23506,0.632056859435,0
23507,0.347604327358,0
23508,0.723378851471,0
23509,-0.30843139177,1
23510,-0.129073032469,1
23511,0.054981291973,1
23512,0.240645769809,1
23513,0.424807593835,1
23514,0.60437914999,1
23515,0.77634978357,1
23516,0.937836275162,1
23517,1.08613118002,1
23518,1.21874822047,1
23519,1.33346397023,1
23520,1.42835513186,1
23521,1.50183078237,1
23522,1.55265904616,1
23523,1.57998774848,1
23524,1.58335870268,1
23525,1.56271539213,1
23526,1.51840391776,1
23527,1.45116719537,1
23528,1.36213250012,1
23529,1.2527925669,1
23530,1.12498056343,1
23531,0.980839355872,1
23532,0.822785581993,1
23533,0.653469134392,1
23534,0.475728733021,1
23535,0.292544331872,1
23536,0.106987157762,1
23537,-0.0778317811349,1
23538,-0.258813853723,1
23539,-0.432924756911,1
23540,-0.597245388024,1
23541,-0.749020785802,1
23542,-0.885706319428,1
23543,-1.00501035122,1
23544,-1.10493265769,1
23545,-1.18379796483,1
23546,-1.24028403534,1
23547,-1.27344383697,1
23548,-1.28272142026,1
23549,-1.2679612394,1
23550,-1.22941076014,1
23551,-1.1677163108,1
23552,-1.08391224608,1
23553,-0.979403605333,1
23554,-0.85594255597,1
23555,-0.715599017071,1
23556,-0.560725955577,1
23557,-0.393919937008,1
23558,-0.217977592051,1
23559,-0.035848728904,1
23560,0.149413122519,1
23561,0.334701905354,1
23562,0.516911111214,1
23563,0.692985863176,1
23564,0.859974133137,1
23565,1.01507623483,1
23566,1.15569176269,1
23567,1.27946318969,1
23568,1.38431539302,1
23569,1.46849044517,1
23570,1.53057708692,1
23571,1.56953438814,1
23572,1.58470919984,1
23573,1.57584710468,1
23574,1.54309668247,1
23575,1.48700701913,1
23576,1.40851850083,1
23577,1.30894704771,1
23578,1.18996205146,1
23579,1.05355838669,1
23580,0.902022965348,1
23581,0.737896394845,1
23582,0.563930382875,1
23583,0.383041602897,1
23584,0.198262793882,1
23585,0.0126919141169,1
23586,-0.170559798438,1
23587,-0.348419988438,1
23588,-0.517906693545,1
23589,-0.676178339307,1
23590,-0.820581380336,1
23591,-0.948694789027,1
23592,-1.05837064594,1
23593,-1.14777015131,1
23594,-1.21539445395,1
23595,-1.26010978061,1
23596,-1.28116644459,1
23597,-1.27821141479,1
23598,-1.25129423455,1
23599,-1.20086619101,1
23600,-0.844985189296,1
23601,-0.750451816277,1
23602,-0.636063436712,1
23603,-0.503737859413,1
23604,-0.355693624056,1
23605,-0.194412805658,1
23606,-0.0225994006926,1
23607,0.156866007484,1
23608,0.340974543822,1
23609,0.526639487667,1
23610,0.710748024004,1
23611,0.890213432181,1
23612,1.06202683715,1
23613,1.22330765554,1
23614,1.3713518909,1
23615,1.5036774682,1
23616,1.61806584777,1
23617,1.71259922078,1
23618,1.78569266284,1
23619,1.83612070638,1
23620,1.86303788662,1
23621,1.86599291642,1
23622,1.84493625243,1
23623,1.80022092577,1
23624,1.73259662313,1
23625,1.64319711776,1
23626,1.53352126085,1
23627,1.40540785216,1
23628,1.26100481113,1
23629,1.10273316537,1
23630,0.933246460264,1
23631,0.755386270264,1
23632,0.572134557709,1
23633,0.386563677944,1
23634,0.201784868929,1
23635,0.0208960889513,1
23636,-0.153069923019,1
23637,-0.317196493522,1
23638,-0.468731914869,1
23639,-0.605135579634,1
23640,-0.724120575883,1
23641,-0.823692029002,1
23642,-0.902180547301,1
23643,-0.958270210644,1
23644,-0.991020632854,1
23645,-0.999882728015,1
23646,-0.984707916313,1
23647,-0.94575061509,1
23648,-0.883663973345,1
23649,-0.799488921191,1
23650,-0.69463671786,1
23651,-0.570865290867,1
23652,-0.430249763002,1
23653,-0.275147661311,1
23654,-0.10815939135,1
23655,0.0679153606121,1
23656,0.250124566472,1
23657,0.435413349307,1
23658,0.62067520073,1
23659,0.802804063877,1
23660,0.978746408834,1
23661,1.1455524274,1
23662,1.3004254889,1
23663,1.4407690278,1
23664,1.56423007716,1
23665,1.66873871791,1
23666,1.75254278263,1
23667,1.81423723197,1
23668,1.85278771123,1
23669,1.86754789208,1
23670,1.8582703088,1
23671,1.82511050716,1
23672,1.76862443665,1
23673,1.68975912952,1
23674,1.58983682305,1
23675,1.47053279125,1
23676,1.33384725763,1
23677,1.18207185985,1
23678,1.01775122874,1
23679,0.843640325549,1
23680,0.662658252961,1
23681,0.477839314064,1
23682,0.292282139954,1
23683,0.109097738805,1
23684,-0.0686426625655,1
23685,-0.237959110167,1
23686,-0.396012884046,1
23687,-0.540154091603,1
23688,-0.667966095071,1
23689,-0.777306028299,1
23690,-0.866340723543,1
23691,-0.933577445932,1
23692,-0.977888920306,1
23693,-0.998532230851,1
23694,-0.995161276652,1
23695,-0.967832574338,1
23696,-0.91700431054,1
23697,-0.843528660038,1
23698,-0.7486374984,1
23699,-0.633921748645,1
23700,-0.501304708198,1
23701,-0.353009803336,1
23702,-0.191523311744,1
23703,-0.0195526781637,1
23704,0.160018877991,1
23705,0.344180702017,1
23706,0.529845179853,1
23707,0.713899504295,1
23708,0.893257863596,1
23709,0.637639850558,0
23710,1.09242299667,0
23711,0.844235895897,0
23712,0.975447493246,0
23713,0.870751168066,0
23714,1.05261783032,0
23715,1.17270404364,0
23716,1.27971868027,0
23717,1.0041386696,0
23718,1.37635931705,0
23719,1.14657843691,0
23720,1.16501036204,0
23721,1.14435357401,0
23722,1.41831917468,0
23723,1.22397225437,0
23724,1.25387841483,0
23725,1.27264816263,0
23726,1.33630148527,0
23727,1.4563085736,0
23728,1.72726874877,0
23729,1.58046405792,0
23730,1.45648083935,0
23731,1.79967798157,0
23732,1.78267708851,0
23733,1.47396049712,0
23734,1.77045179057,0
23735,1.9042038622,0
23736,1.90632922425,0
23737,1.60645393122,0
23738,1.95457264634,0
23739,1.60088980918,0
23740,1.93048183228,0
23741,1.99317688671,0
23742,1.82378271827,0
23743,1.84947752365,0
23744,1.62555423178,0
23745,1.71104290552,0
23746,2.0364346263,0
23747,1.97465851427,0
23748,1.89797206832,0
23749,1.63470329394,0
23750,1.65214290847,0
23751,1.89059129777,0
23752,2.02660272372,0
23753,1.95331332189,0
23754,1.818135598,0
23755,1.78438955218,0
23756,1.85786247109,0
23757,1.82516125543,0
23758,1.74121418562,0
23759,1.56147861426,0
23760,1.80324365515,0
23761,1.53485308882,0
23762,1.70206778495,0
23763,1.50192941479,0
23764,1.80331040619,0
23765,1.51060085951,0
23766,1.71093464901,0
23767,1.50386772102,0
23768,1.50575770124,0
23769,1.71226387965,0
23770,1.34948285749,0
23771,1.45761758833,0
23772,1.29471430075,0
23773,1.59527550535,0
23774,1.30640411093,0
23775,1.19314117294,0
23776,1.45331638077,0
23777,1.53709825451,0
23778,1.23988004759,0
23779,1.43818532158,0
23780,1.2341608112,0
23781,1.38938749066,0
23782,1.31824372439,0
23783,0.901432581855,0
23784,1.19634075516,0
23785,1.24271545205,0
23786,0.816371223761,0
23787,0.773782162791,0
23788,1.0899627185,0
23789,1.06765062268,0
23790,0.754836555947,0
23791,0.780381056317,0
23792,0.543829936493,0
23793,0.563027244889,0
23794,0.81419459712,0
23795,0.81468470079,0
23796,0.640811555314,0
23797,0.722291730158,0
23798,0.348740403873,0
23799,0.641456303083,0
23800,0.135744117187,0
23801,0.201466411723,0
23802,0.415727407985,0
23803,0.218214626449,0
23804,0.0410491976309,0
23805,-0.10960072646,0
23806,0.166363130243,0
23807,-0.20066833959,0
23808,-0.129420459758,0
23809,-0.0877330043363,0
23810,0.0539329472292,0
23811,-0.201548052163,0
23812,-0.115184227881,0
23813,-0.335101949976,0
23814,-0.440212105299,0
23815,-0.164315613739,0
23816,-0.412442179352,0
23817,-0.626301367827,0
23818,-0.621915581683,0
23819,-0.455978405615,0
23820,-0.343779802779,0
23821,-0.710341265257,0
23822,-0.611268596342,0
23823,-0.84121211739,0
23824,-0.873324714546,0
23825,-0.523336877318,0
23826,-0.586915561296,0
23827,-0.546135456418,0
23828,-0.618014505612,0
23829,-0.653903038266,0
23830,-0.845026902572,0
23831,-0.962361994702,0
23832,-0.971523204523,0
23833,-0.756949336847,0
23834,-1.13685222459,0
23835,-1.15804978769,0
23836,-0.763116333948,0
23837,-1.05518684349,0
23838,-1.11117407718,0
23839,-1.21774215776,0
23840,-1.24320773505,0
23841,-0.839591166797,0
23842,-1.21158949177,0
23843,-1.25479204983,0
23844,-0.971500912256,0
23845,-0.951756934126,0
23846,-1.0623572548,0
23847,-0.934220007328,0
23848,-1.13604651436,0
23849,-1.27390109187,0
23850,-1.14465134618,0
23851,-0.892270673978,0
23852,-1.30836599805,0
23853,-1.1628867161,0
23854,-1.27983599248,0
23855,-1.02065524936,0
23856,-1.28237493975,0
23857,-0.891108111548,0
23858,-1.00862946772,0
23859,-1.16117197259,0
23860,-1.23869350969,0
23861,-0.92167808366,0
23862,-0.803981150331,0
23863,-0.792049960237,0
23864,-0.815834961639,0
23865,-0.841077733672,0
23866,-0.983678450316,0
23867,-0.812495995,0
23868,-0.689699095913,0
23869,-0.900428573559,0
23870,-0.999617638655,0
23871,-0.682606933339,0
23872,-0.657361768507,0
23873,-0.657503005835,0
23874,-0.812811647446,0
23875,-0.878068561151,0
23876,-0.657877797525,0
23877,-0.631444302765,0
23878,-0.503245524567,0
23879,-0.638908404318,0
23880,-0.710542137977,0
23881,-0.68204220917,0
23882,-0.272184480656,0
23883,-0.215716298773,0
23884,-0.561114679682,0
23885,-0.111186684522,0
23886,-0.170486919336,0
23887,-0.0349227999894,0
23888,-0.077826896034,0
23889,0.0462041237058,0
23890,0.0657872438924,0
23891,-0.279029531827,0
23892,-0.0600362524717,0
23893,0.0326916815535,0
23894,-0.129887783739,0
23895,-0.00749227763849,0
23896,-0.0651566008995,0
23897,0.286472340217,0
23898,0.419506133614,0
23899,0.289298336001,0
23900,0.171166555557,0
23901,0.403976169305,0
23902,0.425103802311,0
23903,0.308210521253,0
23904,0.313433660785,0
23905,0.666688086923,0
23906,0.779184576557,0
23907,0.49473204448,0
23908,0.870506568593,0
23909,0.501980008017,0
23910,0.95676315413,0
23911,0.708576053357,0
23912,0.839787650706,0
23913,0.735091325526,0
23914,0.916957987782,0
23915,1.0370442011,0
23916,1.14405883772,0
23917,0.868478827063,0
23918,1.24069947451,0
23919,1.01091859436,0
23920,1.0293505195,0
23921,1.00869373147,0
23922,1.28265933214,0
23923,1.08831241183,0
23924,1.11821857229,0
23925,1.13698832009,0
23926,1.20064164272,0
23927,1.32064873106,0
23928,1.59160890623,0
23929,1.44480421538,0
23930,1.32082099681,0
23931,1.66401813903,0
23932,1.64701724597,0
23933,1.33830065458,0
23934,1.63479194803,0
23935,1.76854401966,0
23936,1.77066938171,0
23937,1.47079408868,0
23938,1.8189128038,0
23939,1.46522996664,0
23940,1.79482198974,0
23941,1.85751704417,0
23942,1.68812287573,0
23943,1.71381768111,0
23944,1.48989438924,0
23945,1.57538306298,0
23946,1.90077478376,0
23947,1.83899867173,0
23948,1.76231222578,0
23949,1.49904345139,0
23950,1.51648306593,0
23951,1.75493145523,0
23952,1.89094288118,0
23953,1.81765347935,0
23954,1.68247575546,0
23955,1.64872970964,0
23956,1.72220262855,0
23957,1.68950141289,0
23958,1.60555434308,0
23959,1.42581877172,0
23960,1.66758381261,0
23961,1.39919324628,0
23962,1.56640794241,0
23963,1.36626957225,0
23964,1.66765056365,0
23965,1.37494101697,0
23966,1.57527480647,0
23967,1.36820787848,0
23968,1.3700978587,0
23969,1.57660403711,0
23970,1.21382301495,0
23971,1.32195774579,0
23972,1.15905445821,0
23973,1.45961566281,0
23974,1.17074426839,0
23975,1.0574813304,0
23976,1.31765653823,0
23977,1.40143841197,0
23978,1.10422020505,0
23979,1.30252547904,0
23980,1.09850096866,0
23981,1.25372764812,0
23982,1.18258388185,0
23983,0.765772739314,0
23984,1.06068091262,0
23985,1.10705560951,0
23986,0.680711381221,0
23987,0.63812232025,0
23988,0.954302875962,0
23989,0.93199078014,0
23990,0.619176713406,0
23991,0.644721213776,0
23992,0.408170093953,0
23993,0.427367402348,0
23994,0.678534754579,0
23995,0.679024858249,0
23996,0.505151712774,0
23997,0.586631887617,0
23998,0.213080561333,0
23999,0.505796460542,0
24000,0.10809990244,0
24001,0.173822196976,0
24002,0.388083193238,0
24003,0.190570411703,0
24004,0.0134049828843,0
24005,-0.137244941206,0
24006,0.138718915496,0
24007,-0.228312554337,0
24008,-0.157064674505,0
24009,-0.115377219083,0
24010,0.0262887324826,0
24011,-0.22919226691,0
24012,-0.142828442627,0
24013,-0.362746164723,0
24014,-0.467856320046,0
24015,-0.191959828485,0
24016,-0.440086394098,0
24017,-0.653945582574,0
24018,-0.649559796429,0
24019,-0.483622620362,0
24020,-0.371424017525,0
24021,-0.737985480003,0
24022,-0.638912811089,0
24023,-0.868856332136,0
24024,-0.900968929293,0
24025,-0.550981092065,0
24026,-0.614559776043,0
24027,-0.573779671165,0
24028,-0.645658720359,0
24029,-0.681547253013,0
24030,-0.872671117319,0
24031,-0.990006209448,0
24032,-0.999167419269,0
24033,-0.784593551593,0
24034,-1.16449643933,0
24035,-1.18569400243,0
24036,-0.790760548694,0
24037,-1.08283105824,0
24038,-1.13881829192,0
24039,-1.2453863725,0
24040,-1.2708519498,0
24041,-0.867235381544,0
24042,-1.23923370652,0
24043,-1.28243626457,0
24044,-0.999145127003,0
24045,-0.979401148872,0
24046,-1.09000146955,0
24047,-0.961864222074,0
24048,-1.1636907291,0
24049,-1.30154530662,0
24050,-1.17229556093,0
24051,-0.919914888724,0
24052,-1.3360102128,0
24053,-1.19053093085,0
24054,-1.30748020723,0
24055,-1.04829946411,0
24056,-1.3100191545,0
24057,-0.918752326295,0
24058,-1.03627368246,0
24059,-1.18881618733,0
24060,-1.26633772444,0
24061,-0.949322298406,0
24062,-0.831625365078,0
24063,-0.819694174983,0
24064,-0.843479176386,0
24065,-0.868721948419,0
24066,-1.01132266506,0
24067,-0.840140209747,0
24068,-0.71734331066,0
24069,-0.928072788305,0
24070,-1.0272618534,0
24071,-0.710251148086,0
24072,-0.685005983253,0
24073,-0.685147220582,0
24074,-0.840455862192,0
24075,-0.905712775898,0
24076,-0.685522012272,0
24077,-0.659088517511,0
24078,-0.530889739313,0
24079,-0.666552619065,0
24080,-0.738186352723,0
24081,-0.709686423917,0
24082,-0.299828695402,0
24083,-0.24336051352,0
24084,-0.588758894428,0
24085,-0.138830899268,0
24086,-0.198131134083,0
24087,-0.0625670147359,0
24088,-0.105471110781,0
24089,0.0185599089593,0
24090,0.0381430291459,0
24091,-0.306673746574,0
24092,-0.0876804672183,0
24093,0.00504746680691,0
24094,-0.157531998486,0
24095,-0.035136492385,0
24096,-0.0928008156461,0
24097,0.25882812547,0
24098,0.391861918867,0
24099,0.261654121254,0
24100,0.143522340811,0
24101,0.376331954558,0
24102,0.397459587565,0
24103,0.280566306507,0
24104,0.285789446039,0
24105,0.639043872176,0
24106,0.751540361811,0
24107,0.467087829734,0
24108,0.842862353847,0
24109,0.474335793271,0
24110,0.929118939383,0
24111,0.68093183861,0
24112,0.812143435959,0
24113,0.707447110779,0
24114,0.889313773036,0
24115,1.00939998635,0
24116,1.11641462298,0
24117,0.840834612317,0
24118,1.21305525976,0
24119,0.983274379618,0
24120,1.00170630475,0
24121,0.981049516726,0
24122,1.25501511739,0
24123,1.06066819708,0
24124,1.09057435754,0
24125,1.10934410535,0
24126,1.17299742798,0
24127,1.29300451632,0
24128,1.56396469148,0
24129,1.41716000063,0
24130,1.29317678206,0
24131,1.63637392429,0
24132,1.61937303123,0
24133,1.31065643983,0
24134,1.60714773329,0
24135,1.74089980491,0
24136,1.74302516696,0
24137,1.44314987393,0
24138,1.79126858905,0
24139,1.43758575189,0
24140,1.767177775,0
24141,1.82987282943,0
24142,1.66047866098,0
24143,1.68617346637,0
24144,1.4622501745,0
24145,1.54773884823,0
24146,1.87313056901,0
24147,1.81135445699,0
24148,1.73466801104,0
24149,1.47139923665,0
24150,1.48883885119,0
24151,1.72728724048,0
24152,1.86329866644,0
24153,1.7900092646,0
24154,1.65483154071,0
24155,1.62108549489,0
24156,1.6945584138,0
24157,1.66185719815,0
24158,1.57791012833,0
24159,1.39817455698,0
24160,1.63993959786,0
24161,1.37154903154,0
24162,1.53876372766,0
24163,1.3386253575,0
24164,1.64000634891,0
24165,1.34729680222,0
24166,1.54763059173,0
24167,1.34056366373,0
24168,1.34245364395,0
24169,1.54895982236,0
24170,1.1861788002,0
24171,1.29431353105,0
24172,1.13141024346,0
24173,1.43197144807,0
24174,1.14310005364,0
24175,1.02983711565,0
24176,1.29001232349,0
24177,1.37379419722,0
24178,1.0765759903,0
24179,1.27488126429,0
24180,1.07085675391,0
24181,1.22608343337,0
24182,1.1549396671,0
24183,0.738128524567,0
24184,1.03303669787,0
24185,1.07941139476,0
24186,0.653067166474,0
24187,0.610478105504,0
24188,0.926658661215,0
24189,0.904346565393,0
24190,0.591532498659,0
24191,0.61707699903,0
24192,0.380525879206,0
24193,0.399723187601,0
24194,0.650890539833,0
24195,0.651380643503,0
24196,0.477507498027,0
24197,0.55898767287,0
24198,0.185436346586,0
24199,0.478152245796,0
24200,-0.0173487443749,0
24201,0.0483735501613,0
24202,0.262634546423,0
24203,0.0651217648876,0
24204,-0.112043663931,0
24205,-0.262693588021,0
24206,0.013270268681,0
24207,-0.353761201152,0
24208,-0.28251332132,0
24209,-0.240825865898,0
24210,-0.0991599143325,0
24211,-0.354640913725,0
24212,-0.268277089442,0
24213,-0.488194811538,0
24214,-0.593304966861,0
24215,-0.3174084753,0
24216,-0.565535040913,0
24217,-0.779394229389,0
24218,-0.775008443245,0
24219,-0.609071267177,0
24220,-0.49687266434,0
24221,-0.863434126818,0
24222,-0.764361457904,0
24223,-0.994304978951,0
24224,-1.02641757611,0
24225,-0.67642973888,0
24226,-0.740008422858,0
24227,-0.69922831798,0
24228,-0.771107367174,0
24229,-0.806995899828,0
24230,-0.998119764134,0
24231,-1.11545485626,0
24232,-1.12461606608,0
24233,-0.910042198408,0
24234,-1.28994508615,0
24235,-1.31114264925,0
24236,-0.91620919551,0
24237,-1.20827970505,0
24238,-1.26426693874,0
24239,-1.37083501932,0
24240,-1.39630059661,0
24241,-0.992684028359,0
24242,-1.36468235334,0
24243,-1.40788491139,0
24244,-1.12459377382,0
24245,-1.10484979569,0
24246,-1.21545011636,0
24247,-1.08731286889,0
24248,-1.28913937592,0
24249,-1.42699395343,0
24250,-1.29774420775,0
24251,-1.04536353554,0
24252,-1.46145885961,0
24253,-1.31597957766,0
24254,-1.43292885404,0
24255,-1.17374811092,0
24256,-1.43546780132,0
24257,-1.04420097311,0
24258,-1.16172232928,0
24259,-1.31426483415,0
24260,-1.39178637126,0
24261,-1.07477094522,0
24262,-0.957074011893,0
24263,-0.945142821799,0
24264,-0.968927823201,0
24265,-0.994170595234,0
24266,-1.13677131188,0
24267,-0.965588856562,0
24268,-0.842791957475,0
24269,-1.05352143512,0
24270,-1.15271050022,0
24271,-0.835699794901,0
24272,-0.810454630069,0
24273,-0.810595867397,0
24274,-0.965904509007,0
24275,-1.03116142271,0
24276,-0.810970659087,0
24277,-0.784537164327,0
24278,-0.656338386128,0
24279,-0.79200126588,0
24280,-0.863634999539,0
24281,-0.835135070732,0
24282,-0.425277342217,0
24283,-0.368809160335,0
24284,-0.714207541244,0
24285,-0.264279546083,0
24286,-0.323579780898,0
24287,-0.188015661551,0
24288,-0.230919757596,0
24289,-0.106888737856,0
24290,-0.0873056176693,0
24291,-0.432122393389,0
24292,-0.213129114033,0
24293,-0.120401180008,0
24294,-0.282980645301,0
24295,-0.1605851392,0
24296,-0.218249462461,0
24297,0.133379478655,0
24298,0.266413272052,0
24299,0.136205474439,0
24300,0.0180736939956,0
24301,0.250883307743,0
24302,0.27201094075,0
24303,0.155117659691,0
24304,0.160340799223,0
24305,0.513595225361,0
24306,0.626091714995,0
24307,0.341639182919,0
24308,0.717413707032,0
24309,0.348887146455,0
24310,0.803670292568,0
24311,0.555483191795,0
24312,0.686694789144,0
24313,0.581998463964,0
24314,0.76386512622,0
24315,0.883951339539,0
24316,0.990965976163,0
24317,0.715385965501,0
24318,1.08760661295,0
24319,0.857825732803,0
24320,0.876257657939,0
24321,0.85560086991,0
24322,1.12956647058,0
24323,0.935219550267,0
24324,0.965125710726,0
24325,0.983895458531,0
24326,1.04754878116,0
24327,1.1675558695,0
24328,1.43851604467,0
24329,1.29171135382,0
24330,1.16772813525,0
24331,1.51092527747,0
24332,1.49392438441,0
24333,1.18520779302,0
24334,1.48169908647,0
24335,1.6154511581,0
24336,1.61757652015,0
24337,1.31770122711,0
24338,1.66581994224,0
24339,1.31213710507,0
24340,1.64172912818,0
24341,1.70442418261,0
24342,1.53503001416,0
24343,1.56072481955,0
24344,1.33680152768,0
24345,1.42229020142,0
24346,1.7476819222,0
24347,1.68590581017,0
24348,1.60921936422,0
24349,1.34595058983,0
24350,1.36339020437,0
24351,1.60183859366,0
24352,1.73785001962,0
24353,1.66456061779,0
24354,1.5293828939,0
24355,1.49563684807,0
24356,1.56910976698,0
24357,1.53640855133,0
24358,1.45246148151,0
24359,1.27272591016,0
24360,1.51449095104,0
24361,1.24610038472,0
24362,1.41331508084,0
24363,1.21317671068,0
24364,1.51455770209,0
24365,1.22184815541,0
24366,1.42218194491,0
24367,1.21511501691,0
24368,1.21700499713,0
24369,1.42351117554,0
24370,1.06073015339,0
24371,1.16886488423,0
24372,1.00596159665,0
24373,1.30652280125,0
24374,1.01765140683,0
24375,0.904388468838,0
24376,1.16456367667,0
24377,1.24834555041,0
24378,0.951127343486,0
24379,1.14943261747,0
24380,0.945408107097,0
24381,1.10063478655,0
24382,1.02949102029,0
24383,0.612679877752,0
24384,0.907588051058,0
24385,0.953962747947,0
24386,0.527618519659,0
24387,0.485029458689,0
24388,0.8012100144,0
24389,0.778897918578,0
24390,0.466083851844,0
24391,0.491628352215,0
24392,0.255077232391,0
24393,0.274274540786,0
24394,0.525441893018,0
24395,0.525931996687,0
24396,0.352058851212,0
24397,0.433539026055,0
24398,0.0599876997709,0
24399,0.352703598981,0
24400,0.0192401949385,0
24401,0.0849624894747,0
24402,0.299223485737,0
24403,0.101710704201,0
24404,-0.0754547246175,0
24405,-0.226104648708,0
24406,0.0498592079944,0
24407,-0.317172261838,0
24408,-0.245924382006,0
24409,-0.204236926585,0
24410,-0.0625709750191,0
24411,-0.318051974412,0
24412,-0.231688150129,0
24413,-0.451605872225,0
24414,-0.556716027548,0
24415,-0.280819535987,0
24416,-0.5289461016,0
24417,-0.742805290076,0
24418,-0.738419503931,0
24419,-0.572482327863,0
24420,-0.460283725027,0
24421,-0.826845187505,0
24422,-0.727772518591,0
24423,-0.957716039638,0
24424,-0.989828636794,0
24425,-0.639840799567,0
24426,-0.703419483544,0
24427,-0.662639378666,0
24428,-0.734518427861,0
24429,-0.770406960515,0
24430,-0.96153082482,0
24431,-1.07886591695,0
24432,-1.08802712677,0
24433,-0.873453259095,0
24434,-1.25335614683,0
24435,-1.27455370994,0
24436,1.44448751804,1
24437,1.46949605913,1
24438,1.4911177121,1
24439,1.50929561476,1
24440,1.52398196156,1
24441,1.53513812927,1
24442,1.54273477862,1
24443,1.54675193138,1
24444,1.54717902296,1
24445,1.54401493015,1
24446,1.53726797412,1
24447,1.5269558985,1
24448,1.51310582273,1
24449,1.49575417074,1
24450,1.47494657514,1
24451,1.45073775726,1
24452,1.42319138319,1
24453,1.39237989637,1
24454,1.35838432707,1
24455,1.32129407928,1
24456,1.28120669562,1
24457,1.23822760076,1
24458,1.19246982424,1
24459,1.14405370316,1
24460,1.0931065657,1
24461,1.03976239634,1
24462,0.984161483409,1
24463,0.926450050195,1
24464,0.866779870386,1
24465,0.805307868921,1
24466,0.742195709298,1
24467,0.677609368423,1
24468,0.611718700111,1
24469,0.544696988389,1
24470,0.476720491785,1
24471,0.407967979787,1
24472,0.338620262708,1
24473,0.26885971617,1
24474,0.198869801487,1
24475,0.12883458318,1
24476,0.0589382449129,1
24477,-0.0106353948863,1
24478,-0.0797033664461,1
24479,-0.148084029837,1
24480,-0.215597552663,1
24481,-0.282066382997,1
24482,-0.347315716317,1
24483,-0.411173955226,1
24484,-0.473473160724,1
24485,-0.534049493871,1
24486,-0.592743646661,1
24487,-0.649401260981,1
24488,-0.703873334554,1
24489,-0.756016612795,1
24490,-0.805693965553,1
24491,-0.852774747746,1
24492,-0.89713514294,1
24493,-0.938658488971,1
24494,-0.977235584751,1
24495,-1.01276497745,1
24496,-1.04515322932,1
24497,-1.07431516339,1
24498,-1.10017408752,1
24499,-1.12266199603,1
24500,-1.14171974861,1
24501,-1.1572972258,1
24502,-1.16935346084,1
24503,-1.17785674736,1
24504,-1.18278472282,1
24505,-1.18412442726,1
24506,-1.18187233743,1
24507,-1.17603437605,1
24508,-1.1666258962,1
24509,-1.15367164099,1
24510,-1.13720567844,1
24511,-1.11727131194,1
24512,-1.09392096631,1
24513,-1.06721604997,1
24514,-1.03722679345,1
24515,-1.00403206465,1
24516,-0.96771916145,1
24517,-0.928383582153,1
24518,-0.886128774295,1
24519,-0.841065862616,1
24520,-0.793313356807,1
24521,-0.742996839851,1
24522,-0.690248637749,1
24523,-0.635207471525,1
24524,-0.578018092404,1
24525,-0.518830901136,1
24526,-0.457801552463,1
24527,-0.395090545765,1
24528,-0.330862802965,1
24529,-0.26528723481,1
24530,-0.198536296656,1
24531,-0.130785534929,1
24532,-0.0622131254658,1
24533,0.00700059506979,1
24534,0.0766736034475,1
24535,0.146622668569,1
24536,0.216663833342,1
24537,0.286612898463,1
24538,0.356285906841,1
24539,0.425499627377,1
24540,0.49407203684,1
24541,0.561822798566,1
24542,0.628573736721,1
24543,0.694149304876,1
24544,0.758377047676,1
24545,0.821088054374,1
24546,0.882117403047,1
24547,0.941304594314,1
24548,0.998493973435,1
24549,1.05353513966,1
24550,1.10628334176,1
24551,1.15659985872,1
24552,1.20435236453,1
24553,1.24941527621,1
24554,1.29167008406,1
24555,1.33100566336,1
24556,1.36731856656,1
24557,1.40051329536,1
24558,1.43050255188,1
24559,1.45720746822,1
24560,1.48055781385,1
24561,1.50049218035,1
24562,1.5169581429,1
24563,1.52991239811,1
24564,1.53932087796,1
24565,1.54515883934,1
24566,1.54741092917,1
24567,1.54607122473,1
24568,1.54114324927,1
24569,1.53263996275,1
24570,1.52058372771,1
24571,1.50500625052,1
24572,1.48594849794,1
24573,1.46346058943,1
24574,1.43760166531,1
24575,1.40843973123,1
24576,1.37605147936,1
24577,1.34052208666,1
24578,1.30194499088,1
24579,1.26042164485,1
24580,1.21606124966,1
24581,1.16898046746,1
24582,1.11930311471,1
24583,1.06715983646,1
24584,1.01268776289,1
24585,0.956030148572,1
24586,0.897335995782,1
24587,0.836759662635,1
24588,0.774460457137,1
24589,0.710602218228,1
24590,0.645352884908,1
24591,0.578884054574,1
24592,0.511370531748,1
24593,0.442989868357,1
24594,0.373921896797,1
24595,0.304348256998,1
24596,0.234451918731,1
24597,0.164416700424,1
24598,0.0944267857406,1
24599,0.0246662392029,1
24600,-0.023125355371,1
24601,-0.0918778673683,1
24602,-0.159854363973,1
24603,-0.226876075695,1
24604,-0.292766744007,1
24605,-0.357353084881,1
24606,-0.420465244504,1
24607,-0.48193724597,1
24608,-0.541607425779,1
24609,-0.599318858993,1
24610,-0.654919771925,1
24611,-0.708263941287,1
24612,-0.759211078739,1
24613,-0.807627199827,1
24614,-0.853384976347,1
24615,-0.8963640712,1
24616,-0.936451454866,1
24617,-0.973541702654,1
24618,-1.00753727196,1
24619,-1.03834875878,1
24620,-1.06589513285,1
24621,-1.09010395073,1
24622,-1.11091154632,1
24623,-1.12826319831,1
24624,-1.14211327409,1
24625,-1.15242534971,1
24626,-1.15917230573,1
24627,-1.16233639854,1
24628,-1.16190930697,1
24629,-1.15789215421,1
24630,-1.15029550486,1
24631,-1.13913933714,1
24632,-1.12445299034,1
24633,-1.10627508768,1
24634,-1.08465343471,1
24635,-1.05964489362,1
24636,-0.858064133691,0
24637,-1.15013464323,0
24638,-1.20612187692,0
24639,-1.3126899575,0
24640,-1.33815553479,0
24641,-0.93453896654,0
24642,-1.30653729152,0
24643,-1.34973984957,0
24644,-1.066448712,0
24645,-1.04670473387,0
24646,-1.15730505454,0
24647,-1.02916780707,0
24648,-1.2309943141,0
24649,-1.36884889161,0
24650,-1.23959914593,0
24651,-0.987218473721,0
24652,-1.40331379779,0
24653,-1.25783451584,0
24654,-1.37478379222,0
24655,-1.1156030491,0
24656,-1.3773227395,0
24657,-0.986055911291,0
24658,-1.10357726746,0
24659,-1.25611977233,0
24660,-1.33364130944,0
24661,-1.0166258834,0
24662,-0.898928950074,0
24663,-0.88699775998,0
24664,-0.910782761382,0
24665,-0.936025533415,0
24666,-1.07862625006,0
24667,-0.907443794743,0
24668,-0.784646895656,0
24669,-0.995376373301,0
24670,-1.0945654384,0
24671,-0.777554733082,0
24672,-0.75230956825,0
24673,-0.752450805578,0
24674,-0.907759447188,0
24675,-0.973016360894,0
24676,-0.752825597268,0
24677,-0.726392102508,0
24678,-0.598193324309,0
24679,-0.733856204061,0
24680,-0.80548993772,0
24681,-0.776990008913,0
24682,-0.367132280399,0
24683,-0.310664098516,0
24684,-0.656062479425,0
24685,-0.206134484264,0
24686,-0.265434719079,0
24687,-0.129870599732,0
24688,-0.172774695777,0
24689,-0.048743676037,0
24690,-0.0291605558504,0
24691,-0.37397733157,0
24692,-0.154984052215,0
24693,-0.0622561181894,0
24694,-0.224835583482,0
24695,-0.102440077381,0
24696,-0.160104400642,0
24697,0.191524540474,0
24698,0.324558333871,0
24699,0.194350536258,0
24700,0.0762187558145,0
24701,0.309028369562,0
24702,0.330156002569,0
24703,0.21326272151,0
24704,0.218485861042,0
24705,0.57174028718,0
24706,0.684236776814,0
24707,0.399784244738,0
24708,0.77555876885,0
24709,0.407032208274,0
24710,0.861815354387,0
24711,0.613628253614,0
24712,0.744839850963,0
24713,0.640143525783,0
24714,0.822010188039,0
24715,0.942096401358,0
24716,1.04911103798,0
24717,0.77353102732,0
24718,1.14575167476,0
24719,0.915970794622,0
24720,0.934402719758,0
24721,0.913745931729,0
24722,1.1877115324,0
24723,0.993364612086,0
24724,1.02327077254,0
24725,1.04204052035,0
24726,1.10569384298,0
24727,1.22570093132,0
24728,1.49666110649,0
24729,1.34985641564,0
24730,1.22587319706,0
24731,1.56907033929,0
24732,1.55206944623,0
24733,1.24335285484,0
24734,1.53984414829,0
24735,1.67359621992,0
24736,1.67572158197,0
24737,1.37584628893,0
24738,1.72396500406,0
24739,1.37028216689,0
24740,1.69987419,0
24741,1.76256924443,0
24742,1.59317507598,0
24743,1.61886988137,0
24744,1.3949465895,0
24745,1.48043526323,0
24746,1.80582698402,0
24747,1.74405087199,0
24748,1.66736442604,0
24749,1.40409565165,0
24750,1.42153526619,0
24751,1.65998365548,0
24752,1.79599508144,0
24753,1.72270567961,0
24754,1.58752795572,0
24755,1.55378190989,0
24756,1.6272548288,0
24757,1.59455361315,0
24758,1.51060654333,0
24759,1.33087097198,0
24760,1.57263601286,0
24761,1.30424544654,0
24762,1.47146014266,0
24763,1.2713217725,0
24764,1.57270276391,0
24765,1.27999321723,0
24766,1.48032700673,0
24767,1.27326007873,0
24768,1.27515005895,0
24769,1.48165623736,0
24770,1.11887521521,0
24771,1.22700994605,0
24772,1.06410665847,0
24773,1.36466786307,0
24774,1.07579646864,0
24775,0.962533530657,0
24776,1.22270873849,0
24777,1.30649061223,0
24778,1.0092724053,0
24779,1.20757767929,0
24780,1.00355316892,0
24781,1.15877984837,0
24782,1.0876360821,0
24783,0.670824939571,0
24784,0.965733112877,0
24785,1.01210780977,0
24786,0.585763581478,0
24787,0.543174520507,0
24788,0.859355076219,0
24789,0.837042980397,0
24790,0.524228913663,0
24791,0.549773414034,0
24792,0.31322229421,0
24793,0.332419602605,0
24794,0.583586954837,0
24795,0.584077058506,0
24796,0.410203913031,0
24797,0.491684087874,0
24798,0.11813276159,0
24799,0.4108486608,0
24800,0.254703731364,0
24801,0.3204260259,0
24802,0.534687022162,0
24803,0.337174240627,0
24804,0.160008811808,0
24805,0.00935888771753,0
24806,0.28532274442,0
24807,-0.0817087254129,0
24808,-0.0104608455807,0
24809,0.0312266098409,0
24810,0.172892561406,0
24811,-0.0825884379861,0
24812,0.0037753862967,0
24813,-0.216142335799,0
24814,-0.321252491122,0
24815,-0.0453559995613,0
24816,-0.293482565174,0
24817,-0.50734175365,0
24818,-0.502955967506,0
24819,-0.337018791438,0
24820,-0.224820188601,0
24821,-0.591381651079,0
24822,-0.492308982165,0
24823,-0.722252503212,0
24824,-0.754365100369,0
24825,-0.404377263141,0
24826,-0.467955947119,0
24827,-0.427175842241,0
24828,-0.499054891435,0
24829,-0.534943424089,0
24830,-0.726067288395,0
24831,-0.843402380525,0
24832,-0.852563590346,0
24833,-0.637989722669,0
24834,-1.01789261041,0
24835,-1.03909017351,0
24836,-0.644156719771,0
24837,-0.936227229313,0
24838,-0.992214463001,0
24839,-1.09878254358,0
24840,-1.12424812087,0
24841,-0.72063155262,0
24842,-1.0926298776,0
24843,-1.13583243565,0
24844,-0.852541298079,0
24845,-0.832797319949,0
24846,-0.943397640625,0
24847,-0.81526039315,0
24848,-1.01708690018,0
24849,-1.15494147769,0
24850,-1.02569173201,0
24851,-0.773311059801,0
24852,-1.18940638387,0
24853,-1.04392710192,0
24854,-1.1608763783,0
24855,-0.901695635183,0
24856,-1.16341532558,0
24857,-0.772148497371,0
24858,-0.889669853541,0
24859,-1.04221235841,0
24860,-1.11973389552,0
24861,-0.802718469482,0
24862,-0.685021536154,0
24863,-0.67309034606,0
24864,-0.696875347462,0
24865,-0.722118119495,0
24866,-0.864718836139,0
24867,-0.693536380823,0
24868,-0.570739481736,0
24869,-0.781468959381,0
24870,-0.880658024478,0
24871,-0.563647319162,0
24872,-0.53840215433,0
24873,-0.538543391658,0
24874,-0.693852033268,0
24875,-0.759108946974,0
24876,-0.538918183348,0
24877,-0.512484688588,0
24878,-0.384285910389,0
24879,-0.519948790141,0
24880,-0.5915825238,0
24881,-0.563082594993,0
24882,-0.153224866478,0
24883,-0.0967566845961,0
24884,-0.442155065505,0
24885,0.00777292965565,0
24886,-0.051527305159,0
24887,0.0840368141879,0
24888,0.0411327181432,0
24889,0.165163737883,0
24890,0.18474685807,0
24891,-0.16006991765,0
24892,0.0589233617055,0
24893,0.151651295731,0
24894,-0.0109281695621,0
24895,0.111467336539,0
24896,0.0538030132777,0
24897,0.405431954394,0
24898,0.538465747791,0
24899,0.408257950178,0
24900,0.290126169735,0
24901,0.522935783482,0
24902,0.544063416489,0
24903,0.42717013543,0
24904,0.432393274962,0
24905,0.7856477011,0
24906,0.898144190734,0
24907,0.613691658658,0
24908,0.98946618277,0
24909,0.620939622194,0
24910,1.07572276831,0
24911,0.827535667534,0
24912,0.958747264883,0
24913,0.854050939703,0
24914,1.03591760196,0
24915,1.15600381528,0
24916,1.2630184519,0
24917,0.98743844124,0
24918,1.35965908868,0
24919,1.12987820854,0
24920,1.14831013368,0
24921,1.12765334565,0
24922,1.40161894632,0
24923,1.20727202601,0
24924,1.23717818646,0
24925,1.25594793427,0
24926,1.3196012569,0
24927,1.43960834524,0
24928,1.71056852041,0
24929,1.56376382956,0
24930,1.43978061098,0
24931,1.78297775321,0
24932,1.76597686015,0
24933,1.45726026876,0
24934,1.75375156221,0
24935,1.88750363384,0
24936,1.88962899589,0
24937,1.58975370285,0
24938,1.93787241798,0
24939,1.58418958081,0
24940,1.91378160392,0
24941,1.97647665835,0
24942,1.8070824899,0
24943,1.83277729529,0
24944,1.60885400342,0
24945,1.69434267715,0
24946,2.01973439794,0
24947,1.95795828591,0
24948,1.88127183996,0
24949,1.61800306557,0
24950,1.63544268011,0
24951,1.8738910694,0
24952,2.00990249536,0
24953,1.93661309353,0
24954,1.80143536964,0
24955,1.76768932381,0
24956,1.84116224272,0
24957,1.80846102707,0
24958,1.72451395725,0
24959,1.5447783859,0
24960,1.78654342678,0
24961,1.51815286046,0
24962,1.68536755658,0
24963,1.48522918642,0
24964,1.78661017783,0
24965,1.49390063115,0
24966,1.69423442065,0
24967,1.48716749265,0
24968,1.48905747287,0
24969,1.69556365128,0
24970,1.33278262913,0
24971,1.44091735997,0
24972,1.27801407239,0
24973,1.57857527699,0
24974,1.28970388256,0
24975,1.17644094458,0
24976,1.43661615241,0
24977,1.52039802615,0
24978,1.22317981922,0
24979,1.42148509321,0
24980,1.21746058284,0
24981,1.37268726229,0
24982,1.30154349602,0
24983,0.884732353491,0
24984,1.1796405268,0
24985,1.22601522369,0
24986,0.799670995398,0
24987,0.757081934427,0
24988,1.07326249014,0
24989,1.05095039432,0
24990,0.738136327583,0
24991,0.763680827954,0
24992,0.52712970813,0
24993,0.546327016525,0
24994,0.797494368757,0
24995,0.797984472426,0
24996,0.624111326951,0
24997,0.705591501794,0
24998,0.33204017551,0
24999,0.62475607472,0
25000,0.270734275021,0
25001,0.336456569557,0
25002,0.550717565819,0
25003,0.353204784284,0
25004,0.176039355465,0
25005,0.0253894313747,0
25006,0.301353288077,0
25007,-0.0656781817557,0
25008,0.0055696980764,0
25009,0.0472571534981,0
25010,0.188923105064,0
25011,-0.066557894329,0
25012,0.0198059299538,0
25013,-0.200111792142,0
25014,-0.305221947465,0
25015,-0.0293254559042,0
25016,-0.277452021517,0
25017,-0.491311209993,0
25018,-0.486925423848,0
25019,-0.320988247781,0
25020,-0.208789644944,0
25021,-0.575351107422,0
25022,-0.476278438508,0
25023,-0.706221959555,0
25024,-0.738334556712,0
25025,-0.388346719484,0
25026,-0.451925403462,0
25027,-0.411145298584,0
25028,-0.483024347778,0
25029,-0.518912880432,0
25030,-0.710036744738,0
25031,-0.827371836867,0
25032,-0.836533046689,0
25033,-0.621959179012,0
25034,-1.00186206675,0
25035,-1.02305962985,0
25036,-0.628126176113,0
25037,-0.920196685656,0
25038,-0.976183919344,0
25039,-1.08275199992,0
25040,-1.10821757722,0
25041,-0.704601008963,0
25042,-1.07659933394,0
25043,-1.11980189199,0
25044,-0.836510754422,0
25045,-0.816766776291,0
25046,-0.927367096968,0
25047,-0.799229849493,0
25048,-1.00105635652,0
25049,-1.13891093404,0
25050,-1.00966118835,0
25051,-0.757280516144,0
25052,-1.17337584021,0
25053,-1.02789655827,0
25054,-1.14484583465,0
25055,-0.885665091526,0
25056,-1.14738478192,0
25057,-0.756117953714,0
25058,-0.873639309883,0
25059,-1.02618181475,0
25060,-1.10370335186,0
25061,-0.786687925825,0
25062,-0.668990992497,0
25063,-0.657059802403,0
25064,-0.680844803805,0
25065,-0.706087575838,0
25066,-0.848688292482,0
25067,-0.677505837166,0
25068,-0.554708938079,0
25069,-0.765438415724,0
25070,-0.864627480821,0
25071,-0.547616775505,0
25072,-0.522371610673,0
25073,-0.522512848001,0
25074,-0.677821489611,0
25075,-0.743078403317,0
25076,-0.522887639691,0
25077,-0.49645414493,0
25078,-0.368255366732,0
25079,-0.503918246484,0
25080,-0.575551980142,0
25081,-0.547052051336,0
25082,-0.137194322821,0
25083,-0.0807261409389,0
25084,-0.426124521848,0
25085,0.0238034733128,0
25086,-0.0354967615019,0
25087,0.100067357845,0
25088,0.0571632618003,0
25089,0.18119428154,0
25090,0.200777401727,0
25091,-0.144039373993,0
25092,0.0749539053627,0
25093,0.167681839388,0
25094,0.00510237409498,0
25095,0.127497880196,0
25096,0.0698335569348,0
25097,0.421462498051,0
25098,0.554496291448,0
25099,0.424288493835,0
25100,0.306156713392,0
25101,0.538966327139,0
25102,0.560093960146,0
25103,0.443200679087,0
25104,0.448423818619,0
25105,0.801678244757,0
25106,0.914174734392,0
25107,0.629722202315,0
25108,1.00549672643,0
25109,0.636970165851,0
25110,1.09175331196,0
25111,0.843566211191,0
25112,0.97477780854,0
25113,0.87008148336,0
25114,1.05194814562,0
25115,1.17203435893,0
25116,1.27904899556,0
25117,1.0034689849,0
25118,1.37568963234,0
25119,1.1459087522,0
25120,1.16434067733,0
25121,1.14368388931,0
25122,1.41764948997,0
25123,1.22330256966,0
25124,1.25320873012,0
25125,1.27197847793,0
25126,1.33563180056,0
25127,1.4556388889,0
25128,1.72659906406,0
25129,1.57979437322,0
25130,1.45581115464,0
25131,1.79900829687,0
25132,1.78200740381,0
25133,1.47329081242,0
25134,1.76978210587,0
25135,1.90353417749,0
25136,1.90565953954,0
25137,1.60578424651,0
25138,1.95390296163,0
25139,1.60022012447,0
25140,1.92981214758,0
25141,1.99250720201,0
25142,1.82311303356,0
25143,1.84880783895,0
25144,1.62488454708,0
25145,1.71037322081,0
25146,2.03576494159,0
25147,1.97398882957,0
25148,1.89730238362,0
25149,1.63403360923,0
25150,1.65147322377,0
25151,1.88992161306,0
25152,2.02593303902,0
25153,1.95264363718,0
25154,1.8174659133,0
25155,1.78371986747,0
25156,1.85719278638,0
25157,1.82449157073,0
25158,1.74054450091,0
25159,1.56080892956,0
25160,1.80257397044,0
25161,1.53418340412,0
25162,1.70139810024,0
25163,1.50125973008,0
25164,1.80264072149,0
25165,1.5099311748,0
25166,1.71026496431,0
25167,1.50319803631,0
25168,1.50508801653,0
25169,1.71159419494,0
25170,1.34881317278,0
25171,1.45694790363,0
25172,1.29404461604,0
25173,1.59460582065,0
25174,1.30573442622,0
25175,1.19247148823,0
25176,1.45264669607,0
25177,1.5364285698,0
25178,1.23921036288,0
25179,1.43751563687,0
25180,1.23349112649,0
25181,1.38871780595,0
25182,1.31757403968,0
25183,0.900762897148,0
25184,1.19567107045,0
25185,1.24204576734,0
25186,0.815701539055,0
25187,0.773112478085,0
25188,1.0892930338,0
25189,1.06698093797,0
25190,0.75416687124,0
25191,0.779711371611,0
25192,0.543160251787,0
25193,0.562357560182,0
25194,0.813524912414,0
25195,0.814015016083,0
25196,0.640141870608,0
25197,0.721622045451,0
25198,0.348070719167,0
25199,0.640786618377,0
25200,0.374706225787,0
25201,0.440428520323,0
25202,0.654689516585,0
25203,0.457176735049,0
25204,0.280011306231,0
25205,0.12936138214,0
25206,0.405325238843,0
25207,0.0382937690098,0
25208,0.109541648842,0
25209,0.151229104264,0
25210,0.292895055829,0
25211,0.0374140564365,0
25212,0.123777880719,0
25213,-0.0961398413763,0
25214,-0.201249996699,0
25215,0.0746464948613,0
25216,-0.173480070752,0
25217,-0.387339259228,0
25218,-0.382953473083,0
25219,-0.217016297015,0
25220,-0.104817694179,0
25221,-0.471379156657,0
25222,-0.372306487743,0
25223,-0.60225000879,0
25224,-0.634362605946,0
25225,-0.284374768719,0
25226,-0.347953452696,0
25227,-0.307173347818,0
25228,-0.379052397013,0
25229,-0.414940929667,0
25230,-0.606064793972,0
25231,-0.723399886102,0
25232,-0.732561095923,0
25233,-0.517987228247,0
25234,-0.897890115986,0
25235,-0.919087679088,0
25236,-0.524154225348,0
25237,-0.81622473489,0
25238,-0.872211968578,0
25239,-0.978780049156,0
25240,-1.00424562645,0
25241,-0.600629058197,0
25242,-0.972627383174,0
25243,-1.01582994123,0
25244,-0.732538803656,0
25245,-0.712794825526,0
25246,-0.823395146202,0
25247,-0.695257898728,0
25248,-0.897084405758,0
25249,-1.03493898327,0
25250,-0.905689237585,0
25251,-0.653308565378,0
25252,-1.06940388945,0
25253,-0.9239246075,0
25254,-1.04087388388,0
25255,-0.78169314076,0
25256,-1.04341283115,0
25257,-0.652146002949,0
25258,-0.769667359118,0
25259,-0.922209863988,0
25260,-0.999731401094,0
25261,-0.68271597506,0
25262,-0.565019041731,0
25263,-0.553087851637,0
25264,-0.576872853039,0
25265,-0.602115625073,0
25266,-0.744716341717,0
25267,-0.573533886401,0
25268,-0.450736987314,0
25269,-0.661466464959,0
25270,-0.760655530055,0
25271,-0.443644824739,0
25272,-0.418399659907,0
25273,-0.418540897236,0
25274,-0.573849538846,0
25275,-0.639106452551,0
25276,-0.418915688925,0
25277,-0.392482194165,0
25278,-0.264283415967,0
25279,-0.399946295719,0
25280,-0.471580029377,0
25281,-0.44308010057,0
25282,-0.0332223720559,0
25283,0.0232458098265,0
25284,-0.322152571082,0
25285,0.127775424078,0
25286,0.0684751892636,0
25287,0.20403930861,0
25288,0.161135212566,0
25289,0.285166232306,0
25290,0.304749352492,0
25291,-0.0400674232274,0
25292,0.178925856128,0
25293,0.271653790153,0
25294,0.10907432486,0
25295,0.231469830961,0
25296,0.1738055077,0
25297,0.525434448817,0
25298,0.658468242214,0
25299,0.528260444601,0
25300,0.410128664157,0
25301,0.642938277904,0
25302,0.664065910911,0
25303,0.547172629853,0
25304,0.552395769385,0
25305,0.905650195523,0
25306,1.01814668516,0
25307,0.73369415308,0
25308,1.10946867719,0
25309,0.740942116617,0
25310,1.19572526273,0
25311,0.947538161956,0
25312,1.07874975931,0
25313,0.974053434125,0
25314,1.15592009638,0
25315,1.2760063097,0
25316,1.38302094632,0
25317,1.10744093566,0
25318,1.47966158311,0
25319,1.24988070296,0
25320,1.2683126281,0
25321,1.24765584007,0
25322,1.52162144074,0
25323,1.32727452043,0
25324,1.35718068089,0
25325,1.37595042869,0
25326,1.43960375132,0
25327,1.55961083966,0
25328,1.83057101483,0
25329,1.68376632398,0
25330,1.55978310541,0
25331,1.90298024763,0
25332,1.88597935457,0
25333,1.57726276318,0
25334,1.87375405663,0
25335,2.00750612826,0
25336,2.00963149031,0
25337,1.70975619728,0
25338,2.0578749124,0
25339,1.70419207524,0
25340,2.03378409834,0
25341,2.09647915277,0
25342,1.92708498433,0
25343,1.95277978971,0
25344,1.72885649784,0
25345,1.81434517158,0
25346,2.13973689236,0
25347,2.07796078033,0
25348,2.00127433438,0
25349,1.73800555999,0
25350,1.75544517453,0
25351,1.99389356383,0
25352,2.12990498978,0
25353,2.05661558795,0
25354,1.92143786406,0
25355,1.88769181823,0
25356,1.96116473714,0
25357,1.92846352149,0
25358,1.84451645168,0
25359,1.66478088032,0
25360,1.90654592121,0
25361,1.63815535488,0
25362,1.80537005101,0
25363,1.60523168085,0
25364,1.90661267225,0
25365,1.61390312557,0
25366,1.81423691507,0
25367,1.60716998708,0
25368,1.6090599673,0
25369,1.81556614571,0
25370,1.45278512355,0
25371,1.56091985439,0
25372,1.39801656681,0
25373,1.69857777141,0
25374,1.40970637699,0
25375,1.296443439,0
25376,1.55661864683,0
25377,1.64040052057,0
25378,1.34318231365,0
25379,1.54148758764,0
25380,1.33746307726,0
25381,1.49268975672,0
25382,1.42154599045,0
25383,1.00473484791,0
25384,1.29964302122,0
25385,1.34601771811,0
25386,0.91967348982,0
25387,0.87708442885,0
25388,1.19326498456,0
25389,1.17095288874,0
25390,0.858138822006,0
25391,0.883683322376,0
25392,0.647132202552,0
25393,0.666329510948,0
25394,0.917496863179,0
25395,0.917986966849,0
25396,0.744113821373,0
25397,0.825593996217,0
25398,0.452042669932,0
25399,0.744758569142,0
25400,0.413049619347,0
25401,0.478771913883,0
25402,0.693032910145,0
25403,1.97564796803,1
25404,1.94038539036,1
25405,1.88899877052,1
25406,1.82209514211,1
25407,1.74046484219,1
25408,1.64507217501,1
25409,1.53704402058,1
25410,1.41765652276,1
25411,1.28832001411,1
25412,1.15056235554,1
25413,1.00601088754,1
25414,0.856373206359,1
25415,0.703416992005,1
25416,0.548949126552,1
25417,0.394794349309,1
25418,0.242773701049,1
25419,0.0946830119409,1
25420,-0.0477283127233,1
25421,-0.182777958364,1
25422,-0.308870574414,1
25423,-0.424516620299,1
25424,-0.528349961483,1
25425,-0.619144007706,1
25426,-0.69582620278,1
25427,-0.757490694766,1
25428,-0.803409036861,1
25429,-0.833038792596,1
25430,-0.846029943669,1
25431,-0.842229024736,1
25432,-0.821680936308,1
25433,-0.78462841434,1
25434,-0.731509162772,1
25435,-0.662950682903,1
25436,-0.579762860677,1
25437,-0.482928399447,1
25438,-0.373591211231,1
25439,-0.253042903604,1
25440,-0.122707521851,1
25441,0.0158752733767,1
25442,0.161068394178,1
25443,0.311156664427,1
25444,0.464367081271,1
25445,0.618889759727,1
25446,0.772899312977,1
25447,0.924576415786,1
25448,1.07212929631,1
25449,1.21381490244,1
25450,1.34795949253,1
25451,1.47297840753,1
25452,1.58739479054,1
25453,1.68985703312,1
25454,1.7791547419,1
25455,1.85423303703,1
25456,1.91420501353,1
25457,1.95836221842,1
25458,1.98618301964,1
25459,1.99733876821,1
25460,1.9916976805,1
25461,1.96932639508,1
25462,1.93048918544,1
25463,1.87564483816,1
25464,1.80544123321,1
25465,1.7207076905,1
25466,1.6224451731,1
25467,1.51181446274,1
25468,1.39012244746,1
25469,1.25880668325,1
25470,1.11941841207,1
25471,0.973604236973,1
25472,0.823086670639,1
25473,0.669643787225,1
25474,0.515088217857,1
25475,0.361245737894,1
25476,0.209933698925,1
25477,0.0629395602645,1
25478,-0.0780002264166,1
25479,-0.211220729917,1
25480,-0.335148207449,1
25481,-0.448318695365,1
25482,-0.549395303063,1
25483,-0.637184005762,1
25484,-0.710647749598,1
25485,-0.768918702413,1
25486,-0.811308505515,1
25487,-0.837316405299,1
25488,-0.846635168695,1
25489,-0.83915471252,1
25490,-0.814963403909,1
25491,-0.77434701642,1
25492,-0.717785354177,1
25493,-0.64594658391,1
25494,-0.559679341854,1
25495,-0.460002708756,1
25496,-0.348094171401,1
25497,-0.225275712885,1
25498,-0.0929981959397,1
25499,0.0471757762114,1
25500,0.193590318985,1
25501,0.344515827517,1
25502,0.498169408602,1
25503,0.652735942126,1
25504,0.80638952321,1
25505,0.957315031743,1
25506,1.10372957452,1
25507,1.24390354667,1
25508,1.37618106361,1
25509,1.49899952213,1
25510,1.61090805948,1
25511,1.71058469258,1
25512,1.79685193464,1
25513,1.86869070491,1
25514,1.92525236715,1
25515,1.96586875464,1
25516,1.99006006325,1
25517,1.99754051942,1
25518,1.98822175603,1
25519,1.96221385624,1
25520,1.91982405314,1
25521,1.86155310033,1
25522,1.78808935649,1
25523,1.70030065379,1
25524,1.59922404609,1
25525,1.48605355818,1
25526,1.36212608065,1
25527,1.22890557714,1
25528,1.08796579046,1
25529,0.940971651803,1
25530,0.789659612834,1
25531,0.635817132871,1
25532,0.481261563503,1
25533,0.327818680089,1
25534,0.177301113754,1
25535,0.0314869386584,1
25536,-0.107901332519,1
25537,-0.239217096734,1
25538,-0.360909112012,1
25539,-0.471539822372,1
25540,-0.569802339775,1
25541,-0.654535882478,1
25542,-0.724739487429,1
25543,-0.779583834711,1
25544,-0.818421044351,1
25545,-0.840792329775,1
25546,-0.846433417479,1
25547,-0.835277668913,1
25548,-0.807456867688,1
25549,-0.763299662805,1
25550,-0.7033276863,1
25551,-0.628249391176,1
25552,-0.538951682395,1
25553,-0.436489439809,1
25554,-0.322073056798,1
25555,-0.197054141807,1
25556,-0.0629095517078,1
25557,0.078776054414,1
25558,0.226328934942,1
25559,0.378006037751,1
25560,0.532015591001,1
25561,0.686538269457,1
25562,0.8397486863,1
25563,0.98983695655,1
25564,1.13503007735,1
25565,1.27361287258,1
25566,1.40394825433,1
25567,1.52449656196,1
25568,1.63383375017,1
25569,1.7306682114,1
25570,1.81385603363,1
25571,1.8824145135,1
25572,1.93553376507,1
25573,1.97258628704,1
25574,1.99313437546,1
25575,1.9969352944,1
25576,1.98394414332,1
25577,1.95431438759,1
25578,1.90839604549,1
25579,1.84673155351,1
25580,1.77004935843,1
25581,1.67925531221,1
25582,1.57542197103,1
25583,1.45977592514,1
25584,1.33368330909,1
25585,1.19863366345,1
25586,1.05622233879,1
25587,0.908131649678,1
25588,0.756111001419,1
25589,0.601956224175,1
25590,0.447488358723,1
25591,0.294532144369,1
25592,0.144894463186,1
25593,0.000342995189065,1
25594,-0.137414663386,1
25595,-0.266751172031,1
25596,-0.386138669852,1
25597,-0.494166824287,1
25598,-0.589559491465,1
25599,-0.67118979138,1
25600,-0.741739420527,1
25601,-0.793126040368,1
25602,-0.828388618032,1
25603,0.491874127877,0
25604,0.314708699058,0
25605,0.164058774968,0
25606,0.44002263167,0
25607,0.0729911618374,0
25608,0.14423904167,0
25609,0.185926497091,0
25610,0.327592448657,0
25611,0.0721114492641,0
25612,0.158475273547,0
25613,-0.0614424485487,0
25614,-0.166552603872,0
25615,0.109343887689,0
25616,-0.138782677924,0
25617,-0.3526418664,0
25618,-0.348256080255,0
25619,-0.182318904188,0
25620,-0.0701203013513,0
25621,-0.436681763829,0
25622,-0.337609094915,0
25623,-0.567552615962,0
25624,-0.599665213119,0
25625,-0.249677375891,0
25626,-0.313256059869,0
25627,-0.272475954991,0
25628,-0.344355004185,0
25629,-0.380243536839,0
25630,-0.571367401145,0
25631,-0.688702493274,0
25632,-0.697863703095,0
25633,-0.483289835419,0
25634,-0.863192723158,0
25635,-0.88439028626,0
25636,-0.48945683252,0
25637,-0.781527342063,0
25638,-0.83751457575,0
25639,-0.944082656328,0
25640,-0.969548233623,0
25641,-0.56593166537,0
25642,-0.937929990347,0
25643,-0.981132548398,0
25644,-0.697841410829,0
25645,-0.678097432698,0
25646,-0.788697753374,0
25647,-0.6605605059,0
25648,-0.86238701293,0
25649,-1.00024159044,0
25650,-0.870991844757,0
25651,-0.61861117255,0
25652,-1.03470649662,0
25653,-0.889227214672,0
25654,-1.00617649105,0
25655,-0.746995747933,0
25656,-1.00871543833,0
25657,-0.617448610121,0
25658,-0.73496996629,0
25659,-0.887512471161,0
25660,-0.965034008267,0
25661,-0.648018582232,0
25662,-0.530321648904,0
25663,-0.518390458809,0
25664,-0.542175460212,0
25665,-0.567418232245,0
25666,-0.710018948889,0
25667,-0.538836493573,0
25668,-0.416039594486,0
25669,-0.626769072131,0
25670,-0.725958137228,0
25671,-0.408947431912,0
25672,-0.383702267079,0
25673,-0.383843504408,0
25674,-0.539152146018,0
25675,-0.604409059724,0
25676,-0.384218296098,0
25677,-0.357784801337,0
25678,-0.229586023139,0
25679,-0.365248902891,0
25680,-0.436882636549,0
25681,-0.408382707743,0
25682,0.00147502077174,0
25683,0.0579432026542,0
25684,-0.287455178254,0
25685,0.162472816906,0
25686,0.103172582091,0
25687,0.238736701438,0
25688,0.195832605393,0
25689,0.319863625133,0
25690,0.33944674532,0
25691,-0.00537003039974,0
25692,0.213623248956,0
25693,0.306351182981,0
25694,0.143771717688,0
25695,0.266167223789,0
25696,0.208502900528,0
25697,0.560131841645,0
25698,0.693165635041,0
25699,0.562957837428,0
25700,0.444826056985,0
25701,0.677635670732,0
25702,0.698763303739,0
25703,0.581870022681,0
25704,0.587093162213,0
25705,0.94034758835,0
25706,1.05284407798,0
25707,0.768391545908,0
25708,1.14416607002,0
25709,0.775639509445,0
25710,1.23042265556,0
25711,0.982235554784,0
25712,1.11344715213,0
25713,1.00875082695,0
25714,1.19061748921,0
25715,1.31070370253,0
25716,1.41771833915,0
25717,1.14213832849,0
25718,1.51435897594,0
25719,1.28457809579,0
25720,1.30301002093,0
25721,1.2823532329,0
25722,1.55631883357,0
25723,1.36197191326,0
25724,1.39187807372,0
25725,1.41064782152,0
25726,1.47430114415,0
25727,1.59430823249,0
25728,1.86526840766,0
25729,1.71846371681,0
25730,1.59448049824,0
25731,1.93767764046,0
25732,1.9206767474,0
25733,1.61196015601,0
25734,1.90845144946,0
25735,2.04220352109,0
25736,2.04432888314,0
25737,1.7444535901,0
25738,2.09257230523,0
25739,1.73888946806,0
25740,2.06848149117,0
25741,2.1311765456,0
25742,1.96178237715,0
25743,1.98747718254,0
25744,1.76355389067,0
25745,1.8490425644,0
25746,2.17443428519,0
25747,2.11265817316,0
25748,2.03597172721,0
25749,1.77270295282,0
25750,1.79014256736,0
25751,2.02859095665,0
25752,2.16460238261,0
25753,2.09131298078,0
25754,1.95613525689,0
25755,1.92238921106,0
25756,1.99586212997,0
25757,1.96316091432,0
25758,1.8792138445,0
25759,1.69947827315,0
25760,1.94124331403,0
25761,1.67285274771,0
25762,1.84006744383,0
25763,1.63992907367,0
25764,1.94131006508,0
25765,1.6486005184,0
25766,1.8489343079,0
25767,1.6418673799,0
25768,1.64375736012,0
25769,1.85026353853,0
25770,1.48748251638,0
25771,1.59561724722,0
25772,1.43271395964,0
25773,1.73327516424,0
25774,1.44440376981,0
25775,1.33114083183,0
25776,1.59131603966,0
25777,1.6750979134,0
25778,1.37787970647,0
25779,1.57618498046,0
25780,1.37216047009,0
25781,1.52738714954,0
25782,1.45624338327,0
25783,1.03943224074,0
25784,1.33434041405,0
25785,1.38071511094,0
25786,0.954370882648,0
25787,0.911781821678,0
25788,1.22796237739,0
25789,1.20565028157,0
25790,0.892836214833,0
25791,0.918380715204,0
25792,0.68182959538,0
25793,0.701026903775,0
25794,0.952194256007,0
25795,0.952684359677,0
25796,0.778811214201,0
25797,0.860291389044,0
25798,0.48674006276,0
25799,0.77945596197,0
25800,0.248443729808,0
25801,0.314166024344,0
25802,0.528427020606,0
25803,0.33091423907,0
25804,0.153748810252,0
25805,0.00309888616112,0
25806,0.279062742864,0
25807,-0.0879687269693,0
25808,-0.0167208471371,0
25809,0.0249666082845,0
25810,0.16663255985,0
25811,-0.0888484395425,0
25812,-0.00248461525971,0
25813,-0.222402337355,0
25814,-0.327512492679,0
25815,-0.0516160011177,0
25816,-0.299742566731,0
25817,-0.513601755207,0
25818,-0.509215969062,0
25819,-0.343278792994,0
25820,-0.231080190158,0
25821,-0.597641652636,0
25822,-0.498568983722,0
25823,-0.728512504769,0
25824,-0.760625101925,0
25825,-0.410637264698,0
25826,-0.474215948675,0
25827,-0.433435843797,0
25828,-0.505314892992,0
25829,-0.541203425646,0
25830,-0.732327289951,0
25831,-0.849662382081,0
25832,-0.858823591902,0
25833,-0.644249724226,0
25834,-1.02415261197,0
25835,-1.04535017507,0
25836,-0.650416721327,0
25837,-0.942487230869,0
25838,-0.998474464557,0
25839,-1.10504254513,0
25840,-1.13050812243,0
25841,-0.726891554176,0
25842,-1.09888987915,0
25843,-1.1420924372,0
25844,-0.858801299635,0
25845,-0.839057321505,0
25846,-0.949657642181,0
25847,-0.821520394707,0
25848,-1.02334690174,0
25849,-1.16120147925,0
25850,-1.03195173356,0
25851,-0.779571061357,0
25852,-1.19566638543,0
25853,-1.05018710348,0
25854,-1.16713637986,0
25855,-0.907955636739,0
25856,-1.16967532713,0
25857,-0.778408498928,0
25858,-0.895929855097,0
25859,-1.04847235997,0
25860,-1.12599389707,0
25861,-0.808978471039,0
25862,-0.69128153771,0
25863,-0.679350347616,0
25864,-0.703135349018,0
25865,-0.728378121052,0
25866,-0.870978837696,0
25867,-0.69979638238,0
25868,-0.576999483293,0
25869,-0.787728960938,0
25870,-0.886918026035,0
25871,-0.569907320718,0
25872,-0.544662155886,0
25873,-0.544803393215,0
25874,-0.700112034825,0
25875,-0.76536894853,0
25876,-0.545178184904,0
25877,-0.518744690144,0
25878,-0.390545911946,0
25879,-0.526208791698,0
25880,-0.597842525356,0
25881,-0.569342596549,0
25882,-0.159484868035,0
25883,-0.103016686152,0
25884,-0.448415067061,0
25885,0.00151292809924,0
25886,-0.0577873067154,0
25887,0.0777768126315,0
25888,0.0348727165868,0
25889,0.158903736327,0
25890,0.178486856513,0
25891,-0.166329919206,0
25892,0.0526633601491,0
25893,0.145391294174,0
25894,-0.0171881711186,0
25895,0.105207334982,0
25896,0.0475430117213,0
25897,0.399171952838,0
25898,0.532205746235,0
25899,0.401997948622,0
25900,0.283866168178,0
25901,0.516675781925,0
25902,0.537803414932,0
25903,0.420910133874,0
25904,0.426133273406,0
25905,0.779387699544,0
25906,0.891884189178,0
25907,0.607431657101,0
25908,0.983206181214,0
25909,0.614679620638,0
25910,1.06946276675,0
25911,0.821275665977,0
25912,0.952487263326,0
25913,0.847790938146,0
25914,1.0296576004,0
25915,1.14974381372,0
25916,1.25675845035,0
25917,0.981178439684,0
25918,1.35339908713,0
25919,1.12361820699,0
25920,1.14205013212,0
25921,1.12139334409,0
25922,1.39535894476,0
25923,1.20101202445,0
25924,1.23091818491,0
25925,1.24968793271,0
25926,1.31334125535,0
25927,1.43334834368,0
25928,1.70430851885,0
25929,1.557503828,0
25930,1.43352060943,0
25931,1.77671775165,0
25932,1.75971685859,0
25933,1.4510002672,0
25934,1.74749156066,0
25935,1.88124363228,0
25936,1.88336899433,0
25937,1.5834937013,0
25938,1.93161241642,0
25939,1.57792957926,0
25940,1.90752160236,0
25941,1.97021665679,0
25942,1.80082248835,0
25943,1.82651729373,0
25944,1.60259400186,0
25945,1.6880826756,0
25946,2.01347439638,0
25947,1.95169828435,0
25948,1.8750118384,0
25949,1.61174306402,0
25950,1.62918267855,0
25951,1.86763106785,0
25952,2.0036424938,0
25953,1.93035309197,0
25954,1.79517536808,0
25955,1.76142932226,0
25956,1.83490224117,0
25957,1.80220102551,0
25958,1.7182539557,0
25959,1.53851838434,0
25960,1.78028342523,0
25961,1.5118928589,0
25962,1.67910755503,0
25963,1.47896918487,0
25964,1.78035017627,0
25965,1.48764062959,0
25966,1.68797441909,0
25967,1.4809074911,0
25968,1.48279747132,0
25969,1.68930364973,0
25970,1.32652262757,0
25971,1.43465735841,0
25972,1.27175407083,0
25973,1.57231527543,0
25974,1.28344388101,0
25975,1.17018094302,0
25976,1.43035615085,0
25977,1.51413802459,0
25978,1.21691981767,0
25979,1.41522509166,0
25980,1.21120058128,0
25981,1.36642726074,0
25982,1.29528349447,0
25983,0.878472351935,0
25984,1.17338052524,0
25985,1.21975522213,0
25986,0.793410993841,0
25987,0.750821932871,0
25988,1.06700248858,0
25989,1.04469039276,0
25990,0.731876326027,0
25991,0.757420826397,0
25992,0.520869706573,0
25993,0.540067014969,0
25994,0.7912343672,0
25995,0.79172447087,0
25996,0.617851325394,0
25997,0.699331500238,0
25998,0.325780173953,0
25999,0.618496073163,0
26000,0.400731446475,0
26001,0.466453741011,0
26002,0.680714737273,0
26003,0.483201955737,0
26004,0.306036526919,0
26005,0.155386602828,0
26006,0.431350459531,0
26007,0.0643189896978,0
26008,0.13556686953,0
26009,0.177254324952,0
26010,0.318920276517,0
26011,0.0634392771245,0
26012,0.149803101407,0
26013,-0.0701146206883,0
26014,-0.175224776011,0
26015,0.100671715549,0
26016,-0.147454850064,0
26017,-0.36131403854,0
26018,-0.356928252395,0
26019,-0.190991076327,0
26020,-0.0787924734909,0
26021,-0.445353935969,0
26022,-0.346281267055,0
26023,-0.576224788102,0
26024,-0.608337385258,0
26025,-0.258349548031,0
26026,-0.321928232008,0
26027,-0.28114812713,0
26028,-0.353027176325,0
26029,-0.388915708979,0
26030,-0.580039573284,0
26031,-0.697374665414,0
26032,-0.706535875235,0
26033,-0.491962007559,0
26034,-0.871864895298,0
26035,-0.8930624584,0
26036,-0.49812900466,0
26037,-0.790199514202,0
26038,-0.84618674789,0
26039,-0.952754828468,0
26040,-0.978220405762,0
26041,-0.574603837509,0
26042,-0.946602162486,0
26043,-0.989804720537,0
26044,-0.706513582968,0
26045,-0.686769604838,0
26046,-0.797369925514,0
26047,-0.66923267804,0
26048,-0.87105918507,0
26049,-1.00891376258,0
26050,-0.879664016897,0
26051,-0.62728334469,0
26052,-1.04337866876,0
26053,-0.897899386812,0
26054,-1.01484866319,0
26055,-0.755667920072,0
26056,-1.01738761047,0
26057,-0.626120782261,0
26058,-0.74364213843,0
26059,-0.8961846433,0
26060,-0.973706180406,0
26061,-0.656690754372,0
26062,-0.538993821043,0
26063,-0.527062630949,0
26064,-0.550847632351,0
26065,-0.576090404385,0
26066,-0.718691121029,0
26067,-0.547508665713,0
26068,-0.424711766626,0
26069,-0.635441244271,0
26070,-0.734630309367,0
26071,-0.417619604051,0
26072,-0.392374439219,0
26073,-0.392515676548,0
26074,-0.547824318158,0
26075,-0.613081231863,0
26076,-0.392890468237,0
26077,-0.366456973477,0
26078,-0.238258195279,0
26079,-0.373921075031,0
26080,-0.445554808689,0
26081,-0.417054879882,0
26082,-0.00719715136788,0
26083,0.0492710305145,0
26084,-0.296127350394,0
26085,0.153800644766,0
26086,0.0945004099516,0
26087,0.230064529298,0
26088,0.187160433254,0
26089,0.311191452994,0
26090,0.33077457318,0
26091,-0.0140422025394,0
26092,0.204951076816,0
26093,0.297679010841,0
26094,0.135099545548,0
26095,0.257495051649,0
26096,0.199830728388,0
26097,0.551459669505,0
26098,0.684493462902,0
26099,0.554285665289,0
26100,0.436153884845,0
26101,0.668963498592,0
26102,0.690091131599,0
26103,0.573197850541,0
26104,0.578420990073,0
26105,0.931675416211,0
26106,1.04417190584,0
26107,0.759719373768,0
26108,1.13549389788,0
26109,0.766967337305,0
26110,1.22175048342,0
26111,0.973563382644,0
26112,1.10477497999,0
26113,1.00007865481,0
26114,1.18194531707,0
26115,1.30203153039,0
26116,1.40904616701,0
26117,1.13346615635,0
26118,1.5056868038,0
26119,1.27590592365,0
26120,1.29433784879,0
26121,1.27368106076,0
26122,1.54764666143,0
26123,1.35329974112,0
26124,1.38320590158,0
26125,1.40197564938,0
26126,1.46562897201,0
26127,1.58563606035,0
26128,1.85659623552,0
26129,1.70979154467,0
26130,1.5858083261,0
26131,1.92900546832,0
26132,1.91200457526,0
26133,1.60328798387,0
26134,1.89977927732,0
26135,2.03353134895,0
26136,2.035656711,0
26137,1.73578141796,0
26138,2.08390013309,0
26139,1.73021729592,0
26140,2.05980931903,0
26141,2.12250437346,0
26142,1.95311020501,0
26143,1.9788050104,0
26144,1.75488171853,0
26145,1.84037039227,0
26146,2.16576211305,0
26147,2.10398600102,0
26148,2.02729955507,0
26149,1.76403078068,0
26150,1.78147039522,0
26151,2.01991878451,0
26152,2.15593021047,0
26153,2.08264080864,0
26154,1.94746308475,0
26155,1.91371703892,0
26156,1.98718995783,0
26157,1.95448874218,0
26158,1.87054167236,0
26159,1.69080610101,0
26160,1.93257114189,0
26161,1.66418057557,0
26162,1.83139527169,0
26163,1.63125690153,0
26164,1.93263789294,0
26165,1.63992834626,0
26166,1.84026213576,0
26167,1.63319520776,0
26168,1.63508518798,0
26169,1.84159136639,0
26170,1.47881034424,0
26171,1.58694507508,0
26172,1.4240417875,0
26173,1.7246029921,0
26174,1.43573159767,0
26175,1.32246865969,0
26176,1.58264386752,0
26177,1.66642574126,0
26178,1.36920753434,0
26179,1.56751280832,0
26180,1.36348829795,0
26181,1.5187149774,0
26182,1.44757121114,0
26183,1.0307600686,0
26184,1.32566824191,0
26185,1.3720429388,0
26186,0.945698710508,0
26187,0.903109649538,0
26188,1.21929020525,0
26189,1.19697810943,0
26190,0.884164042694,0
26191,0.909708543064,0
26192,0.67315742324,0
26193,0.692354731636,0
26194,0.943522083867,0
26195,0.944012187537,0
26196,0.770139042061,0
26197,0.851619216905,0
26198,0.47806789062,0
26199,0.77078378983,0
26200,0.771450620943,0
26201,0.837172915479,0
26202,1.05143391174,0
26203,0.853921130206,0
26204,0.676755701387,0
26205,0.526105777297,0
26206,0.802069633999,0
26207,0.435038164166,0
26208,0.506286043998,0
26209,0.54797349942,0
26210,0.689639450986,0
26211,0.434158451593,0
26212,0.520522275876,0
26213,0.30060455378,0
26214,0.195494398457,0
26215,0.471390890018,0
26216,0.223264324405,0
26217,0.00940513592895,0
26218,0.0137909220735,0
26219,0.179728098141,0
26220,0.291926700978,0
26221,-0.0746347615003,0
26222,0.0244379074138,0
26223,-0.205505613633,0
26224,-0.23761821079,0
26225,0.112369626438,0
26226,0.0487909424603,0
26227,0.0895710473382,0
26228,0.0176919981439,0
26229,-0.0181965345102,0
26230,-0.209320398816,0
26231,-0.326655490945,0
26232,-0.335816700767,0
26233,-0.12124283309,0
26234,-0.50114572083,0
26235,-0.522343283931,0
26236,-0.127409830191,0
26237,-0.419480339734,0
26238,-0.475467573422,0
26239,-0.582035653999,0
26240,-0.607501231294,0
26241,-0.203884663041,0
26242,-0.575882988018,0
26243,-0.619085546069,0
26244,-0.3357944085,0
26245,-0.31605043037,0
26246,-0.426650751046,0
26247,-0.298513503571,0
26248,-0.500340010602,0
26249,-0.638194588114,0
26250,-0.508944842428,0
26251,-0.256564170222,0
26252,-0.672659494292,0
26253,-0.527180212343,0
26254,-0.644129488724,0
26255,-0.384948745604,0
26256,-0.646668435998,0
26257,-0.255401607792,0
26258,-0.372922963961,0
26259,-0.525465468832,0
26260,-0.602987005938,0
26261,-0.285971579903,0
26262,-0.168274646575,0
26263,-0.156343456481,0
26264,-0.180128457883,0
26265,-0.205371229916,0
26266,-0.34797194656,0
26267,-0.176789491244,0
26268,-0.0539925921572,0
26269,-0.264722069802,0
26270,-0.363911134899,0
26271,-0.0469004295829,0
26272,-0.0216552647506,0
26273,-0.0217965020791,0
26274,-0.177105143689,0
26275,-0.242362057395,0
26276,-0.022171293769,0
26277,0.0042622009915,0
26278,0.13246097919,0
26279,-0.0032019005621,0
26280,-0.0748356342205,0
26281,-0.0463357054138,0
26282,0.363522023101,0
26283,0.419990204983,0
26284,0.0745918240744,0
26285,0.524519819235,0
26286,0.46521958442,0
26287,0.600783703767,0
26288,0.557879607722,0
26289,0.681910627462,0
26290,0.701493747649,0
26291,0.356676971929,0
26292,0.575670251285,0
26293,0.66839818531,0
26294,0.505818720017,0
26295,0.628214226118,0
26296,0.570549902857,0
26297,0.922178843973,0
26298,1.05521263737,0
26299,0.925004839757,0
26300,0.806873059314,0
26301,1.03968267306,0
26302,1.06081030607,0
26303,0.943917025009,0
26304,0.949140164541,0
26305,1.30239459068,0
26306,1.41489108031,0
26307,1.13043854824,0
26308,1.50621307235,0
26309,1.13768651177,0
26310,1.59246965789,0
26311,1.34428255711,0
26312,1.47549415446,0
26313,1.37079782928,0
26314,1.55266449154,0
26315,1.67275070486,0
26316,1.77976534148,0
26317,1.50418533082,0
26318,1.87640597826,0
26319,1.64662509812,0
26320,1.66505702326,0
26321,1.64440023523,0
26322,1.9183658359,0
26323,1.72401891559,0
26324,1.75392507604,0
26325,1.77269482385,0
26326,1.83634814648,0
26327,1.95635523482,0
26328,2.22731540998,0
26329,2.08051071914,0
26330,1.95652750056,0
26331,2.29972464279,0
26332,2.28272374973,0
26333,1.97400715834,0
26334,2.27049845179,0
26335,2.40425052342,0
26336,2.40637588547,0
26337,2.10650059243,0
26338,2.45461930755,0
26339,2.10093647039,0
26340,2.4305284935,0
26341,2.49322354793,0
26342,2.32382937948,0
26343,2.34952418487,0
26344,2.125600893,0
26345,2.21108956673,0
26346,2.53648128752,0
26347,2.47470517549,0
26348,2.39801872954,0
26349,2.13474995515,0
26350,2.15218956969,0
26351,2.39063795898,0
26352,2.52664938494,0
26353,2.45335998311,0
26354,2.31818225922,0
26355,2.28443621339,0
26356,2.3579091323,0
26357,2.32520791665,0
26358,2.24126084683,0
26359,2.06152527548,0
26360,2.30329031636,0
26361,2.03489975004,0
26362,2.20211444616,0
26363,2.001976076,0
26364,2.30335706741,0
26365,2.01064752073,0
26366,2.21098131023,0
26367,2.00391438223,0
26368,2.00580436245,0
26369,2.21231054086,0
26370,1.8495295187,0
26371,1.95766424955,0
26372,1.79476096196,0
26373,2.09532216657,0
26374,1.80645077214,0
26375,1.69318783416,0
26376,1.95336304199,0
26377,2.03714491572,0
26378,1.7399267088,0
26379,1.93823198279,0
26380,1.73420747242,0
26381,1.88943415187,0
26382,1.8182903856,0
26383,1.40147924307,0
26384,1.69638741638,0
26385,1.74276211326,0
26386,1.31641788498,0
26387,1.27382882401,0
26388,1.59000937972,0
26389,1.5676972839,0
26390,1.25488321716,0
26391,1.28042771753,0
26392,1.04387659771,0
26393,1.0630739061,0
26394,1.31424125834,0
26395,1.31473136201,0
26396,1.14085821653,0
26397,1.22233839137,0
26398,0.848787065089,0
26399,1.1415029643,0
26400,0.95545288621,0
26401,1.02117518075,0
26402,1.23543617701,0
26403,1.03792339547,0
26404,0.860757966654,0
26405,0.710108042563,0
26406,0.986071899266,0
26407,0.619040429433,0
26408,0.690288309265,0
26409,0.731975764686,0
26410,0.873641716252,0
26411,0.618160716859,0
26412,0.704524541142,0
26413,0.484606819047,0
26414,0.379496663723,0
26415,0.655393155284,0
26416,0.407266589671,0
26417,0.193407401195,0
26418,0.19779318734,0
26419,0.363730363408,0
26420,0.475928966244,0
26421,0.109367503766,0
26422,0.20844017268,0
26423,-0.0215033483669,0
26424,-0.0536159455233,0
26425,0.296371891704,0
26426,0.232793207727,0
26427,0.273573312605,0
26428,0.20169426341,0
26429,0.165805730756,0
26430,-0.0253181335493,0
26431,-0.142653225679,0
26432,-0.1518144355,0
26433,0.0627594321761,0
26434,-0.317143455563,0
26435,-0.338341018665,0
26436,0.056592435075,0
26437,-0.235478074467,0
26438,-0.291465308155,0
26439,-0.398033388733,0
26440,-0.423498966028,0
26441,-0.0198823977745,0
26442,-0.391880722752,0
26443,-0.435083280802,0
26444,-0.151792143233,0
26445,-0.132048165103,0
26446,-0.242648485779,0
26447,-0.114511238305,0
26448,-0.316337745335,0
26449,-0.454192322848,0
26450,-0.324942577162,0
26451,-0.0725619049552,0
26452,-0.488657229026,0
26453,-0.343177947077,0
26454,-0.460127223457,0
26455,-0.200946480337,0
26456,-0.462666170731,0
26457,-0.0713993425256,0
26458,-0.188920698695,0
26459,-0.341463203566,0
26460,-0.418984740671,0
26461,-0.101969314637,0
26462,0.0157276186916,0
26463,0.0276588087859,0
26464,0.00387380738358,0
26465,-0.0213689646497,0
26466,-0.163969681294,0
26467,0.00721277402239,0
26468,0.130009673109,0
26469,-0.0807198045359,0
26470,-0.179908869633,0
26471,0.137101835684,0
26472,0.162347000516,0
26473,0.162205763187,0
26474,0.00689712157713,0
26475,-0.0583597921282,0
26476,0.161830971497,0
26477,0.188264466258,0
26478,0.316463244456,0
26479,0.180800364704,0
26480,0.109166631046,0
26481,0.137666559853,0
26482,0.547524288367,0
26483,0.603992470249,0
26484,0.258594089341,0
26485,0.708522084501,0
26486,0.649221849687,0
26487,0.784785969033,0
26488,0.741881872989,0
26489,0.865912892729,0
26490,0.885496012915,0
26491,0.540679237196,0
26492,0.759672516551,0
26493,0.852400450576,0
26494,0.689820985283,0
26495,0.812216491384,0
26496,0.754552168123,0
26497,1.10618110924,0
26498,1.23921490264,0
26499,1.10900710502,0
26500,0.99087532458,0
26501,1.22368493833,0
26502,1.24481257133,0
26503,1.12791929028,0
26504,1.13314242981,0
26505,1.48639685595,0
26506,1.59889334558,0
26507,1.3144408135,0
26508,1.69021533762,0
26509,1.32168877704,0
26510,1.77647192315,0
26511,1.52828482238,0
26512,1.65949641973,0
26513,1.55480009455,0
26514,1.7366667568,0
26515,1.85675297012,0
26516,1.96376760675,0
26517,1.68818759609,0
26518,2.06040824353,0
26519,1.83062736339,0
26520,1.84905928852,0
26521,1.82840250049,0
26522,2.10236810116,0
26523,1.90802118085,0
26524,1.93792734131,0
26525,1.95669708912,0
26526,2.02035041175,0
26527,2.14035750008,0
26528,2.41131767525,0
26529,2.2645129844,0
26530,2.14052976583,0
26531,2.48372690806,0
26532,2.46672601499,0
26533,2.1580094236,0
26534,2.45450071706,0
26535,2.58825278868,0
26536,2.59037815073,0
26537,2.2905028577,0
26538,2.63862157282,0
26539,2.28493873566,0
26540,2.61453075877,0
26541,2.6772258132,0
26542,2.50783164475,0
26543,2.53352645014,0
26544,2.30960315827,0
26545,2.395091832,0
26546,2.72048355278,0
26547,2.65870744075,0
26548,2.58202099481,0
26549,2.31875222042,0
26550,2.33619183496,0
26551,2.57464022425,0
26552,2.71065165021,0
26553,2.63736224837,0
26554,2.50218452448,0
26555,2.46843847866,0
26556,2.54191139757,0
26557,2.50921018191,0
26558,2.4252631121,0
26559,2.24552754075,0
26560,2.48729258163,0
26561,2.21890201531,0
26562,2.38611671143,0
26563,2.18597834127,0
26564,2.48735933268,0
26565,2.19464978599,0
26566,2.39498357549,0
26567,2.1879166475,0
26568,2.18980662772,0
26569,2.39631280613,0
26570,2.03353178397,0
26571,2.14166651482,0
26572,1.97876322723,0
26573,2.27932443184,0
26574,1.99045303741,0
26575,1.87719009942,0
26576,2.13736530726,0
26577,2.22114718099,0
26578,1.92392897407,0
26579,2.12223424806,0
26580,1.91820973768,0
26581,2.07343641714,0
26582,2.00229265087,0
26583,1.58548150834,0
26584,1.88038968164,0
26585,1.92676437853,0
26586,1.50042015024,0
26587,1.45783108927,0
26588,1.77401164498,0
26589,1.75169954916,0
26590,1.43888548243,0
26591,1.4644299828,0
26592,1.22787886298,0
26593,1.24707617137,0
26594,1.4982435236,0
26595,1.49873362727,0
26596,1.3248604818,0
26597,1.40634065664,0
26598,1.03278933036,0
26599,1.32550522957,0
26600,1.01055580597,0
26601,1.0762781005,0
26602,1.29053909676,0
26603,1.09302631523,0
26604,0.915860886411,0
26605,0.76521096232,0
26606,1.04117481902,0
26607,0.67414334919,0
26608,0.745391229022,0
26609,0.787078684444,0
26610,0.928744636009,0
26611,0.673263636617,0
26612,0.759627460899,0
26613,0.539709738804,0
26614,0.434599583481,0
26615,0.710496075041,0
26616,0.462369509428,0
26617,0.248510320953,0
26618,0.252896107097,0
26619,0.418833283165,0
26620,0.531031886001,0
26621,0.164470423523,0
26622,0.263543092438,0
26623,0.0335995713904,0
26624,0.00148697423398,0
26625,0.351474811462,0
26626,0.287896127484,0
26627,0.328676232362,0
26628,0.256797183168,0
26629,0.220908650514,0
26630,0.0297847862079,0
26631,-0.0875503059217,0
26632,-0.0967115157429,0
26633,0.117862351933,0
26634,-0.262040535806,0
26635,-0.283238098908,0
26636,0.111695354832,0
26637,-0.18037515471,0
26638,-0.236362388398,0
26639,-0.342930468976,0
26640,-0.36839604627,0
26641,0.0352205219828,0
26642,-0.336777802994,0
26643,-0.379980361045,0
26644,-0.0966892234761,0
26645,-0.0769452453458,0
26646,-0.187545566022,0
26647,-0.0594083185477,0
26648,-0.261234825578,0
26649,-0.39908940309,0
26650,-0.269839657405,0
26651,-0.0174589851979,0
26652,-0.433554309269,0
26653,-0.288075027319,0
26654,-0.4050243037,0
26655,-0.14584356058,0
26656,-0.407563250974,0
26657,-0.0162964227684,0
26658,-0.133817778938,0
26659,-0.286360283808,0
26660,-0.363881820914,0
26661,-0.0468663948797,0
26662,0.0708305384489,0
26663,0.0827617285431,0
26664,0.0589767271408,0
26665,0.0337339551076,0
26666,-0.108866761536,0
26667,0.0623156937796,0
26668,0.185112592867,0
26669,-0.0256168847786,0
26670,-0.124805949875,0
26671,0.192204755441,0
26672,0.217449920273,0
26673,0.217308682945,0
26674,0.0620000413344,0
26675,-0.00325687237098,0
26676,0.216933891255,0
26677,0.243367386015,0
26678,0.371566164213,0
26679,0.235903284462,0
26680,0.164269550803,0
26681,0.19276947961,0
26682,0.602627208124,0
26683,0.659095390007,0
26684,0.313697009098,0
26685,0.763625004258,0
26686,0.704324769444,0
26687,0.839888888791,0
26688,0.796984792746,0
26689,0.921015812486,0
26690,0.940598932672,0
26691,0.595782156953,0
26692,0.814775436308,0
26693,0.907503370333,0
26694,0.744923905041,0
26695,0.867319411142,0
26696,0.80965508788,0
26697,1.161284029,0
26698,1.29431782239,0
26699,1.16411002478,0
26700,1.04597824434,0
26701,1.27878785808,0
26702,1.29991549109,0
26703,1.18302221003,0
26704,1.18824534957,0
26705,1.5414997757,0
26706,1.65399626534,0
26707,1.36954373326,0
26708,1.74531825737,0
26709,1.3767916968,0
26710,1.83157484291,0
26711,1.58338774214,0
26712,1.71459933949,0
26713,1.60990301431,0
26714,1.79176967656,0
26715,1.91185588988,0
26716,2.0188705265,0
26717,1.74329051584,0
26718,2.11551116329,0
26719,1.88573028314,0
26720,1.90416220828,0
26721,1.88350542025,0
26722,2.15747102092,0
26723,1.96312410061,0
26724,1.99303026107,0
26725,2.01180000887,0
26726,2.0754533315,0
26727,2.19546041984,0
26728,2.46642059501,0
26729,2.31961590416,0
26730,2.19563268559,0
26731,2.53882982781,0
26732,2.52182893475,0
26733,2.21311234336,0
26734,2.50960363681,0
26735,2.64335570844,0
26736,2.64548107049,0
26737,2.34560577746,0
26738,2.69372449258,0
26739,2.34004165542,0
26740,2.66963367852,0
26741,2.73232873295,0
26742,2.56293456451,0
26743,2.58862936989,0
26744,2.36470607802,0
26745,2.45019475176,0
26746,2.77558647254,0
26747,2.71381036051,0
26748,2.63712391456,0
26749,2.37385514017,0
26750,2.39129475471,0
26751,2.62974314401,0
26752,2.76575456996,0
26753,2.69246516813,0
26754,2.55728744424,0
26755,2.52354139842,0
26756,2.59701431733,0
26757,2.56431310167,0
26758,2.48036603186,0
26759,2.3006304605,0
26760,2.54239550139,0
26761,2.27400493506,0
26762,2.44121963119,0
26763,2.24108126103,0
26764,2.54246225243,0
26765,2.24975270575,0
26766,2.45008649525,0
26767,2.24301956726,0
26768,2.24490954748,0
26769,2.45141572589,0
26770,2.08863470373,0
26771,2.19676943457,0
26772,2.03386614699,0
26773,2.33442735159,0
26774,2.04555595717,0
26775,1.93229301918,0
26776,2.19246822701,0
26777,2.27625010075,0
26778,1.97903189383,0
26779,2.17733716782,0
26780,1.97331265744,0
26781,2.1285393369,0
26782,2.05739557063,0
26783,1.64058442809,0
26784,1.9354926014,0
26785,1.98186729829,0
26786,1.55552307,0
26787,1.51293400903,0
26788,1.82911456474,0
26789,1.80680246892,0
26790,1.49398840219,0
26791,1.51953290256,0
26792,1.28298178273,0
26793,1.30217909113,0
26794,1.55334644336,0
26795,1.55383654703,0
26796,1.37996340155,0
26797,1.4614435764,0
26798,1.08789225011,0
26799,1.38060814932,0
26800,0.906168770367,0
26801,0.971891064903,0
26802,1.18615206117,0
26803,0.98863927963,0
26804,0.811473850811,0
26805,0.660823926721,0
26806,0.936787783423,0
26807,0.56975631359,0
26808,0.641004193422,0
26809,0.682691648844,0
26810,0.824357600409,0
26811,0.568876601017,0
26812,0.6552404253,0
26813,0.435322703204,0
26814,0.330212547881,0
26815,0.606109039442,0
26816,0.357982473829,0
26817,0.144123285353,0
26818,0.148509071497,0
26819,0.314446247565,0
26820,0.426644850402,0
26821,0.0600833879237,0
26822,0.159156056838,0
26823,-0.0707874642093,0
26824,-0.102900061366,0
26825,0.247087775862,0
26826,0.183509091884,0
26827,0.224289196762,0
26828,0.152410147568,0
26829,0.116521614914,0
26830,-0.0746022493918,0
26831,-0.191937341521,0
26832,-0.201098551343,0
26833,0.0134753163336,0
26834,-0.366427571406,0
26835,-0.387625134508,0
26836,0.0073083192325,0
26837,-0.28476219031,0
26838,-0.340749423998,0
26839,-0.447317504575,0
26840,-0.47278308187,0
26841,-0.069166513617,0
26842,-0.441164838594,0
26843,-0.484367396645,0
26844,-0.201076259076,0
26845,-0.181332280946,0
26846,-0.291932601622,0
26847,-0.163795354147,0
26848,-0.365621861178,0
26849,-0.50347643869,0
26850,-0.374226693004,0
26851,-0.121846020798,0
26852,-0.537941344868,0
26853,-0.392462062919,0
26854,-0.5094113393,0
26855,-0.25023059618,0
26856,-0.511950286574,0
26857,-0.120683458368,0
26858,-0.238204814537,0
26859,-0.390747319408,0
26860,-0.468268856514,0
26861,-0.151253430479,0
26862,-0.0335564971508,0
26863,-0.0216253070566,0
26864,-0.0454103084589,0
26865,-0.0706530804921,0
26866,-0.213253797136,0
26867,-0.0420713418201,0
26868,0.0807255572668,0
26869,-0.130003920378,0
26870,-0.229192985475,0
26871,0.0878177198411,0
26872,0.113062884673,0
26873,0.112921647345,0
26874,-0.0423869942653,0
26875,-0.107643907971,0
26876,0.112546855655,0
26877,0.138980350415,0
26878,0.267179128614,0
26879,0.131516248862,0
26880,0.0598825152035,0
26881,0.0883824440101,0
26882,0.498240172525,0
26883,0.554708354407,0
26884,0.209309973498,0
26885,0.659237968659,0
26886,0.599937733844,0
26887,0.735501853191,0
26888,0.692597757146,0
26889,0.816628776886,0
26890,0.836211897073,0
26891,0.491395121353,0
26892,0.710388400709,0
26893,0.803116334734,0
26894,0.640536869441,0
26895,0.762932375542,0
26896,0.705268052281,0
26897,1.0568969934,0
26898,1.18993078679,0
26899,1.05972298918,0
26900,0.941591208738,0
26901,1.17440082248,0
26902,1.19552845549,0
26903,1.07863517443,0
26904,1.08385831397,0
26905,1.4371127401,0
26906,1.54960922974,0
26907,1.26515669766,0
26908,1.64093122177,0
26909,1.2724046612,0
26910,1.72718780731,0
26911,1.47900070654,0
26912,1.61021230389,0
26913,1.50551597871,0
26914,1.68738264096,0
26915,1.80746885428,0
26916,1.91448349091,0
26917,1.63890348024,0
26918,2.01112412769,0
26919,1.78134324754,0
26920,1.79977517268,0
26921,1.77911838465,0
26922,2.05308398532,0
26923,1.85873706501,0
26924,1.88864322547,0
26925,1.90741297327,0
26926,1.97106629591,0
26927,2.09107338424,0
26928,2.36203355941,0
26929,2.21522886856,0
26930,2.09124564999,0
26931,2.43444279221,0
26932,2.41744189915,0
26933,2.10872530776,0
26934,2.40521660121,0
26935,2.53896867284,0
26936,2.54109403489,0
26937,2.24121874186,0
26938,2.58933745698,0
26939,2.23565461982,0
26940,2.56524664292,0
26941,2.62794169735,0
26942,2.45854752891,0
26943,2.48424233429,0
26944,2.26031904242,0
26945,2.34580771616,0
26946,2.67119943694,0
26947,2.60942332491,0
26948,2.53273687896,0
26949,2.26946810457,0
26950,2.28690771911,0
26951,2.52535610841,0
26952,2.66136753436,0
26953,2.58807813253,0
26954,2.45290040864,0
26955,2.41915436282,0
26956,2.49262728173,0
26957,2.45992606607,0
26958,2.37597899626,0
26959,2.1962434249,0
26960,2.43800846579,0
26961,2.16961789946,0
26962,2.33683259559,0
26963,2.13669422543,0
26964,2.43807521683,0
26965,2.14536567015,0
26966,2.34569945965,0
26967,2.13863253166,0
26968,2.14052251188,0
26969,2.34702869029,0
26970,1.98424766813,0
26971,2.09238239897,0
26972,1.92947911139,0
26973,2.23004031599,0
26974,1.94116892157,0
26975,1.82790598358,0
26976,2.08808119141,0
26977,2.17186306515,0
26978,1.87464485823,0
26979,2.07295013222,0
26980,1.86892562184,0
26981,2.0241523013,0
26982,1.95300853503,0
26983,1.53619739249,0
26984,1.8311055658,0
26985,1.87748026269,0
26986,1.4511360344,0
26987,1.40854697343,0
26988,1.72472752914,0
26989,1.70241543332,0
26990,1.38960136659,0
26991,1.41514586696,0
26992,1.17859474713,0
26993,1.19779205553,0
26994,1.44895940776,0
26995,1.44944951143,0
26996,1.27557636595,0
26997,1.3570565408,0
26998,0.983505214513,0
26999,1.27622111372,0
27000,1.02150251243,0
27001,1.08722480697,0
27002,1.30148580323,0
27003,1.1039730217,0
27004,0.926807592878,0
27005,0.776157668787,0
27006,1.05212152549,0
27007,0.685090055657,0
27008,0.756337935489,0
27009,0.798025390911,0
27010,0.939691342476,0
27011,0.684210343084,0
27012,0.770574167367,0
27013,0.550656445271,0
27014,0.445546289948,0
27015,0.721442781509,0
27016,0.473316215896,0
27017,0.25945702742,0
27018,0.263842813564,0
27019,0.429779989632,0
27020,0.541978592468,0
27021,0.175417129991,0
27022,0.274489798905,0
27023,0.0445462778576,0
27024,0.0124336807012,0
27025,0.362421517929,0
27026,0.298842833951,0
27027,0.339622938829,0
27028,0.267743889635,0
27029,0.231855356981,0
27030,0.0407314926751,0
27031,-0.0766035994545,0
27032,-0.0857648092757,0
27033,0.128809058401,0
27034,-0.251093829339,0
27035,-0.272291392441,0
27036,0.122642061299,0
27037,-0.169428448243,0
27038,-0.225415681931,0
27039,-0.331983762508,0
27040,-0.357449339803,0
27041,0.0461672284499,0
27042,-0.325831096527,0
27043,-0.369033654578,0
27044,-0.0857425170089,0
27045,-0.0659985388786,0
27046,-0.176598859555,0
27047,-0.0484616120805,0
27048,-0.250288119111,0
27049,-0.388142696623,0
27050,-0.258892950937,0
27051,-0.00651227873074,0
27052,-0.422607602801,0
27053,-0.277128320852,0
27054,-0.394077597233,0
27055,-0.134896854113,0
27056,-0.396616544507,0
27057,-0.00534971630119,0
27058,-0.122871072471,0
27059,-0.275413577341,0
27060,-0.352935114447,0
27061,-0.0359196884125,0
27062,0.0817772449161,0
27063,0.0937084350103,0
27064,0.069923433608,0
27065,0.0446806615748,0
27066,-0.0979200550692,0
27067,0.0732624002468,0
27068,0.196059299334,0
27069,-0.0146701783114,0
27070,-0.113859243408,0
27071,0.203151461908,0
27072,0.22839662674,0
27073,0.228255389412,0
27074,0.0729467478016,0
27075,0.00768983409621,0
27076,0.227880597722,0
27077,0.254314092482,0
27078,0.382512870681,0
27079,0.246849990929,0
27080,0.17521625727,0
27081,0.203716186077,0
27082,0.613573914591,0
27083,0.670042096474,0
27084,0.324643715565,0
27085,0.774571710726,0
27086,0.715271475911,0
27087,0.850835595258,0
27088,0.807931499213,0
27089,0.931962518953,0
27090,0.95154563914,0
27091,0.60672886342,0
27092,0.825722142776,0
27093,0.918450076801,0
27094,0.755870611508,0
27095,0.878266117609,0
27096,0.820601794348,0
27097,1.17223073546,0
27098,1.30526452886,0
27099,1.17505673125,0
27100,1.0569249508,0
27101,1.28973456455,0
27102,1.31086219756,0
27103,1.1939689165,0
27104,1.19919205603,0
27105,1.55244648217,0
27106,1.6649429718,0
27107,1.38049043973,0
27108,1.75626496384,0
27109,1.38773840326,0
27110,1.84252154938,0
27111,1.5943344486,0
27112,1.72554604595,0
27113,1.62084972077,0
27114,1.80271638303,0
27115,1.92280259635,0
27116,2.02981723297,0
27117,1.75423722231,0
27118,2.12645786975,0
27119,1.89667698961,0
27120,1.91510891475,0
27121,1.89445212672,0
27122,2.16841772739,0
27123,1.97407080708,0
27124,2.00397696753,0
27125,2.02274671534,0
27126,2.08640003797,0
27127,2.20640712631,0
27128,2.47736730148,0
27129,2.33056261063,0
27130,2.20657939205,0
27131,2.54977653428,0
27132,2.53277564122,0
27133,2.22405904983,0
27134,2.52055034328,0
27135,2.65430241491,0
27136,2.65642777696,0
27137,2.35655248392,0
27138,2.70467119905,0
27139,2.35098836188,0
27140,2.68058038499,0
27141,2.74327543942,0
27142,2.57388127097,0
27143,2.59957607636,0
27144,2.37565278449,0
27145,2.46114145822,0
27146,2.78653317901,0
27147,2.72475706698,0
27148,2.64807062103,0
27149,2.38480184664,0
27150,2.40224146118,0
27151,2.64068985047,0
27152,2.77670127643,0
27153,2.7034118746,0
27154,2.56823415071,0
27155,2.53448810488,0
27156,2.60796102379,0
27157,2.57525980814,0
27158,2.49131273832,0
27159,2.31157716697,0
27160,2.55334220785,0
27161,2.28495164153,0
27162,2.45216633765,0
27163,2.25202796749,0
27164,2.5534089589,0
27165,2.26069941222,0
27166,2.46103320172,0
27167,2.25396627372,0
27168,2.25585625394,0
27169,2.46236243235,0
27170,2.0995814102,0
27171,2.20771614104,0
27172,2.04481285346,0
27173,2.34537405806,0
27174,2.05650266363,0
27175,1.94323972565,0
27176,2.20341493348,0
27177,2.28719680722,0
27178,1.98997860029,0
27179,2.18828387428,0
27180,1.98425936391,0
27181,2.13948604336,0
27182,2.06834227709,0
27183,1.65153113456,0
27184,1.94643930787,0
27185,1.99281400476,0
27186,1.56646977647,0
27187,1.5238807155,0
27188,1.84006127121,0
27189,1.81774917539,0
27190,1.50493510865,0
27191,1.53047960902,0
27192,1.2939284892,0
27193,1.3131257976,0
27194,1.56429314983,0
27195,1.5647832535,0
27196,1.39091010802,0
27197,1.47239028286,0
27198,1.09883895658,0
27199,1.39155485579,0
27200,0.963523375745,0
27201,1.02924567028,0
27202,1.24350666654,0
27203,1.04599388501,0
27204,0.868828456189,0
27205,0.718178532099,0
27206,0.994142388801,0
27207,0.627110918969,0
27208,0.698358798801,0
27209,0.740046254222,0
27210,0.881712205788,0
27211,0.626231206395,0
27212,0.712595030678,0
27213,0.492677308582,0
27214,0.387567153259,0
27215,0.66346364482,0
27216,0.415337079207,0
27217,0.201477890731,0
27218,0.205863676876,0
27219,0.371800852944,0
27220,0.48399945578,0
27221,0.117437993302,0
27222,0.216510662216,0
27223,-0.013432858831,0
27224,-0.0455454559874,0
27225,0.30444238124,0
27226,0.240863697263,0
27227,0.281643802141,0
27228,0.209764752946,0
27229,0.173876220292,0
27230,-0.0172476440134,0
27231,-0.134582736143,0
27232,-0.143743945964,0
27233,0.070829921712,0
27234,-0.309072966027,0
27235,-0.330270529129,0
27236,0.0646629246108,0
27237,-0.227407584932,0
27238,-0.283394818619,0
27239,-0.389962899197,0
27240,-0.415428476492,0
27241,-0.0118119082386,0
27242,-0.383810233216,0
27243,-0.427012791267,0
27244,-0.143721653697,0
27245,-0.123977675567,0
27246,-0.234577996243,0
27247,-0.106440748769,0
27248,-0.308267255799,0
27249,-0.446121833312,0
27250,-0.316872087626,0
27251,-0.0644914154193,0
27252,-0.48058673949,0
27253,-0.335107457541,0
27254,-0.452056733921,0
27255,-0.192875990801,0
27256,-0.454595681196,0
27257,-0.0633288529898,0
27258,-0.180850209159,0
27259,-0.33339271403,0
27260,-0.410914251135,0
27261,-0.0938988251011,0
27262,0.0237981082275,0
27263,0.0357292983217,0
27264,0.0119442969195,0
27265,-0.0132984751138,0
27266,-0.155899191758,0
27267,0.0152832635583,0
27268,0.138080162645,0
27269,-0.072649315,0
27270,-0.171838380097,0
27271,0.145172325219,0
27272,0.170417490052,0
27273,0.170276252723,0
27274,0.014967611113,0
27275,-0.0502893025924,0
27276,0.169901461033,0
27277,0.196334955794,0
27278,0.324533733992,0
27279,0.18887085424,0
27280,0.117237120582,0
27281,0.145737049388,0
27282,0.555594777903,0
27283,0.612062959785,0
27284,0.266664578877,0
27285,0.716592574037,0
27286,0.657292339222,0
27287,0.792856458569,0
27288,0.749952362525,0
27289,0.873983382264,0
27290,0.893566502451,0
27291,0.548749726731,0
27292,0.767743006087,0
27293,0.860470940112,0
27294,0.697891474819,0
27295,0.82028698092,0
27296,0.762622657659,0
27297,1.11425159878,0
27298,1.24728539217,0
27299,1.11707759456,0
27300,0.998945814116,0
27301,1.23175542786,0
27302,1.25288306087,0
27303,1.13598977981,0
27304,1.14121291934,0
27305,1.49446734548,0
27306,1.60696383512,0
27307,1.32251130304,0
27308,1.69828582715,0
27309,1.32975926658,0
27310,1.78454241269,0
27311,1.53635531192,0
27312,1.66756690926,0
27313,1.56287058408,0
27314,1.74473724634,0
27315,1.86482345966,0
27316,1.97183809628,0
27317,1.69625808562,0
27318,2.06847873307,0
27319,1.83869785292,0
27320,1.85712977806,0
27321,1.83647299003,0
27322,2.1104385907,0
27323,1.91609167039,0
27324,1.94599783085,0
27325,1.96476757865,0
27326,2.02842090128,0
27327,2.14842798962,0
27328,2.41938816479,0
27329,2.27258347394,0
27330,2.14860025537,0
27331,2.49179739759,0
27332,2.47479650453,0
27333,2.16607991314,0
27334,2.46257120659,0
27335,2.59632327822,0
27336,2.59844864027,0
27337,2.29857334723,0
27338,2.64669206236,0
27339,2.29300922519,0
27340,0.266296217445,1
27341,0.175091083949,1
27342,0.0912357235776,1
27343,0.0153783220283,1
27344,-0.0518947576732,1
27345,-0.110063507647,1
27346,-0.15867829472,1
27347,-0.197363336001,1
27348,-0.225819603612,1
27349,-0.243827136114,1
27350,-0.251246738767,1
27351,-0.248021059481,1
27352,-0.234175032132,1
27353,-0.209815683829,1
27354,-0.175131307618,1
27355,-0.130390007012,1
27356,-0.0759376236003,1
27357,-0.0121950637629,1
27358,0.0603449548552,1
27359,0.141121711956,1
27360,0.229510818849,1
27361,0.324829044853,1
27362,0.426339598538,1
27363,0.533257822979,1
27364,0.644757261005,1
27365,0.75997604355,1
27366,0.878023551735,1
27367,0.997987301181,1
27368,1.11893999533,1
27369,1.23994669328,1
27370,1.36007203669,1
27371,1.47838747991,1
27372,1.59397846748,1
27373,1.70595150344,1
27374,1.81344105792,1
27375,1.91561625745,1
27376,2.01168730755,1
27377,2.10091159759,1
27378,2.18259944109,1
27379,2.25611940684,1
27380,2.32090319973,1
27381,2.37645005359,1
27382,2.42233060201,1
27383,2.45819019721,1
27384,2.48375165148,1
27385,2.49881737973,1
27386,2.50327092678,1
27387,2.49707786759,1
27388,2.48028607331,1
27389,2.45302534124,1
27390,2.41550639158,1
27391,2.36801923854,1
27392,2.31093094861,1
27393,2.24468280322,1
27394,2.16978688771,1
27395,2.08682213301,1
27396,1.9964298406,1
27397,1.89930872539,1
27398,1.79620951481,1
27399,1.68792914579,1
27400,1.39164670199,1
27401,1.27554855456,1
27402,1.15687421705,1
27403,1.03654101914,1
27404,0.915479113134,1
27405,0.794624284125,1
27406,0.674910716542,1
27407,0.55726377308,1
27408,0.442592841832,1
27409,0.331784306893,1
27410,0.225694696781,1
27411,0.125144063639,1
27412,0.030909644393,1
27413,-0.056280147145,1
27414,-0.135751350769,1
27415,-0.206889669463,1
27416,-0.269145217798,1
27417,-0.322036772441,1
27418,-0.365155491916,1
27419,-0.398168076871,1
27420,-0.420819346416,1
27421,-0.432934210624,1
27422,-0.43441902394,1
27423,-0.425262309045,1
27424,-0.405534845572,1
27425,-0.375389122994,1
27426,-0.335058161909,1
27427,-0.284853712837,1
27428,-0.225163846447,1
27429,-0.15644995385,1
27430,-0.0792431801282,1
27431,0.00585968130586,1
27432,0.0982008018126,1
27433,0.197066402411,1
27434,0.301692271152,1
27435,0.41126967033,1
27436,0.524951587867,1
27437,0.641859284552,1
27438,0.761089086529,1
27439,0.881719370515,1
27440,1.00281768777,1
27441,1.12344797176,1
27442,1.24267777373,1
27443,1.35958547042,1
27444,1.47326738796,1
27445,1.58284478713,1
27446,1.68747065588,1
27447,1.78633625647,1
27448,1.87867737698,1
27449,1.96378023842,1
27450,2.04098701214,1
27451,2.10970090473,1
27452,2.16939077112,1
27453,2.2195952202,1
27454,2.25992618128,1
27455,2.29007190386,1
27456,2.30979936733,1
27457,2.31895608223,1
27458,2.31747126891,1
27459,2.3053564047,1
27460,2.28270513516,1
27461,2.2496925502,1
27462,2.20657383073,1
27463,2.15368227609,1
27464,2.09142672775,1
27465,2.02028840906,1
27466,1.94081720543,1
27467,1.85362741389,1
27468,1.75939299465,1
27469,1.65884236151,1
27470,1.55275275139,1
27471,1.44194421645,1
27472,1.32727328521,1
27473,1.20962634175,1
27474,1.08991277416,1
27475,0.969057945153,1
27476,0.847996039146,1
27477,0.727662841233,1
27478,0.608988503732,1
27479,0.492890356292,1
27480,0.380265815114,1
27481,0.271985446092,1
27482,0.168886235512,1
27483,0.0717651203086,1
27484,-0.0186271721043,1
27485,-0.101591926809,1
27486,-0.176487842317,1
27487,-0.242735987703,1
27488,-0.299824277632,1
27489,-0.347311430677,1
27490,-0.384830380339,1
27491,-0.412091112403,1
27492,-0.428882906689,1
27493,-0.435075965878,1
27494,-0.430622418823,1
27495,-0.415556690578,1
27496,-0.389995236307,1
27497,-0.354135641101,1
27498,-0.308255092688,1
27499,-0.252708238823,1
27500,-0.18792444593,1
27501,-0.114404480184,1
27502,-0.0327166366846,1
27503,0.0565076533559,1
27504,0.152578703452,1
27505,0.25475390299,1
27506,0.362243457462,1
27507,0.474216493424,1
27508,0.589807480992,1
27509,0.708122924213,1
27510,0.828248267622,1
27511,0.949254965574,1
27512,1.07020765973,1
27513,1.19017140917,1
27514,1.30821891736,1
27515,1.4234376999,1
27516,1.53493713793,1
27517,1.64185536237,1
27518,1.74336591605,1
27519,1.83868414206,1
27520,1.92707324895,1
27521,2.00785000605,1
27522,2.08039002467,1
27523,2.14413258451,1
27524,2.19858496792,1
27525,2.24332626852,1
27526,2.27801064473,1
27527,2.30236999304,1
27528,2.31621602039,1
27529,2.31944169967,1
27530,2.31202209702,1
27531,2.29401456452,1
27532,2.26555829691,1
27533,2.22687325563,1
27534,2.17825846855,1
27535,2.12008971858,1
27536,2.05281663888,1
27537,1.97695923733,1
27538,1.89310387696,1
27539,1.80189874346,1
27540,2.43894334568,0
27541,2.50163840011,0
27542,2.33224423167,0
27543,2.35793903705,0
27544,2.13401574518,0
27545,2.21950441892,0
27546,2.5448961397,0
27547,2.48312002767,0
27548,2.40643358172,0
27549,2.14316480733,0
27550,2.16060442187,0
27551,2.39905281117,0
27552,2.53506423712,0
27553,2.46177483529,0
27554,2.3265971114,0
27555,2.29285106557,0
27556,2.36632398448,0
27557,2.33362276883,0
27558,2.24967569902,0
27559,2.06994012766,0
27560,2.31170516855,0
27561,2.04331460222,0
27562,2.21052929835,0
27563,2.01039092819,0
27564,2.31177191959,0
27565,2.01906237291,0
27566,2.21939616241,0
27567,2.01232923442,0
27568,2.01421921464,0
27569,2.22072539305,0
27570,1.85794437089,0
27571,1.96607910173,0
27572,1.80317581415,0
27573,2.10373701875,0
27574,1.81486562433,0
27575,1.70160268634,0
27576,1.96177789417,0
27577,2.04555976791,0
27578,1.74834156099,0
27579,1.94664683498,0
27580,1.7426223246,0
27581,1.89784900406,0
27582,1.82670523779,0
27583,1.40989409525,0
27584,1.70480226856,0
27585,1.75117696545,0
27586,1.32483273716,0
27587,1.28224367619,0
27588,1.5984242319,0
27589,1.57611213608,0
27590,1.26329806935,0
27591,1.28884256972,0
27592,1.05229144989,0
27593,1.07148875829,0
27594,1.32265611052,0
27595,1.32314621419,0
27596,1.14927306871,0
27597,1.23075324356,0
27598,0.857201917272,0
27599,1.14991781648,0
27600,0.753177095934,0
27601,0.81889939047,0
27602,1.03316038673,0
27603,0.835647605197,0
27604,0.658482176378,0
27605,0.507832252288,0
27606,0.78379610899,0
27607,0.416764639157,0
27608,0.488012518989,0
27609,0.529699974411,0
27610,0.671365925976,0
27611,0.415884926584,0
27612,0.502248750867,0
27613,0.282331028771,0
27614,0.177220873448,0
27615,0.453117365009,0
27616,0.204990799396,0
27617,-0.00886838908015,0
27618,-0.0044826029356,0
27619,0.161454573132,0
27620,0.273653175968,0
27621,-0.0929082865093,0
27622,0.00616438240475,0
27623,-0.223779138642,0
27624,-0.255891735799,0
27625,0.0940961014289,0
27626,0.0305174174512,0
27627,0.0712975223291,0
27628,-0.000581526865183,0
27629,-0.0364700595193,0
27630,-0.227593923825,0
27631,-0.344929015955,0
27632,-0.354090225776,0
27633,-0.139516358099,0
27634,-0.519419245839,0
27635,-0.540616808941,0
27636,-0.145683355201,0
27637,-0.437753864743,0
27638,-0.493741098431,0
27639,-0.600309179008,0
27640,-0.625774756303,0
27641,-0.22215818805,0
27642,-0.594156513027,0
27643,-0.637359071078,0
27644,-0.354067933509,0
27645,-0.334323955379,0
27646,-0.444924276055,0
27647,-0.316787028581,0
27648,-0.518613535611,0
27649,-0.656468113123,0
27650,-0.527218367437,0
27651,-0.274837695231,0
27652,-0.690933019301,0
27653,-0.545453737352,0
27654,-0.662403013733,0
27655,-0.403222270613,0
27656,-0.664941961007,0
27657,-0.273675132801,0
27658,-0.391196488971,0
27659,-0.543738993841,0
27660,-0.621260530947,0
27661,-0.304245104913,0
27662,-0.186548171584,0
27663,-0.17461698149,0
27664,-0.198401982892,0
27665,-0.223644754925,0
27666,-0.366245471569,0
27667,-0.195063016253,0
27668,-0.0722661171663,0
27669,-0.282995594811,0
27670,-0.382184659908,0
27671,-0.0651739545919,0
27672,-0.0399287897597,0
27673,-0.0400700270882,0
27674,-0.195378668698,0
27675,-0.260635582404,0
27676,-0.0404448187781,0
27677,-0.0140113240176,0
27678,0.114187454181,0
27679,-0.0214754255712,0
27680,-0.0931091592296,0
27681,-0.0646092304229,0
27682,0.345248498091,0
27683,0.401716679974,0
27684,0.0563182990653,0
27685,0.506246294226,0
27686,0.446946059411,0
27687,0.582510178758,0
27688,0.539606082713,0
27689,0.663637102453,0
27690,0.68322022264,0
27691,0.33840344692,0
27692,0.557396726276,0
27693,0.650124660301,0
27694,0.487545195008,0
27695,0.609940701109,0
27696,0.552276377848,0
27697,0.903905318964,0
27698,1.03693911236,0
27699,0.906731314748,0
27700,0.788599534305,0
27701,1.02140914805,0
27702,1.04253678106,0
27703,0.9256435,0
27704,0.930866639532,0
27705,1.28412106567,0
27706,1.3966175553,0
27707,1.11216502323,0
27708,1.48793954734,0
27709,1.11941298676,0
27710,1.57419613288,0
27711,1.3260090321,0
27712,1.45722062945,0
27713,1.35252430427,0
27714,1.53439096653,0
27715,1.65447717985,0
27716,1.76149181647,0
27717,1.48591180581,0
27718,1.85813245325,0
27719,1.62835157311,0
27720,1.64678349825,0
27721,1.62612671022,0
27722,1.90009231089,0
27723,1.70574539058,0
27724,1.73565155103,0
27725,1.75442129884,0
27726,1.81807462147,0
27727,1.93808170981,0
27728,2.20904188498,0
27729,2.06223719413,0
27730,1.93825397555,0
27731,2.28145111778,0
27732,2.26445022472,0
27733,1.95573363333,0
27734,2.25222492678,0
27735,2.38597699841,0
27736,2.38810236046,0
27737,2.08822706742,0
27738,2.43634578255,0
27739,2.08266294538,0
27740,2.41225496849,0
27741,2.47495002292,0
27742,2.30555585447,0
27743,2.33125065986,0
27744,2.10732736799,0
27745,2.19281604172,0
27746,2.51820776251,0
27747,2.45643165048,0
27748,2.37974520453,0
27749,2.11647643014,0
27750,2.13391604468,0
27751,2.37236443397,0
27752,2.50837585993,0
27753,2.4350864581,0
27754,2.29990873421,0
27755,2.26616268838,0
27756,2.33963560729,0
27757,2.30693439164,0
27758,2.22298732182,0
27759,2.04325175047,0
27760,2.28501679135,0
27761,2.01662622503,0
27762,2.18384092115,0
27763,1.98370255099,0
27764,2.2850835424,0
27765,1.99237399572,0
27766,2.19270778522,0
27767,1.98564085722,0
27768,1.98753083744,0
27769,2.19403701585,0
27770,1.8312559937,0
27771,1.93939072454,0
27772,1.77648743696,0
27773,2.07704864156,0
27774,1.78817724713,0
27775,1.67491430915,0
27776,1.93508951698,0
27777,2.01887139072,0
27778,1.72165318379,0
27779,1.91995845778,0
27780,1.71593394741,0
27781,1.87116062686,0
27782,1.80001686059,0
27783,1.38320571806,0
27784,1.67811389137,0
27785,1.72448858826,0
27786,1.29814435997,0
27787,1.255555299,0
27788,1.57173585471,0
27789,1.54942375889,0
27790,1.23660969215,0
27791,1.26215419252,0
27792,1.0256030727,0
27793,1.0448003811,0
27794,1.29596773333,0
27795,1.296457837,0
27796,1.12258469152,0
27797,1.20406486636,0
27798,0.83051354008,0
27799,1.12322943929,0
27800,0.697660723393,0
27801,0.763383017929,0
27802,0.977644014191,0
27803,0.780131232656,0
27804,0.602965803837,0
27805,0.452315879746,0
27806,0.728279736449,0
27807,0.361248266616,0
27808,0.432496146448,0
27809,0.47418360187,0
27810,0.615849553435,0
27811,0.360368554043,0
27812,0.446732378326,0
27813,0.22681465623,0
27814,0.121704500907,0
27815,0.397600992468,0
27816,0.149474426855,0
27817,-0.0643847616212,0
27818,-0.0599989754766,0
27819,0.105938200591,0
27820,0.218136803427,0
27821,-0.14842465905,0
27822,-0.0493519901363,0
27823,-0.279295511183,0
27824,-0.31140810834,0
27825,0.0385797288878,0
27826,-0.0249989550898,0
27827,0.0157811497881,0
27828,-0.0560978994062,0
27829,-0.0919864320603,0
27830,-0.283110296366,0
27831,-0.400445388496,0
27832,-0.409606598317,0
27833,-0.19503273064,0
27834,-0.57493561838,0
27835,-0.596133181482,0
27836,-0.201199727742,0
27837,-0.493270237284,0
27838,-0.549257470972,0
27839,-0.655825551549,0
27840,-0.681291128844,0
27841,-0.277674560591,0
27842,-0.649672885568,0
27843,-0.692875443619,0
27844,-0.40958430605,0
27845,-0.38984032792,0
27846,-0.500440648596,0
27847,-0.372303401122,0
27848,-0.574129908152,0
27849,-0.711984485664,0
27850,-0.582734739978,0
27851,-0.330354067772,0
27852,-0.746449391842,0
27853,-0.600970109893,0
27854,-0.717919386274,0
27855,-0.458738643154,0
27856,-0.720458333548,0
27857,-0.329191505342,0
27858,-0.446712861512,0
27859,-0.599255366382,0
27860,-0.676776903488,0
27861,-0.359761477454,0
27862,-0.242064544125,0
27863,-0.230133354031,0
27864,-0.253918355433,0
27865,-0.279161127466,0
27866,-0.42176184411,0
27867,-0.250579388794,0
27868,-0.127782489707,0
27869,-0.338511967352,0
27870,-0.437701032449,0
27871,-0.120690327133,0
27872,-0.0954451623007,0
27873,-0.0955863996292,0
27874,-0.250895041239,0
27875,-0.316151954945,0
27876,-0.0959611913191,0
27877,-0.0695276965586,0
27878,0.0586710816397,0
27879,-0.0769917981122,0
27880,-0.148625531771,0
27881,-0.120125602964,0
27882,0.28973212555,0
27883,0.346200307433,0
27884,0.000801926524295,0
27885,0.450729921685,0
27886,0.39142968687,0
27887,0.526993806217,0
27888,0.484089710172,0
27889,0.608120729912,0
27890,0.627703850099,0
27891,0.282887074379,0
27892,0.501880353735,0
27893,0.59460828776,0
27894,0.432028822467,0
27895,0.554424328568,0
27896,0.496760005307,0
27897,0.848388946423,0
27898,0.98142273982,0
27899,0.851214942207,0
27900,0.733083161764,0
27901,0.965892775511,0
27902,0.987020408518,0
27903,0.870127127459,0
27904,0.875350266991,0
27905,1.22860469313,0
27906,1.34110118276,0
27907,1.05664865069,0
27908,1.4324231748,0
27909,1.06389661422,0
27910,1.51867976034,0
27911,1.27049265956,0
27912,1.40170425691,0
27913,1.29700793173,0
27914,1.47887459399,0
27915,1.59896080731,0
27916,1.70597544393,0
27917,1.43039543327,0
27918,1.80261608071,0
27919,1.57283520057,0
27920,1.59126712571,0
27921,1.57061033768,0
27922,1.84457593835,0
27923,1.65022901804,0
27924,1.68013517849,0
27925,1.6989049263,0
27926,1.76255824893,0
27927,1.88256533727,0
27928,2.15352551243,0
27929,2.00672082159,0
27930,1.88273760301,0
27931,2.22593474524,0
27932,2.20893385218,0
27933,1.90021726079,0
27934,2.19670855424,0
27935,2.33046062587,0
27936,2.33258598792,0
27937,2.03271069488,0
27938,2.38082941,0
27939,2.02714657284,0
27940,2.35673859595,0
27941,2.41943365038,0
27942,2.25003948193,0
27943,2.27573428732,0
27944,2.05181099545,0
27945,2.13729966918,0
27946,2.46269138997,0
27947,2.40091527794,0
27948,2.32422883199,0
27949,2.0609600576,0
27950,2.07839967214,0
27951,2.31684806143,0
27952,2.45285948739,0
27953,2.37957008556,0
27954,2.24439236167,0
27955,2.21064631584,0
27956,2.28411923475,0
27957,2.2514180191,0
27958,2.16747094928,0
27959,1.98773537793,0
27960,2.22950041881,0
27961,1.96110985249,0
27962,2.12832454861,0
27963,1.92818617845,0
27964,2.22956716986,0
27965,1.93685762317,0
27966,2.13719141268,0
27967,1.93012448468,0
27968,1.9320144649,0
27969,2.13852064331,0
27970,1.77573962115,0
27971,1.883874352,0
27972,1.72097106441,0
27973,2.02153226902,0
27974,1.73266087459,0
27975,1.61939793661,0
27976,1.87957314444,0
27977,1.96335501817,0
27978,1.66613681125,0
27979,1.86444208524,0
27980,1.66041757486,0
27981,1.81564425432,0
27982,1.74450048805,0
27983,1.32768934552,0
27984,1.62259751883,0
27985,1.66897221571,0
27986,1.24262798743,0
27987,1.20003892646,0
27988,1.51621948217,0
27989,1.49390738635,0
27990,1.18109331961,0
27991,1.20663781998,0
27992,0.970086700159,0
27993,0.989284008554,0
27994,1.24045136079,0
27995,1.24094146446,0
27996,1.06706831898,0
27997,1.14854849382,0
27998,0.774997167539,0
27999,1.06771306675,0
28000,0.733170877351,0
28001,0.798893171887,0
28002,1.01315416815,0
28003,0.815641386613,0
28004,0.638475957795,0
28005,0.487826033704,0
28006,0.763789890407,0
28007,0.396758420574,0
28008,0.468006300406,0
28009,0.509693755828,0
28010,0.651359707393,0
28011,0.395878708001,0
28012,0.482242532283,0
28013,0.262324810188,0
28014,0.157214654865,0
28015,0.433111146425,0
28016,0.184984580812,0
28017,-0.0288746076633,0
28018,-0.0244888215188,0
28019,0.141448354549,0
28020,0.253646957385,0
28021,-0.112914505093,0
28022,-0.0138418361784,0
28023,-0.243785357226,0
28024,-0.275897954382,0
28025,0.0740898828457,0
28026,0.010511198868,0
28027,0.0512913037459,0
28028,-0.0205877454484,0
28029,-0.0564762781025,0
28030,-0.247600142408,0
28031,-0.364935234538,0
28032,-0.374096444359,0
28033,-0.159522576683,0
28034,-0.539425464422,0
28035,-0.560623027524,0
28036,-0.165689573784,0
28037,-0.457760083326,0
28038,-0.513747317014,0
28039,-0.620315397592,0
28040,-0.645780974886,0
28041,-0.242164406633,0
28042,-0.61416273161,0
28043,-0.657365289661,0
28044,-0.374074152092,0
28045,-0.354330173962,0
28046,-0.464930494638,0
28047,-0.336793247164,0
28048,-0.538619754194,0
28049,-0.676474331706,0
28050,-0.547224586021,0
28051,-0.294843913814,0
28052,-0.710939237885,0
28053,-0.565459955935,0
28054,-0.682409232316,0
28055,-0.423228489196,0
28056,-0.68494817959,0
28057,-0.293681351384,0
28058,-0.411202707554,0
28059,-0.563745212424,0
28060,-0.64126674953,0
28061,-0.324251323496,0
28062,-0.206554390167,0
28063,-0.194623200073,0
28064,-0.218408201475,0
28065,-0.243650973508,0
28066,-0.386251690152,0
28067,-0.215069234836,0
28068,-0.0922723357494,0
28069,-0.303001813395,0
28070,-0.402190878491,0
28071,-0.0851801731751,0
28072,-0.0599350083429,0
28073,-0.0600762456714,0
28074,-0.215384887282,0
28075,-0.280641800987,0
28076,-0.0604510373613,0
28077,-0.0340175426008,0
28078,0.0941812355975,0
28079,-0.0414816441544,0
28080,-0.113115377813,0
28081,-0.0846154490061,0
28082,0.325242279508,0
28083,0.381710461391,0
28084,0.0363120804821,0
28085,0.486240075642,0
28086,0.426939840828,0
28087,0.562503960175,0
28088,0.51959986413,0
28089,0.64363088387,0
28090,0.663214004056,0
28091,0.318397228337,0
28092,0.537390507692,0
28093,0.630118441717,0
28094,0.467538976425,0
28095,0.589934482526,0
28096,0.532270159265,0
28097,0.883899100381,0
28098,1.01693289378,0
28099,0.886725096165,0
28100,0.768593315721,0
28101,1.00140292947,0
28102,1.02253056248,0
28103,0.905637281417,0
28104,0.910860420949,0
28105,1.26411484709,0
28106,1.37661133672,0
28107,1.09215880464,0
28108,1.46793332876,0
28109,1.09940676818,0
28110,1.55418991429,0
28111,1.30600281352,0
28112,1.43721441087,0
28113,1.33251808569,0
28114,1.51438474795,0
28115,1.63447096126,0
28116,1.74148559789,0
28117,1.46590558723,0
28118,1.83812623467,0
28119,1.60834535453,0
28120,1.62677727966,0
28121,1.60612049164,0
28122,1.8800860923,0
28123,1.68573917199,0
28124,1.71564533245,0
28125,1.73441508026,0
28126,1.79806840289,0
28127,1.91807549123,0
28128,2.18903566639,0
28129,2.04223097554,0
28130,1.91824775697,0
28131,2.2614448992,0
28132,2.24444400614,0
28133,1.93572741475,0
28134,2.2322187082,0
28135,2.36597077982,0
28136,2.36809614187,0
28137,2.06822084884,0
28138,2.41633956396,0
28139,2.0626567268,0
28140,2.39224874991,0
28141,2.45494380434,0
28142,2.28554963589,0
28143,2.31124444128,0
28144,2.08732114941,0
28145,2.17280982314,0
28146,2.49820154392,0
28147,2.4364254319,0
28148,2.35973898595,0
28149,2.09647021156,0
28150,2.1139098261,0
28151,2.35235821539,0
28152,2.48836964135,0
28153,2.41508023951,0
28154,2.27990251563,0
28155,2.2461564698,0
28156,2.31962938871,0
28157,2.28692817306,0
28158,2.20298110324,0
28159,2.02324553189,0
28160,2.26501057277,0
28161,1.99662000645,0
28162,2.16383470257,0
28163,1.96369633241,0
28164,2.26507732382,0
28165,1.97236777713,0
28166,2.17270156664,0
28167,1.96563463864,0
28168,1.96752461886,0
28169,2.17403079727,0
28170,1.81124977511,0
28171,1.91938450596,0
28172,1.75648121837,0
28173,2.05704242298,0
28174,1.76817102855,0
28175,1.65490809056,0
28176,1.9150832984,0
28177,1.99886517213,0
28178,1.70164696521,0
28179,1.8999522392,0
28180,1.69592772882,0
28181,1.85115440828,0
28182,1.78001064201,0
28183,1.36319949948,0
28184,1.65810767278,0
28185,1.70448236967,0
28186,1.27813814138,0
28187,1.23554908041,0
28188,1.55172963613,0
28189,1.5294175403,0
28190,1.21660347357,0
28191,1.24214797394,0
28192,1.00559685412,0
28193,1.02479416251,0
28194,1.27596151474,0
28195,1.27645161841,0
28196,1.10257847294,0
28197,1.18405864778,0
28198,0.810507321497,0
28199,1.10322322071,0
28200,0.900514259532,0
28201,0.966236554068,0
28202,1.18049755033,0
28203,0.982984768795,0
28204,0.805819339976,0
28205,0.655169415886,0
28206,0.931133272588,0
28207,0.564101802755,0
28208,0.635349682587,0
28209,0.677037138009,0
28210,0.818703089575,0
28211,0.563222090182,0
28212,0.649585914465,0
28213,0.429668192369,0
28214,0.324558037046,0
28215,0.600454528607,0
28216,0.352327962994,0
28217,0.138468774518,0
28218,0.142854560663,0
28219,0.30879173673,0
28220,0.420990339567,0
28221,0.0544288770888,0
28222,0.153501546003,0
28223,-0.0764419750442,0
28224,-0.108554572201,0
28225,0.241433265027,0
28226,0.177854581049,0
28227,0.218634685927,0
28228,0.146755636733,0
28229,0.110867104079,0
28230,-0.0802567602267,0
28231,-0.197591852356,0
28232,-0.206753062177,0
28233,0.00782080549872,0
28234,-0.37208208224,0
28235,-0.393279645342,0
28236,0.0016538083976,0
28237,-0.290416701145,0
28238,-0.346403934833,0
28239,-0.45297201541,0
28240,-0.478437592705,0
28241,-0.0748210244519,0
28242,-0.446819349429,0
28243,-0.49002190748,0
28244,-0.206730769911,0
28245,-0.18698679178,0
28246,-0.297587112457,0
28247,-0.169449864982,0
28248,-0.371276372012,0
28249,-0.509130949525,0
28250,-0.379881203839,0
28251,-0.127500531633,0
28252,-0.543595855703,0
28253,-0.398116573754,0
28254,-0.515065850134,0
28255,-0.255885107015,0
28256,-0.517604797409,0
28257,-0.126337969203,0
28258,-0.243859325372,0
28259,-0.396401830243,0
28260,-0.473923367349,0
28261,-0.156907941314,0
28262,-0.0392110079857,0
28263,-0.0272798178915,0
28264,-0.0510648192938,0
28265,-0.076307591327,0
28266,-0.218908307971,0
28267,-0.047725852655,0
28268,0.0750710464319,0
28269,-0.135658431213,0
28270,-0.23484749631,0
28271,0.0821632090062,0
28272,0.107408373838,0
28273,0.10726713651,0
28274,-0.0480415051002,0
28275,-0.113298418806,0
28276,0.10689234482,0
28277,0.133325839581,0
28278,0.261524617779,0
28279,0.125861738027,0
28280,0.0542280043686,0
28281,0.0827279331752,0
28282,0.49258566169,0
28283,0.549053843572,0
28284,0.203655462663,0
28285,0.653583457824,0
28286,0.594283223009,0
28287,0.729847342356,0
28288,0.686943246311,0
28289,0.810974266051,0
28290,0.830557386238,0
28291,0.485740610518,0
28292,0.704733889874,0
28293,0.797461823899,0
28294,0.634882358606,0
28295,0.757277864707,0
28296,0.699613541446,0
28297,1.05124248256,0
28298,1.18427627596,0
28299,1.05406847835,0
28300,0.935936697903,0
28301,1.16874631165,0
28302,1.18987394466,0
28303,1.0729806636,0
28304,1.07820380313,0
28305,1.43145822927,0
28306,1.5439547189,0
28307,1.25950218683,0
28308,1.63527671094,0
28309,1.26675015036,0
28310,1.72153329647,0
28311,1.4733461957,0
28312,1.60455779305,0
28313,1.49986146787,0
28314,1.68172813013,0
28315,1.80181434345,0
28316,1.90882898007,0
28317,1.63324896941,0
28318,2.00546961685,0
28319,1.77568873671,0
28320,1.79412066185,0
28321,1.77346387382,0
28322,2.04742947448,0
28323,1.85308255417,0
28324,1.88298871463,0
28325,1.90175846244,0
28326,1.96541178507,0
28327,2.08541887341,0
28328,2.35637904857,0
28329,2.20957435773,0
28330,2.08559113915,0
28331,2.42878828138,0
28332,2.41178738832,0
28333,2.10307079693,0
28334,2.39956209038,0
28335,2.53331416201,0
28336,2.53543952406,0
28337,2.23556423102,0
28338,2.58368294614,0
28339,2.23000010898,0
28340,2.55959213209,0
28341,2.62228718652,0
28342,2.45289301807,0
28343,2.47858782346,0
28344,2.25466453159,0
28345,2.34015320532,0
28346,2.6655449261,0
28347,2.60376881408,0
28348,2.52708236813,0
28349,2.26381359374,0
28350,2.28125320828,0
28351,2.51970159757,0
28352,2.65571302353,0
28353,2.5824236217,0
28354,2.44724589781,0
28355,2.41349985198,0
28356,2.48697277089,0
28357,2.45427155524,0
28358,2.37032448542,0
28359,2.19058891407,0
28360,2.43235395495,0
28361,2.16396338863,0
28362,2.33117808475,0
28363,2.13103971459,0
28364,2.432420706,0
28365,2.13971115931,0
28366,2.34004494882,0
28367,2.13297802082,0
28368,2.13486800104,0
28369,2.34137417945,0
28370,1.97859315729,0
28371,2.08672788814,0
28372,1.92382460055,0
28373,2.22438580516,0
28374,1.93551441073,0
28375,1.82225147274,0
28376,2.08242668058,0
28377,2.16620855431,0
28378,1.86899034739,0
28379,2.06729562138,0
28380,1.863271111,0
28381,2.01849779046,0
28382,1.94735402419,0
28383,1.53054288166,0
28384,1.82545105496,0
28385,1.87182575185,0
28386,1.44548152357,0
28387,1.4028924626,0
28388,1.71907301831,0
28389,1.69676092249,0
28390,1.38394685575,0
28391,1.40949135612,0
28392,1.1729402363,0
28393,1.19213754469,0
28394,1.44330489692,0
28395,1.44379500059,0
28396,1.26992185512,0
28397,1.35140202996,0
28398,0.977850703678,0
28399,1.27056660289,0
28400,1.01358543564,0
28401,1.07930773018,0
28402,1.29356872644,0
28403,1.0960559449,0
28404,0.918890516086,0
28405,0.768240591995,0
28406,1.0442044487,0
28407,0.677172978865,0
28408,0.748420858697,0
28409,0.790108314118,0
28410,0.931774265684,0
28411,0.676293266291,0
28412,0.762657090574,0
28413,0.542739368479,0
28414,0.437629213155,0
28415,0.713525704716,0
28416,0.465399139103,0
28417,0.251539950627,0
28418,0.255925736772,0
28419,0.42186291284,0
28420,0.534061515676,0
28421,0.167500053198,0
28422,0.266572722112,0
28423,0.0366292010652,0
28424,0.00451660390876,0
28425,0.354504441136,0
28426,0.290925757159,0
28427,0.331705862037,0
28428,0.259826812842,0
28429,0.223938280188,0
28430,0.0328144158827,0
28431,-0.084520676247,0
28432,-0.0936818860681,0
28433,0.120891981608,0
28434,-0.259010906131,0
28435,-0.280208469233,0
28436,0.114724984507,0
28437,-0.177345525035,0
28438,-0.233332758723,0
28439,-0.339900839301,0
28440,-0.365366416595,0
28441,0.0382501516575,0
28442,-0.33374817332,0
28443,-0.37695073137,0
28444,-0.0936595938013,0
28445,-0.0739156156711,0
28446,-0.184515936347,0
28447,-0.0563786888729,0
28448,-0.258205195903,0
28449,-0.396059773416,0
28450,-0.26681002773,0
28451,-0.0144293555232,0
28452,-0.430524679594,0
28453,-0.285045397645,0
28454,-0.401994674025,0
28455,-0.142813930905,0
28456,-0.404533621299,0
28457,-0.0132667930936,0
28458,-0.130788149263,0
28459,-0.283330654134,0
28460,-0.360852191239,0
28461,-0.0438367652049,0
28462,0.0738601681237,0
28463,0.0857913582179,0
28464,0.0620063568156,0
28465,0.0367635847824,0
28466,-0.105837131862,0
28467,0.0653453234544,0
28468,0.188142222541,0
28469,-0.0225872551038,0
28470,-0.121776320201,0
28471,0.195234385116,0
28472,0.220479549948,0
28473,0.220338312619,0
28474,0.0650296710092,0
28475,-0.000227242696203,0
28476,0.219963520929,0
28477,0.24639701569,0
28478,0.374595793888,0
28479,0.238932914136,0
28480,0.167299180478,0
28481,0.195799109285,0
28482,0.605656837799,0
28483,0.662125019681,0
28484,0.316726638773,0
28485,0.766654633933,0
28486,0.707354399119,0
28487,0.842918518465,0
28488,0.800014422421,0
28489,0.924045442161,0
28490,0.943628562347,0
28491,0.598811786628,0
28492,0.817805065983,0
28493,0.910533000008,0
28494,0.747953534715,0
28495,0.870349040816,0
28496,0.812684717555,0
28497,1.16431365867,0
28498,1.29734745207,0
28499,1.16713965446,0
28500,1.04900787401,0
28501,1.28181748776,0
28502,1.30294512077,0
28503,1.18605183971,0
28504,1.19127497924,0
28505,1.54452940538,0
28506,1.65702589501,0
28507,1.37257336294,0
28508,1.74834788705,0
28509,1.37982132647,0
28510,1.83460447258,0
28511,1.58641737181,0
28512,1.71762896916,0
28513,1.61293264398,0
28514,1.79479930624,0
28515,1.91488551956,0
28516,2.02190015618,0
28517,1.74632014552,0
28518,2.11854079296,0
28519,1.88875991282,0
28520,1.90719183796,0
28521,1.88653504993,0
28522,2.16050065059,0
28523,1.96615373028,0
28524,1.99605989074,0
28525,2.01482963855,0
28526,2.07848296118,0
28527,2.19849004952,0
28528,2.46945022468,0
28529,2.32264553384,0
28530,2.19866231526,0
28531,2.54185945749,0
28532,2.52485856443,0
28533,2.21614197304,0
28534,2.51263326649,0
28535,2.64638533811,0
28536,2.64851070016,0
28537,2.34863540713,0
28538,2.69675412225,0
28539,2.34307128509,0
28540,2.6726633082,0
28541,2.73535836263,0
28542,2.56596419418,0
28543,2.59165899957,0
28544,2.3677357077,0
28545,2.45322438143,0
28546,2.77861610221,0
28547,2.71683999019,0
28548,2.64015354424,0
28549,2.37688476985,0
28550,2.39432438439,0
28551,2.63277277368,0
28552,2.76878419964,0
28553,2.6954947978,0
28554,2.56031707392,0
28555,2.52657102809,0
28556,2.600043947,0
28557,2.56734273135,0
28558,2.48339566153,0
28559,2.30366009018,0
28560,2.54542513106,0
28561,2.27703456474,0
28562,2.44424926086,0
28563,2.2441108907,0
28564,2.54549188211,0
28565,2.25278233542,0
28566,2.45311612493,0
28567,2.24604919693,0
28568,2.24793917715,0
28569,2.45444535556,0
28570,2.0916643334,0
28571,2.19979906425,0
28572,2.03689577666,0
28573,2.33745698127,0
28574,2.04858558684,0
28575,1.93532264885,0
28576,2.19549785669,0
28577,2.27927973042,0
28578,1.9820615235,0
28579,2.18036679749,0
28580,1.97634228711,0
28581,2.13156896657,0
28582,2.0604252003,0
28583,1.64361405777,0
28584,1.93852223107,0
28585,1.98489692796,0
28586,1.55855269968,0
28587,1.51596363871,0
28588,1.83214419442,0
28589,1.80983209859,0
28590,1.49701803186,0
28591,1.52256253223,0
28592,1.28601141241,0
28593,1.3052087208,0
28594,1.55637607303,0
28595,1.5568661767,0
28596,1.38299303123,0
28597,1.46447320607,0
28598,1.09092187979,0
28599,1.383637779,0
28600,1.10773298664,0
28601,1.17345528118,0
28602,1.38771627744,0
28603,1.1902034959,0
28604,1.01303806709,0
28605,0.862388142995,0
28606,1.1383519997,0
28607,0.771320529864,0
28608,0.842568409696,0
28609,0.884255865118,0
28610,1.02592181668,0
28611,0.770440817291,0
28612,0.856804641574,0
28613,0.636886919478,0
28614,0.531776764155,0
28615,0.807673255716,0
28616,0.559546690103,0
28617,0.345687501627,0
28618,0.350073287771,0
28619,0.516010463839,0
28620,0.628209066676,0
28621,0.261647604198,0
28622,0.360720273112,0
28623,0.130776752065,0
28624,0.0986641549083,0
28625,0.448651992136,0
28626,0.385073308158,0
28627,0.425853413036,0
28628,0.353974363842,0
28629,0.318085831188,0
28630,0.126961966882,0
28631,0.00962687475255,0
28632,0.00046566493142,0
28633,0.215039532608,0
28634,-0.164863355132,0
28635,-0.186060918234,0
28636,0.208872535507,0
28637,-0.0831979740359,0
28638,-0.139185207724,0
28639,-0.245753288301,0
28640,-0.271218865596,0
28641,0.132397702657,0
28642,-0.23960062232,0
28643,-0.282803180371,0
28644,0.000487957198203,0
28645,0.0202319353284,0
28646,-0.0903683853476,0
28647,0.0377688621266,0
28648,-0.164057644904,0
28649,-0.301912222416,0
28650,-0.17266247673,0
28651,0.0797181954763,0
28652,-0.336377128594,0
28653,-0.190897846645,0
28654,-0.307847123026,0
28655,-0.0486663799057,0
28656,-0.3103860703,0
28657,0.0808807579059,0
28658,-0.0366405982635,0
28659,-0.189183103134,0
28660,-0.26670464024,0
28661,0.0503107857946,0
28662,0.168007719123,0
28663,0.179938909217,0
28664,0.156153907815,0
28665,0.130911135782,0
28666,-0.0116895808621,0
28667,0.159492874454,0
28668,0.282289773541,0
28669,0.0715602958957,0
28670,-0.027628769201,0
28671,0.289381936115,0
28672,0.314627100947,0
28673,0.314485863619,0
28674,0.159177222009,0
28675,0.0939203083033,0
28676,0.314111071929,0
28677,0.340544566689,0
28678,0.468743344888,0
28679,0.333080465136,0
28680,0.261446731478,0
28681,0.289946660284,0
28682,0.699804388799,0
28683,0.756272570681,0
28684,0.410874189772,0
28685,0.860802184933,0
28686,0.801501950118,0
28687,0.937066069465,0
28688,0.89416197342,0
28689,1.01819299316,0
28690,1.03777611335,0
28691,0.692959337627,0
28692,0.911952616983,0
28693,1.00468055101,0
28694,0.842101085715,0
28695,0.964496591816,0
28696,0.906832268555,0
28697,1.25846120967,0
28698,1.39149500307,0
28699,1.26128720546,0
28700,1.14315542501,0
28701,1.37596503876,0
28702,1.39709267177,0
28703,1.28019939071,0
28704,1.28542253024,0
28705,1.63867695638,0
28706,1.75117344601,0
28707,1.46672091393,0
28708,1.84249543805,0
28709,1.47396887747,0
28710,1.92875202358,0
28711,1.68056492281,0
28712,1.81177652016,0
28713,1.70708019498,0
28714,1.88894685724,0
28715,2.00903307055,0
28716,2.11604770718,0
28717,1.84046769652,0
28718,2.21268834396,0
28719,1.98290746382,0
28720,2.00133938895,0
28721,1.98068260093,0
28722,2.25464820159,0
28723,2.06030128128,0
28724,2.09020744174,0
28725,2.10897718955,0
28726,2.17263051218,0
28727,2.29263760052,0
28728,2.56359777568,0
28729,2.41679308484,0
28730,2.29280986626,0
28731,2.63600700849,0
28732,2.61900611543,0
28733,2.31028952404,0
28734,2.60678081749,0
28735,2.74053288911,0
28736,2.74265825116,0
28737,2.44278295813,0
28738,2.79090167325,0
28739,2.43721883609,0
28740,2.7668108592,0
28741,2.82950591363,0
28742,2.66011174518,0
28743,2.68580655057,0
28744,2.4618832587,0
28745,2.54737193243,0
28746,2.87276365321,0
28747,2.81098754119,0
28748,2.73430109524,0
28749,2.47103232085,0
28750,2.48847193539,0
28751,2.72692032468,0
28752,2.86293175064,0
28753,2.7896423488,0
28754,2.65446462492,0
28755,2.62071857909,0
28756,2.694191498,0
28757,2.66149028235,0
28758,2.57754321253,0
28759,2.39780764118,0
28760,2.63957268206,0
28761,2.37118211574,0
28762,2.53839681186,0
28763,2.3382584417,0
28764,2.63963943311,0
28765,2.34692988642,0
28766,2.54726367593,0
28767,2.34019674793,0
28768,2.34208672815,0
28769,2.54859290656,0
28770,2.1858118844,0
28771,2.29394661525,0
28772,2.13104332766,0
28773,2.43160453227,0
28774,2.14273313784,0
28775,2.02947019985,0
28776,2.28964540769,0
28777,2.37342728142,0
28778,2.0762090745,0
28779,2.27451434849,0
28780,2.07048983811,0
28781,2.22571651757,0
28782,2.1545727513,0
28783,1.73776160877,0
28784,2.03266978207,0
28785,2.07904447896,0
28786,1.65270025067,0
28787,1.6101111897,0
28788,1.92629174542,0
28789,1.90397964959,0
28790,1.59116558286,0
28791,1.61671008323,0
28792,1.38015896341,0
28793,1.3993562718,0
28794,1.65052362403,0
28795,1.6510137277,0
28796,1.47714058223,0
28797,1.55862075707,0
28798,1.18506943079,0
28799,1.47778533,0
28800,1.10539915448,0
28801,1.17112144902,0
28802,1.38538244528,0
28803,1.18786966374,0
28804,1.01070423492,0
28805,0.860054310834,0
28806,1.13601816754,0
28807,0.768986697703,0
28808,0.840234577535,0
28809,0.881922032957,0
28810,1.02358798452,0
28811,0.76810698513,0
28812,0.854470809413,0
28813,0.634553087317,0
28814,0.529442931994,0
28815,0.805339423555,0
28816,0.557212857942,0
28817,0.343353669466,0
28818,0.34773945561,0
28819,0.513676631678,0
28820,0.625875234515,0
28821,0.259313772037,0
28822,0.358386440951,0
28823,0.128442919904,0
28824,0.0963303227472,0
28825,0.446318159975,0
28826,0.382739475997,0
28827,0.423519580875,0
28828,0.351640531681,0
28829,0.315751999027,0
28830,0.124628134721,0
28831,0.00729304259152,0
28832,-0.00186816722961,0
28833,0.212705700447,0
28834,-0.167197187293,0
28835,-0.188394750395,0
28836,0.206538703345,0
28837,-0.085531806197,0
28838,-0.141519039885,0
28839,-0.248087120462,0
28840,-0.273552697757,0
28841,0.130063870496,0
28842,-0.241934454481,0
28843,-0.285137012532,0
28844,-0.00184587496283,0
28845,0.0178981031674,0
28846,-0.0927022175087,0
28847,0.0354350299655,0
28848,-0.166391477065,0
28849,-0.304246054577,0
28850,-0.174996308891,0
28851,0.0773843633153,0
28852,-0.338710960755,0
28853,-0.193231678806,0
28854,-0.310180955187,0
28855,-0.0510002120668,0
28856,-0.312719902461,0
28857,0.0785469257449,0
28858,-0.0389744304245,0
28859,-0.191516935295,0
28860,-0.269038472401,0
28861,0.0479769536335,0
28862,0.165673886962,0
28863,0.177605077056,0
28864,0.153820075654,0
28865,0.128577303621,0
28866,-0.0140234130231,0
28867,0.157159042293,0
28868,0.27995594138,0
28869,0.0692264637346,0
28870,-0.0299626013621,0
28871,0.287048103954,0
28872,0.312293268786,0
28873,0.312152031458,0
28874,0.156843389848,0
28875,0.0915864761423,0
28876,0.311777239768,0
28877,0.338210734528,0
28878,0.466409512727,0
28879,0.330746632975,0
28880,0.259112899316,0
28881,0.287612828123,0
28882,0.697470556638,0
28883,0.75393873852,0
28884,0.408540357611,0
28885,0.858468352772,0
28886,0.799168117957,0
28887,0.934732237304,0
28888,0.891828141259,0
28889,1.015859161,0
28890,1.03544228119,0
28891,0.690625505466,0
28892,0.909618784822,0
28893,1.00234671885,0
28894,0.839767253554,0
28895,0.962162759655,0
28896,0.904498436394,0
28897,1.25612737751,0
28898,1.38916117091,0
28899,1.25895337329,0
28900,1.14082159285,0
28901,1.3736312066,0
28902,1.3947588396,0
28903,1.27786555855,0
28904,1.28308869808,0
28905,1.63634312422,0
28906,1.74883961385,0
28907,1.46438708177,0
28908,1.84016160589,0
28909,1.47163504531,0
28910,1.92641819142,0
28911,1.67823109065,0
28912,1.809442688,0
28913,1.70474636282,0
28914,1.88661302508,0
28915,2.00669923839,0
28916,2.11371387502,0
28917,1.83813386436,0
28918,2.2103545118,0
28919,1.98057363166,0
28920,1.99900555679,0
28921,1.97834876877,0
28922,2.25231436943,0
28923,2.05796744912,0
28924,2.08787360958,0
28925,2.10664335739,0
28926,2.17029668002,0
28927,2.29030376836,0
28928,2.56126394352,0
28929,2.41445925267,0
28930,2.2904760341,0
28931,2.63367317633,0
28932,2.61667228326,0
28933,2.30795569187,0
28934,2.60444698533,0
28935,2.73819905695,0
28936,2.740324419,0
28937,2.44044912597,0
28938,2.78856784109,0
28939,2.43488500393,0
28940,2.76447702704,0
28941,2.82717208147,0
28942,2.65777791302,0
28943,2.68347271841,0
28944,2.45954942654,0
28945,2.54503810027,0
28946,2.87042982105,0
28947,2.80865370902,0
28948,2.73196726308,0
28949,2.46869848869,0
28950,2.48613810323,0
28951,2.72458649252,0
28952,2.86059791848,0
28953,2.78730851664,0
28954,2.65213079275,0
28955,2.61838474693,0
28956,2.69185766584,0
28957,2.65915645019,0
28958,2.57520938037,0
28959,2.39547380902,0
28960,2.6372388499,0
28961,2.36884828358,0
28962,2.5360629797,0
28963,2.33592460954,0
28964,2.63730560095,0
28965,2.34459605426,0
28966,2.54492984376,0
28967,2.33786291577,0
28968,2.33975289599,0
28969,2.5462590744,0
28970,2.18347805224,0
28971,2.29161278309,0
28972,2.1287094955,0
28973,2.42927070011,0
28974,2.14039930568,0
28975,2.02713636769,0
28976,2.28731157553,0
28977,2.37109344926,0
28978,2.07387524234,0
28979,2.27218051633,0
28980,2.06815600595,0
28981,2.22338268541,0
28982,2.15223891914,0
28983,1.73542777661,0
28984,2.03033594991,0
28985,2.0767106468,0
28986,1.65036641851,0
28987,1.60777735754,0
28988,1.92395791326,0
28989,1.90164581743,0
28990,1.5888317507,0
28991,1.61437625107,0
28992,1.37782513125,0
28993,1.39702243964,0
28994,1.64818979187,0
28995,1.64867989554,0
28996,1.47480675007,0
28997,1.55628692491,0
28998,1.18273559863,0
28999,1.47545149784,0
29000,1.13198362446,0
29001,1.197705919,0
29002,1.41196691526,0
29003,1.21445413372,0
29004,1.0372887049,0
29005,0.886638780813,0
29006,1.16260263752,0
29007,0.795571167683,0
29008,0.866819047515,0
29009,0.908506502937,0
29010,1.0501724545,0
29011,0.79469145511,0
29012,0.881055279392,0
29013,0.661137557297,0
29014,0.556027401974,0
29015,0.831923893534,0
29016,0.583797327921,0
29017,0.369938139446,0
29018,0.37432392559,0
29019,0.540261101658,0
29020,0.652459704494,0
29021,0.285898242016,0
29022,0.384970910931,0
29023,0.155027389883,0
29024,0.122914792727,0
29025,0.472902629955,0
29026,0.409323945977,0
29027,0.450104050855,0
29028,0.378225001661,0
29029,0.342336469007,0
29030,0.151212604701,0
29031,0.0338775125713,0
29032,0.0247163027501,0
29033,0.239290170426,0
29034,-0.140612717313,0
29035,-0.161810280415,0
29036,0.233123173325,0
29037,-0.0589473362172,0
29038,-0.114934569905,0
29039,-0.221502650483,0
29040,-0.246968227777,0
29041,0.156648340476,0
29042,-0.215349984501,0
29043,-0.258552542552,0
29044,0.0247385950169,0
29045,0.0444825731471,0
29046,-0.0661177475289,0
29047,0.0620194999453,0
29048,-0.139807007085,0
29049,-0.277661584597,0
29050,-0.148411838912,0
29051,0.103968833295,0
29052,-0.312126490776,0
29053,-0.166647208826,0
29054,-0.283596485207,0
29055,-0.024415742087,0
29056,-0.286135432481,0
29057,0.105131395725,0
29058,-0.0123899604448,0
29059,-0.164932465315,0
29060,-0.242454002421,0
29061,0.0745614236133,0
29062,0.192258356942,0
29063,0.204189547036,0
29064,0.180404545634,0
29065,0.155161773601,0
29066,0.0125610569566,0
29067,0.183743512273,0
29068,0.30654041136,0
29069,0.0958109337144,0
29070,-0.00337813138234,0
29071,0.313632573934,0
29072,0.338877738766,0
29073,0.338736501438,0
29074,0.183427859827,0
29075,0.118170946122,0
29076,0.338361709748,0
29077,0.364795204508,0
29078,0.492993982706,0
29079,0.357331102955,0
29080,0.285697369296,0
29081,0.314197298103,0
29082,0.724055026617,0
29083,0.7805232085,0
29084,0.435124827591,0
29085,0.885052822751,0
29086,0.825752587937,0
29087,0.961316707284,0
29088,0.918412611239,0
29089,1.04244363098,0
29090,1.06202675117,0
29091,0.717209975446,0
29092,0.936203254801,0
29093,1.02893118883,0
29094,0.866351723534,0
29095,0.988747229634,0
29096,0.931082906373,0
29097,1.28271184749,0
29098,1.41574564089,0
29099,1.28553784327,0
29100,1.16740606283,0
29101,1.40021567658,0
29102,1.42134330958,0
29103,1.30445002853,0
29104,1.30967316806,0
29105,1.6629275942,0
29106,1.77542408383,0
29107,1.49097155175,0
29108,1.86674607587,0
29109,1.49821951529,0
29110,1.9530026614,0
29111,1.70481556063,0
29112,1.83602715798,0
29113,1.7313308328,0
29114,1.91319749506,0
29115,2.03328370837,0
29116,2.140298345,0
29117,1.86471833434,0
29118,2.23693898178,0
29119,2.00715810164,0
29120,2.02559002677,0
29121,2.00493323875,0
29122,2.27889883941,0
29123,2.0845519191,0
29124,2.11445807956,0
29125,2.13322782737,0
29126,2.19688115,0
29127,2.31688823833,0
29128,2.5878484135,0
29129,2.44104372265,0
29130,2.31706050408,0
29131,2.66025764631,0
29132,2.64325675324,0
29133,2.33454016185,0
29134,2.63103145531,0
29135,2.76478352693,0
29136,2.76690888898,0
29137,2.46703359595,0
29138,2.81515231107,0
29139,2.46146947391,0
29140,2.79106149702,0
29141,2.85375655145,0
29142,2.684362383,0
29143,2.71005718839,0
29144,2.48613389652,0
29145,2.57162257025,0
29146,2.89701429103,0
29147,2.835238179,0
29148,2.75855173306,0
29149,2.49528295867,0
29150,2.51272257321,0
29151,2.7511709625,0
29152,2.88718238846,0
29153,2.81389298662,0
29154,2.67871526273,0
29155,2.64496921691,0
29156,2.71844213582,0
29157,2.68574092016,0
29158,2.60179385035,0
29159,2.422058279,0
29160,2.66382331988,0
29161,2.39543275356,0
29162,2.56264744968,0
29163,2.36250907952,0
29164,2.66389007093,0
29165,2.37118052424,0
29166,2.57151431374,0
29167,2.36444738575,0
29168,2.36633736597,0
29169,2.57284354438,0
29170,2.21006252222,0
29171,2.31819725307,0
29172,2.15529396548,0
29173,2.45585517009,0
29174,2.16698377566,0
29175,2.05372083767,0
29176,2.31389604551,0
29177,2.39767791924,0
29178,2.10045971232,0
29179,2.29876498631,0
29180,2.09474047593,0
29181,2.24996715539,0
29182,2.17882338912,0
29183,1.76201224659,0
29184,2.05692041989,0
29185,2.10329511678,0
29186,1.67695088849,0
29187,1.63436182752,0
29188,1.95054238323,0
29189,1.92823028741,0
29190,1.61541622068,0
29191,1.64096072105,0
29192,1.40440960123,0
29193,1.42360690962,0
29194,1.67477426185,0
29195,1.67526436552,0
29196,1.50139122005,0
29197,1.58287139489,0
29198,1.20932006861,0
29199,1.50203596782,0
29200,1.11748829627,0
29201,1.18321059081,0
29202,1.39747158707,0
29203,1.19995880553,0
29204,1.02279337671,0
29205,0.872143452624,0
29206,1.14810730933,0
29207,0.781075839494,0
29208,0.852323719326,0
29209,0.894011174748,0
29210,1.03567712631,0
29211,0.780196126921,0
29212,0.866559951203,0
29213,0.646642229108,0
29214,0.541532073785,0
29215,0.817428565345,0
29216,0.569301999732,0
29217,0.355442811257,0
29218,0.359828597401,0
29219,0.525765773469,0
29220,0.637964376305,0
29221,0.271402913827,0
29222,0.370475582742,0
29223,0.140532061694,0
29224,0.108419464538,0
29225,0.458407301766,0
29226,0.394828617788,0
29227,0.435608722666,0
29228,0.363729673472,0
29229,0.327841140818,0
29230,0.136717276512,0
29231,0.0193821843823,0
29232,0.0102209745612,0
29233,0.224794842237,0
29234,-0.155108045502,0
29235,-0.176305608604,0
29236,0.218627845136,0
29237,-0.0734426644062,0
29238,-0.129429898094,0
29239,-0.235997978672,0
29240,-0.261463555966,0
29241,0.142153012287,0
29242,-0.22984531269,0
29243,-0.273047870741,0
29244,0.0102432668279,0
29245,0.0299872449582,0
29246,-0.0806130757179,0
29247,0.0475241717563,0
29248,-0.154302335274,0
29249,-0.292156912786,0
29250,-0.162907167101,0
29251,0.0894735051061,0
29252,-0.326621818965,0
29253,-0.181142537015,0
29254,-0.298091813396,0
29255,-0.038911070276,0
29256,-0.30063076067,0
29257,0.0906360675356,0
29258,-0.0268852886337,0
29259,-0.179427793504,0
29260,-0.25694933061,0
29261,0.0600660954243,0
29262,0.177763028753,0
29263,0.189694218847,0
29264,0.165909217445,0
29265,0.140666445412,0
29266,-0.00193427123233,0
29267,0.169248184084,0
29268,0.292045083171,0
29269,0.0813156055254,0
29270,-0.0178734595713,0
29271,0.299137245745,0
29272,0.324382410577,0
29273,0.324241173249,0
29274,0.168932531638,0
29275,0.103675617933,0
29276,0.323866381559,0
29277,0.350299876319,0
29278,0.478498654517,0
29279,0.342835774766,0
29280,0.271202041107,0
29281,0.299701969914,0
29282,0.709559698428,0
29283,0.766027880311,0
29284,0.420629499402,0
29285,0.870557494562,0
29286,0.811257259748,0
29287,0.946821379095,0
29288,0.90391728305,0
29289,1.02794830279,0
29290,1.04753142298,0
29291,0.702714647257,0
29292,0.921707926612,0
29293,1.01443586064,0
29294,0.851856395345,0
29295,0.974251901446,0
29296,0.916587578185,0
29297,1.2682165193,0
29298,1.4012503127,0
29299,1.27104251508,0
29300,1.15291073464,0
29301,1.38572034839,0
29302,1.4068479814,0
29303,1.28995470034,0
29304,1.29517783987,0
29305,1.64843226601,0
29306,1.76092875564,0
29307,1.47647622356,0
29308,1.85225074768,0
29309,1.4837241871,0
29310,1.93850733321,0
29311,1.69032023244,0
29312,1.82153182979,0
29313,1.71683550461,0
29314,1.89870216687,0
29315,2.01878838018,0
29316,2.12580301681,0
29317,1.85022300615,0
29318,2.22244365359,0
29319,1.99266277345,0
29320,2.01109469858,0
29321,1.99043791056,0
29322,2.26440351122,0
29323,2.07005659091,0
29324,2.09996275137,0
29325,2.11873249918,0
29326,2.18238582181,0
29327,2.30239291015,0
29328,2.57335308531,0
29329,2.42654839446,0
29330,2.30256517589,0
29331,2.64576231812,0
29332,2.62876142506,0
29333,2.32004483367,0
29334,2.61653612712,0
29335,2.75028819874,0
29336,2.75241356079,0
29337,2.45253826776,0
29338,2.80065698288,0
29339,2.44697414572,0
29340,2.77656616883,0
29341,2.83926122326,0
29342,2.66986705481,0
29343,2.6955618602,0
29344,2.47163856833,0
29345,2.55712724206,0
29346,2.88251896284,0
29347,2.82074285082,0
29348,2.74405640487,0
29349,2.48078763048,0
29350,2.49822724502,0
29351,2.73667563431,0
29352,2.87268706027,0
29353,2.79939765843,0
29354,2.66421993455,0
29355,2.63047388872,0
29356,2.70394680763,0
29357,2.67124559198,0
29358,2.58729852216,0
29359,2.40756295081,0
29360,2.64932799169,0
29361,2.38093742537,0
29362,2.54815212149,0
29363,2.34801375133,0
29364,2.64939474274,0
29365,2.35668519605,0
29366,2.55701898556,0
29367,2.34995205756,0
29368,2.35184203778,0
29369,2.55834821619,0
29370,2.19556719403,0
29371,2.30370192488,0
29372,2.14079863729,0
29373,2.4413598419,0
29374,2.15248844747,0
29375,2.03922550948,0
29376,2.29940071732,0
29377,2.38318259105,0
29378,2.08596438413,0
29379,2.28426965812,0
29380,2.08024514774,0
29381,2.2354718272,0
29382,2.16432806093,0
29383,1.7475169184,0
29384,2.0424250917,0
29385,2.08879978859,0
29386,1.6624555603,0
29387,1.61986649933,0
29388,1.93604705505,0
29389,1.91373495922,0
29390,1.60092089249,0
29391,1.62646539286,0
29392,1.38991427304,0
29393,1.40911158143,0
29394,1.66027893366,0
29395,1.66076903733,0
29396,1.48689589186,0
29397,1.5683760667,0
29398,1.19482474042,0
29399,1.48754063963,0
29400,1.18885786299,0
29401,1.25458015752,0
29402,1.46884115378,0
29403,1.27132837225,0
29404,1.09416294343,0
29405,0.943513019339,0
29406,1.21947687604,0
29407,0.852445406209,0
29408,0.923693286041,0
29409,0.965380741462,0
29410,1.10704669303,0
29411,0.851565693635,0
29412,0.937929517918,0
29413,0.718011795822,0
29414,0.612901640499,0
29415,0.88879813206,0
29416,0.640671566447,0
29417,0.426812377971,0
29418,0.431198164116,0
29419,0.597135340184,0
29420,0.70933394302,0
29421,0.342772480542,0
29422,0.441845149456,0
29423,0.211901628409,0
29424,0.179789031253,0
29425,0.52977686848,0
29426,0.466198184503,0
29427,0.506978289381,0
29428,0.435099240186,0
29429,0.399210707532,0
29430,0.208086843227,0
29431,0.0907517510969,0
29432,0.0815905412757,0
29433,0.296164408952,0
29434,-0.0837384787872,0
29435,-0.104936041889,0
29436,0.289997411851,0
29437,-0.00207309769162,0
29438,-0.0580603313793,0
29439,-0.164628411957,0
29440,-0.190093989252,0
29441,0.213522579001,0
29442,-0.158475745976,0
29443,-0.201678304027,0
29444,0.0816128335425,0
29445,0.101356811673,0
29446,-0.00924350900332,0
29447,0.118893738471,0
29448,-0.0829327685592,0
29449,-0.220787346072,0
29450,-0.091537600386,0
29451,0.160843071821,0
29452,-0.25525225225,0
29453,-0.109772970301,0
29454,-0.226722246681,0
29455,0.0324584964386,0
29456,-0.229261193956,0
29457,0.16200563425,0
29458,0.0444842780809,0
29459,-0.10805822679,0
29460,-0.185579763895,0
29461,0.131435662139,0
29462,0.249132595467,0
29463,0.261063785562,0
29464,0.237278784159,0
29465,0.212036012126,0
29466,0.0694352954823,0
29467,0.240617750798,0
29468,0.363414649885,0
29469,0.15268517224,0
29470,0.0534961071433,0
29471,0.370506812459,0
29472,0.395751977292,0
29473,0.395610739963,0
29474,0.240302098353,0
29475,0.175045184648,0
29476,0.395235948273,0
29477,0.421669443034,0
29478,0.549868221232,0
29479,0.41420534148,0
29480,0.342571607822,0
29481,0.371071536628,0
29482,0.780929265143,0
29483,0.837397447025,0
29484,0.491999066117,0
29485,0.941927061277,0
29486,0.882626826462,0
29487,1.01819094581,0
29488,0.975286849765,0
29489,1.0993178695,0
29490,1.11890098969,0
29491,0.774084213971,0
29492,0.993077493327,0
29493,1.08580542735,0
29494,0.923225962059,0
29495,1.04562146816,0
29496,0.987957144899,0
29497,1.33958608602,0
29498,1.47261987941,0
29499,1.3424120818,0
29500,1.22428030136,0
29501,1.4570899151,0
29502,1.47821754811,0
29503,1.36132426705,0
29504,1.36654740658,0
29505,1.71980183272,0
29506,1.83229832236,0
29507,1.54784579028,0
29508,1.92362031439,0
29509,1.55509375382,0
29510,2.00987689993,0
29511,1.76168979916,0
29512,1.8929013965,0
29513,1.78820507132,0
29514,1.97007173358,0
29515,2.0901579469,0
29516,2.19717258352,0
29517,1.92159257286,0
29518,2.29381322031,0
29519,2.06403234016,0
29520,2.0824642653,0
29521,2.06180747727,0
29522,2.33577307794,0
29523,2.14142615763,0
29524,2.17133231809,0
29525,2.19010206589,0
29526,2.25375538852,0
29527,2.37376247686,0
29528,2.64472265203,0
29529,2.49791796118,0
29530,2.37393474261,0
29531,2.71713188483,0
29532,2.70013099177,0
29533,2.39141440038,0
29534,2.68790569383,0
29535,2.82165776546,0
29536,2.82378312751,0
29537,2.52390783447,0
29538,2.8720265496,0
29539,2.51834371243,0
29540,2.84793573554,0
29541,2.91063078997,0
29542,2.74123662152,0
29543,2.76693142691,0
29544,2.54300813504,0
29545,2.62849680878,0
29546,2.95388852956,0
29547,2.89211241753,0
29548,2.81542597158,0
29549,2.55215719719,0
29550,2.56959681173,0
29551,2.80804520102,0
29552,2.94405662698,0
29553,2.87076722515,0
29554,2.73558950126,0
29555,2.70184345543,0
29556,2.77531637434,0
29557,2.74261515869,0
29558,2.65866808887,0
29559,2.47893251752,0
29560,2.7206975584,0
29561,2.45230699208,0
29562,2.6195216882,0
29563,2.41938331805,0
29564,2.72076430945,0
29565,2.42805476277,0
29566,2.62838855227,0
29567,2.42132162428,0
29568,2.42321160449,0
29569,2.6297177829,0
29570,2.26693676075,0
29571,2.37507149159,0
29572,2.21216820401,0
29573,2.51272940861,0
29574,2.22385801419,0
29575,2.1105950762,0
29576,2.37077028403,0
29577,2.45455215777,0
29578,2.15733395085,0
29579,2.35563922484,0
29580,2.15161471446,0
29581,2.30684139391,0
29582,2.23569762765,0
29583,1.81888648511,0
29584,2.11379465842,0
29585,2.16016935531,0
29586,1.73382512702,0
29587,1.69123606605,0
29588,2.00741662176,0
29589,1.98510452594,0
29590,1.6722904592,0
29591,1.69783495958,0
29592,1.46128383975,0
29593,1.48048114815,0
29594,1.73164850038,0
29595,1.73213860405,0
29596,1.55826545857,0
29597,1.63974563342,0
29598,1.26619430713,0
29599,1.55891020634,0
29600,1.27364342852,0
29601,1.33936572305,0
29602,1.55362671931,0
29603,1.35611393778,0
29604,1.17894850896,0
29605,1.02829858487,0
29606,1.30426244157,0
29607,0.93723097174,0
29608,1.00847885157,0
29609,1.05016630699,0
29610,1.19183225856,0
29611,0.936351259166,0
29612,1.02271508345,0
29613,0.802797361354,0
29614,0.69768720603,0
29615,0.973583697591,0
29616,0.725457131978,0
29617,0.511597943502,0
29618,0.515983729647,0
29619,0.681920905715,0
29620,0.794119508551,0
29621,0.427558046073,0
29622,0.526630714987,0
29623,0.29668719394,0
29624,0.264574596784,0
29625,0.614562434011,0
29626,0.550983750034,0
29627,0.591763854912,0
29628,0.519884805717,0
29629,0.483996273063,0
29630,0.292872408758,0
29631,0.175537316628,0
29632,0.166376106807,0
29633,0.380949974483,0
29634,0.00104708674393,0
29635,-0.020150476358,0
29636,0.374782977382,0
29637,0.0827124678396,0
29638,0.0267252341518,0
29639,-0.0798428464259,0
29640,-0.10530842372,0
29641,0.298308144533,0
29642,-0.0736901804445,0
29643,-0.116892738495,0
29644,0.166398399074,0
29645,0.186142377204,0
29646,0.0755420565278,0
29647,0.203679304002,0
29648,0.00185279697196,0
29649,-0.136001780541,0
29650,-0.00675203485483,0
29651,0.245628637352,0
29652,-0.170466686719,0
29653,-0.0249874047696,0
29654,-0.14193668115,0
29655,0.11724406197,0
29656,-0.144475628424,0
29657,0.246791199781,0
29658,0.129269843612,0
29659,-0.0232726612585,0
29660,-0.100794198364,0
29661,0.21622122767,0
29662,0.333918160999,0
29663,0.345849351093,0
29664,0.322064349691,0
29665,0.296821577657,0
29666,0.154220861013,0
29667,0.325403316329,0
29668,0.448200215416,0
29669,0.237470737771,0
29670,0.138281672674,0
29671,0.455292377991,0
29672,0.480537542823,0
29673,0.480396305494,0
29674,0.325087663884,0
29675,0.259830750179,0
29676,0.480021513804,0
29677,0.506455008565,0
29678,0.634653786763,0
29679,0.498990907011,0
29680,0.427357173353,0
29681,0.45585710216,0
29682,0.865714830674,0
29683,0.922183012556,0
29684,0.576784631648,0
29685,1.02671262681,0
29686,0.967412391994,0
29687,1.10297651134,0
29688,1.0600724153,0
29689,1.18410343504,0
29690,1.20368655522,0
29691,0.858869779503,0
29692,1.07786305886,0
29693,1.17059099288,0
29694,1.00801152759,0
29695,1.13040703369,0
29696,1.07274271043,0
29697,1.42437165155,0
29698,1.55740544494,0
29699,1.42719764733,0
29700,1.30906586689,0
29701,1.54187548063,0
29702,1.56300311364,0
29703,1.44610983258,0
29704,1.45133297211,0
29705,1.80458739825,0
29706,1.91708388789,0
29707,1.63263135581,0
29708,2.00840587992,0
29709,1.63987931935,0
29710,2.09466246546,0
29711,1.84647536469,0
29712,1.97768696204,0
29713,1.87299063686,0
29714,2.05485729911,0
29715,2.17494351243,0
29716,2.28195814905,0
29717,2.00637813839,0
29718,2.37859878584,0
29719,2.14881790569,0
29720,2.16724983083,0
29721,2.1465930428,0
29722,2.42055864347,0
29723,2.22621172316,0
29724,2.25611788362,0
29725,2.27488763142,0
29726,2.33854095405,0
29727,2.45854804239,0
29728,2.72950821756,0
29729,2.58270352671,0
29730,2.45872030814,0
29731,2.80191745036,0
29732,2.7849165573,0
29733,2.47619996591,0
29734,2.77269125936,0
29735,2.90644333099,0
29736,2.90856869304,0
29737,2.60869340001,0
29738,2.95681211513,0
29739,2.60312927797,0
29740,2.93272130107,0
29741,2.9954163555,0
29742,2.82602218706,0
29743,2.85171699244,0
29744,2.62779370057,0
29745,2.71328237431,0
29746,3.03867409509,0
29747,2.97689798306,0
29748,2.90021153711,0
29749,2.63694276272,0
29750,2.65438237726,0
29751,2.89283076656,0
29752,3.02884219251,0
29753,2.95555279068,0
29754,2.82037506679,0
29755,2.78662902096,0
29756,2.86010193987,0
29757,2.82740072422,0
29758,2.74345365441,0
29759,2.56371808305,0
29760,2.80548312394,0
29761,2.53709255761,0
29762,2.70430725374,0
29763,2.50416888358,0
29764,2.80554987498,0
29765,2.5128403283,0
29766,2.7131741178,0
29767,2.50610718981,0
29768,2.50799717003,0
29769,2.71450334844,0
29770,2.35172232628,0
29771,2.45985705712,0
29772,2.29695376954,0
29773,2.59751497414,0
29774,2.30864357972,0
29775,2.19538064173,0
29776,2.45555584956,0
29777,2.5393377233,0
29778,2.24211951638,0
29779,2.44042479037,0
29780,2.23640027999,0
29781,2.39162695945,0
29782,2.32048319318,0
29783,1.90367205064,0
29784,2.19858022395,0
29785,2.24495492084,0
29786,1.81861069255,0
29787,1.77602163158,0
29788,2.09220218729,0
29789,2.06989009147,0
29790,1.75707602474,0
29791,1.78262052511,0
29792,1.54606940528,0
29793,1.56526671368,0
29794,1.81643406591,0
29795,1.81692416958,0
29796,1.6430510241,0
29797,1.72453119895,0
29798,1.35097987266,0
29799,1.64369577187,0
29800,1.47610744861,0
29801,1.54182974315,0
29802,1.75609073941,0
29803,1.55857795787,0
29804,1.38141252906,0
29805,1.23076260497,0
29806,1.50672646167,0
29807,1.13969499184,0
29808,1.21094287167,0
29809,1.25263032709,0
29810,1.39429627865,0
29811,1.13881527926,0
29812,1.22517910354,0
29813,1.00526138145,0
29814,0.900151226126,0
29815,1.17604771769,0
29816,0.927921152074,0
29817,0.714061963598,0
29818,0.718447749742,0
29819,0.88438492581,0
29820,0.996583528647,0
29821,0.630022066169,0
29822,0.729094735083,0
29823,0.499151214036,0
29824,0.467038616879,0
29825,0.817026454107,0
29826,0.753447770129,0
29827,0.794227875007,0
29828,0.722348825813,0
29829,0.686460293159,0
29830,0.495336428853,0
29831,0.378001336724,0
29832,0.368840126902,0
29833,0.583413994579,0
29834,0.203511106839,0
29835,0.182313543738,0
29836,0.577246997478,0
29837,0.285176487935,0
29838,0.229189254247,0
29839,0.12262117367,0
29840,0.097155596375,0
29841,0.500772164628,0
29842,0.128773839651,0
29843,0.0855712816002,0
29844,0.368862419169,0
29845,0.388606397299,0
29846,0.278006076623,0
29847,0.406143324098,0
29848,0.204316817067,0
29849,0.066462239555,0
29850,0.195711985241,0
29851,0.448092657447,0
29852,0.0319973333766,0
29853,0.177476615326,0
29854,0.0605273389454,0
29855,0.319708082065,0
29856,0.0579883916711,0
29857,0.449255219877,0
29858,0.331733863708,0
29859,0.179191358837,0
29860,0.101669821731,0
29861,0.418685247766,0
29862,0.536382181094,0
29863,0.548313371188,0
29864,0.524528369786,0
29865,0.499285597753,0
29866,0.356684881109,0
29867,0.527867336425,0
29868,0.650664235512,0
29869,0.439934757867,0
29870,0.34074569277,0
29871,0.657756398086,0
29872,0.683001562918,0
29873,0.68286032559,0
29874,0.52755168398,0
29875,0.462294770274,0
29876,0.6824855339,0
29877,0.70891902866,0
29878,0.837117806859,0
29879,0.701454927107,0
29880,0.629821193449,0
29881,0.658321122255,0
29882,1.06817885077,0
29883,1.12464703265,0
29884,0.779248651743,0
29885,1.2291766469,0
29886,1.16987641209,0
29887,1.30544053144,0
29888,1.26253643539,0
29889,1.38656745513,0
29890,1.40615057532,0
29891,1.0613337996,0
29892,1.28032707895,0
29893,1.37305501298,0
29894,1.21047554769,0
29895,1.33287105379,0
29896,1.27520673053,0
29897,1.62683567164,0
29898,1.75986946504,0
29899,1.62966166743,0
29900,1.51152988698,0
29901,1.74433950073,0
29902,1.76546713374,0
29903,1.64857385268,0
29904,1.65379699221,0
29905,2.00705141835,0
29906,2.11954790798,0
29907,1.83509537591,0
29908,2.21086990002,0
29909,1.84234333944,0
29910,2.29712648555,0
29911,2.04893938478,0
29912,2.18015098213,0
29913,2.07545465695,0
29914,2.25732131921,0
29915,2.37740753253,0
29916,2.48442216915,0
29917,2.20884215849,0
29918,2.58106280593,0
29919,2.35128192579,0
29920,2.36971385093,0
29921,2.3490570629,0
29922,2.62302266356,0
29923,2.42867574325,0
29924,2.45858190371,0
29925,2.47735165152,0
29926,2.54100497415,0
29927,2.66101206249,0
29928,2.93197223765,0
29929,2.78516754681,0
29930,2.66118432823,0
29931,3.00438147046,0
29932,2.9873805774,0
29933,2.67866398601,0
29934,2.97515527946,0
29935,3.10890735109,0
29936,3.11103271314,0
29937,2.8111574201,0
29938,3.15927613522,0
29939,2.80559329806,0
29940,3.13518532117,0
29941,3.1978803756,0
29942,3.02848620715,0
29943,3.05418101254,0
29944,2.83025772067,0
29945,2.9157463944,0
29946,3.24113811518,0
29947,3.17936200316,0
29948,3.10267555721,0
29949,2.83940678282,0
29950,2.85684639736,0
29951,3.09529478665,0
29952,3.23130621261,0
29953,3.15801681078,0
29954,3.02283908689,0
29955,2.98909304106,0
29956,3.06256595997,0
29957,3.02986474432,0
29958,2.9459176745,0
29959,2.76618210315,0
29960,3.00794714403,0
29961,2.73955657771,0
29962,2.90677127383,0
29963,2.70663290367,0
29964,3.00801389508,0
29965,2.71530434839,0
29966,2.9156381379,0
29967,2.7085712099,0
29968,2.71046119012,0
29969,2.91696736853,0
29970,2.55418634637,0
29971,2.66232107722,0
29972,2.49941778963,0
29973,2.79997899424,0
29974,2.51110759981,0
29975,2.39784466182,0
29976,2.65801986966,0
29977,2.74180174339,0
29978,2.44458353647,0
29979,2.64288881046,0
29980,2.43886430008,0
29981,2.59409097954,0
29982,2.52294721327,0
29983,2.10613607074,0
29984,2.40104424404,0
29985,2.44741894093,0
29986,2.02107471265,0
29987,1.97848565168,0
29988,2.29466620739,0
29989,2.27235411157,0
29990,1.95954004483,0
29991,1.9850845452,0
29992,1.74853342538,0
29993,1.76773073377,0
29994,2.018898086,0
29995,2.01938818967,0
29996,1.8455150442,0
29997,1.92699521904,0
29998,1.55344389276,0
29999,1.84615979197,0
30000,1.34454405273,0
30001,1.41026634727,0
30002,1.62452734353,0
30003,1.42701456199,0
30004,1.24984913318,0
30005,1.09919920909,0
30006,1.37516306579,0
30007,1.00813159595,0
30008,1.07937947579,0
30009,1.12106693121,0
30010,1.26273288277,0
30011,1.00725188338,0
30012,1.09361570766,0
30013,0.873697985569,0
30014,0.768587830246,0
30015,1.04448432181,0
30016,0.796357756193,0
30017,0.582498567718,0
30018,0.586884353862,0
30019,0.75282152993,0
30020,0.865020132766,0
30021,0.498458670288,0
30022,0.597531339202,0
30023,0.367587818155,0
30024,0.335475220999,0
30025,0.685463058227,0
30026,0.621884374249,0
30027,0.662664479127,0
30028,0.590785429932,0
30029,0.554896897278,0
30030,0.363773032973,0
30031,0.246437940843,0
30032,0.237276731022,0
30033,0.451850598698,0
30034,0.071947710959,0
30035,0.0507501478571,0
30036,0.445683601597,0
30037,0.153613092055,0
30038,0.0976258583669,0
30039,-0.00894222221077,0
30040,-0.0344077995054,0
30041,0.369208768748,0
30042,-0.00278955622944,0
30043,-0.0459921142803,0
30044,0.237299023289,0
30045,0.257043001419,0
30046,0.146442680743,0
30047,0.274579928217,0
30048,0.0727534211871,0
30049,-0.0651011563255,0
30050,0.0641485893603,0
30051,0.316529261567,0
30052,-0.0995660625038,0
30053,0.0459132194455,0
30054,-0.071036056935,0
30055,0.188144686185,0
30056,-0.0735750042093,0
30057,0.317691823996,0
30058,0.200170467827,0
30059,0.0476279629566,0
30060,-0.0298935741492,0
30061,0.287121851885,0
30062,0.404818785214,0
30063,0.416749975308,0
30064,0.392964973906,0
30065,0.367722201872,0
30066,0.225121485229,0
30067,0.396303940544,0
30068,0.519100839631,0
30069,0.308371361986,0
30070,0.20918229689,0
30071,0.526193002206,0
30072,0.551438167038,0
30073,0.551296929709,0
30074,0.395988288099,0
30075,0.330731374394,0
30076,0.55092213802,0
30077,0.57735563278,0
30078,0.705554410978,0
30079,0.569891531226,0
30080,0.498257797568,0
30081,0.526757726375,0
30082,0.936615454889,0
30083,0.993083636772,0
30084,0.647685255863,0
30085,1.09761325102,0
30086,1.03831301621,0
30087,1.17387713556,0
30088,1.13097303951,0
30089,1.25500405925,0
30090,1.27458717944,0
30091,0.929770403718,0
30092,1.14876368307,0
30093,1.2414916171,0
30094,1.07891215181,0
30095,1.20130765791,0
30096,1.14364333465,0
30097,1.49527227576,0
30098,1.62830606916,0
30099,1.49809827155,0
30100,1.3799664911,0
30101,1.61277610485,0
30102,1.63390373786,0
30103,1.5170104568,0
30104,1.52223359633,0
30105,1.87548802247,0
30106,1.9879845121,0
30107,1.70353198003,0
30108,2.07930650414,0
30109,1.71077994356,0
30110,2.16556308967,0
30111,1.9173759889,0
30112,2.04858758625,0
30113,1.94389126107,0
30114,2.12575792333,0
30115,2.24584413665,0
30116,2.35285877327,0
30117,2.07727876261,0
30118,2.44949941005,0
30119,2.21971852991,0
30120,2.23815045505,0
30121,2.21749366702,0
30122,2.49145926768,0
30123,2.29711234737,0
30124,2.32701850783,0
30125,2.34578825564,0
30126,2.40944157827,0
30127,2.52944866661,0
30128,2.80040884177,0
30129,2.65360415093,0
30130,2.52962093235,0
30131,2.87281807458,0
30132,2.85581718152,0
30133,2.54710059013,0
30134,2.84359188358,0
30135,2.9773439552,0
30136,2.97946931725,0
30137,2.67959402422,0
30138,3.02771273934,0
30139,2.67402990218,0
30140,3.00362192529,0
30141,3.06631697972,0
30142,2.89692281127,0
30143,2.92261761666,0
30144,2.69869432479,0
30145,2.78418299852,0
30146,3.1095747193,0
30147,3.04779860728,0
30148,2.97111216133,0
30149,2.70784338694,0
30150,2.72528300148,0
30151,2.96373139077,0
30152,3.09974281673,0
30153,3.0264534149,0
30154,2.89127569101,0
30155,2.85752964518,0
30156,2.93100256409,0
30157,2.89830134844,0
30158,2.81435427862,0
30159,2.63461870727,0
30160,2.87638374815,0
30161,2.60799318183,0
30162,2.77520787795,0
30163,2.57506950779,0
30164,2.8764504992,0
30165,2.58374095251,0
30166,2.78407474202,0
30167,2.57700781402,0
30168,2.57889779424,0
30169,2.78540397265,0
30170,2.42262295049,0
30171,2.53075768134,0
30172,2.36785439375,0
30173,2.66841559836,0
30174,2.37954420393,0
30175,2.26628126594,0
30176,2.52645647378,0
30177,2.61023834751,0
30178,2.31302014059,0
30179,2.51132541458,0
30180,2.3073009042,0
30181,2.46252758366,0
30182,2.39138381739,0
30183,1.97457267486,0
30184,2.26948084816,0
30185,2.31585554505,0
30186,1.88951131677,0
30187,1.8469222558,0
30188,2.16310281151,0
30189,2.14079071568,0
30190,1.82797664895,0
30191,1.85352114932,0
30192,1.6169700295,0
30193,1.63616733789,0
30194,1.88733469012,0
30195,1.88782479379,0
30196,1.71395164832,0
30197,1.79543182316,0
30198,1.42188049688,0
30199,1.71459639609,0
30200,1.2877182317,0
30201,1.35344052624,0
30202,1.5677015225,0
30203,1.37018874097,0
30204,1.19302331215,0
30205,1.04237338806,0
30206,1.31833724476,0
30207,0.951305774926,0
30208,1.02255365476,0
30209,1.06424111018,0
30210,1.20590706175,0
30211,0.950426062353,0
30212,1.03678988664,0
30213,0.81687216454,0
30214,0.711762009217,0
30215,0.987658500778,0
30216,0.739531935165,0
30217,0.525672746689,0
30218,0.530058532833,0
30219,0.695995708901,0
30220,0.808194311738,0
30221,0.44163284926,0
30222,0.540705518174,0
30223,0.310761997127,0
30224,0.27864939997,0
30225,0.628637237198,0
30226,0.56505855322,0
30227,0.605838658098,0
30228,0.533959608904,0
30229,0.49807107625,0
30230,0.306947211944,0
30231,0.189612119815,0
30232,0.180450909993,0
30233,0.39502477767,0
30234,0.0151218899305,0
30235,-0.00607567317149,0
30236,0.388857780569,0
30237,0.0967872710261,0
30238,0.0408000373384,0
30239,-0.0657680432393,0
30240,-0.091233620534,0
30241,0.312382947719,0
30242,-0.059615377258,0
30243,-0.102817935309,0
30244,0.18047320226,0
30245,0.20021718039,0
30246,0.0896168597144,0
30247,0.217754107189,0
30248,0.0159276001585,0
30249,-0.121926977354,0
30250,0.00732276833169,0
30251,0.259703440538,0
30252,-0.156391883532,0
30253,-0.0109126015831,0
30254,-0.127861877964,0
30255,0.131318865156,0
30256,-0.130400825238,0
30257,0.260866002968,0
30258,0.143344646799,0
30259,-0.009197858072,0
30260,-0.0867193951777,0
30261,0.230296030857,0
30262,0.347992964185,0
30263,0.359924154279,0
30264,0.336139152877,0
30265,0.310896380844,0
30266,0.1682956642,0
30267,0.339478119516,0
30268,0.462275018603,0
30269,0.251545540958,0
30270,0.152356475861,0
30271,0.469367181177,0
30272,0.494612346009,0
30273,0.494471108681,0
30274,0.339162467071,0
30275,0.273905553365,0
30276,0.494096316991,0
30277,0.520529811751,0
30278,0.64872858995,0
30279,0.513065710198,0
30280,0.44143197654,0
30281,0.469931905346,0
30282,0.879789633861,0
30283,0.936257815743,0
30284,0.590859434834,0
30285,1.04078742999,0
30286,0.98148719518,0
30287,1.11705131453,0
30288,1.07414721848,0
30289,1.19817823822,0
30290,1.21776135841,0
30291,0.872944582689,0
30292,1.09193786204,0
30293,1.18466579607,0
30294,1.02208633078,0
30295,1.14448183688,0
30296,1.08681751362,0
30297,1.43844645473,0
30298,1.57148024813,0
30299,1.44127245052,0
30300,1.32314067007,0
30301,1.55595028382,0
30302,1.57707791683,0
30303,1.46018463577,0
30304,1.4654077753,0
30305,1.81866220144,0
30306,1.93115869107,0
30307,1.646706159,0
30308,2.02248068311,0
30309,1.65395412253,0
30310,2.10873726865,0
30311,1.86055016787,0
30312,1.99176176522,0
30313,1.88706544004,0
30314,2.0689321023,0
30315,2.18901831562,0
30316,2.29603295224,0
30317,2.02045294158,0
30318,2.39267358902,0
30319,2.16289270888,0
30320,2.18132463402,0
30321,2.16066784599,0
30322,2.43463344666,0
30323,2.24028652635,0
30324,2.2701926868,0
30325,2.28896243461,0
30326,2.35261575724,0
30327,2.47262284558,0
30328,2.74358302074,0
30329,2.5967783299,0
30330,2.47279511132,0
30331,2.81599225355,0
30332,2.79899136049,0
30333,2.4902747691,0
30334,2.78676606255,0
30335,2.92051813418,0
30336,2.92264349623,0
30337,2.62276820319,0
30338,2.97088691831,0
30339,2.61720408115,0
30340,2.94679610426,0
30341,3.00949115869,0
30342,2.84009699024,0
30343,2.86579179563,0
30344,2.64186850376,0
30345,2.72735717749,0
30346,3.05274889828,0
30347,2.99097278625,0
30348,2.9142863403,0
30349,2.65101756591,0
30350,2.66845718045,0
30351,2.90690556974,0
30352,3.0429169957,0
30353,2.96962759387,0
30354,2.83444986998,0
30355,2.80070382415,0
30356,2.87417674306,0
30357,2.84147552741,0
30358,2.75752845759,0
30359,2.57779288624,0
30360,2.81955792712,0
30361,2.5511673608,0
30362,2.71838205692,0
30363,2.51824368676,0
30364,2.81962467817,0
30365,2.52691513149,0
30366,2.72724892099,0
30367,2.52018199299,0
30368,2.52207197321,0
30369,2.72857815162,0
30370,2.36579712946,0
30371,2.47393186031,0
30372,2.31102857272,0
30373,2.61158977733,0
30374,2.3227183829,0
30375,2.20945544492,0
30376,2.46963065275,0
30377,2.55341252648,0
30378,2.25619431956,0
30379,2.45449959355,0
30380,2.25047508318,0
30381,2.40570176263,0
30382,2.33455799636,0
30383,1.91774685383,0
30384,2.21265502714,0
30385,2.25902972402,0
30386,1.83268549574,0
30387,1.79009643477,0
30388,2.10627699048,0
30389,2.08396489466,0
30390,1.77115082792,0
30391,1.79669532829,0
30392,1.56014420847,0
30393,1.57934151686,0
30394,1.8305088691,0
30395,1.83099897277,0
30396,1.65712582729,0
30397,1.73860600213,0
30398,1.36505467585,0
30399,1.65777057506,0
30400,1.53261719587,0
30401,1.5983394904,0
30402,1.81260048667,0
30403,1.61508770513,0
30404,1.43792227631,0
30405,1.28727235222,0
30406,1.56323620892,0
30407,1.19620473909,0
30408,1.26745261892,0
30409,1.30914007434,0
30410,1.45080602591,0
30411,1.19532502652,0
30412,1.2816888508,0
30413,1.0617711287,0
30414,0.956660973382,0
30415,1.23255746494,0
30416,0.984430899329,0
30417,0.770571710854,0
30418,0.774957496998,0
30419,0.940894673066,0
30420,1.0530932759,0
30421,0.686531813424,0
30422,0.785604482339,0
30423,0.555660961291,0
30424,0.523548364135,0
30425,0.873536201363,0
30426,0.809957517385,0
30427,0.850737622263,0
30428,0.778858573069,0
30429,0.742970040415,0
30430,0.551846176109,0
30431,0.434511083979,0
30432,0.425349874158,0
30433,0.639923741834,0
30434,0.260020854095,0
30435,0.238823290993,0
30436,0.633756744733,0
30437,0.341686235191,0
30438,0.285699001503,0
30439,0.179130920925,0
30440,0.153665343631,0
30441,0.557281911884,0
30442,0.185283586907,0
30443,0.142081028856,0
30444,0.425372166425,0
30445,0.445116144555,0
30446,0.334515823879,0
30447,0.462653071353,0
30448,0.260826564323,0
30449,0.122971986811,0
30450,0.252221732496,0
30451,0.504602404703,0
30452,0.0885070806324,0
30453,0.233986362582,0
30454,0.117037086201,0
30455,0.376217829321,0
30456,0.114498138927,0
30457,0.505764967133,0
30458,0.388243610963,0
30459,0.235701106093,0
30460,0.158179568987,0
30461,0.475194995021,0
30462,0.59289192835,0
30463,0.604823118444,0
30464,0.581038117042,0
30465,0.555795345009,0
30466,0.413194628365,0
30467,0.584377083681,0
30468,0.707173982768,0
30469,0.496444505122,0
30470,0.397255440026,0
30471,0.714266145342,0
30472,0.739511310174,0
30473,0.739370072846,0
30474,0.584061431235,0
30475,0.51880451753,0
30476,0.738995281156,0
30477,0.765428775916,0
30478,0.893627554114,0
30479,0.757964674363,0
30480,0.686330940704,0
30481,0.714830869511,0
30482,1.12468859803,0
30483,1.18115677991,0
30484,0.835758398999,0
30485,1.28568639416,0
30486,1.22638615934,0
30487,1.36195027869,0
30488,1.31904618265,0
30489,1.44307720239,0
30490,1.46266032257,0
30491,1.11784354685,0
30492,1.33683682621,0
30493,1.42956476023,0
30494,1.26698529494,0
30495,1.38938080104,0
30496,1.33171647778,0
30497,1.6833454189,0
30498,1.81637921229,0
30499,1.68617141468,0
30500,1.56803963424,0
30501,1.80084924799,0
30502,1.82197688099,0
30503,1.70508359993,0
30504,1.71030673947,0
30505,2.0635611656,0
30506,2.17605765524,0
30507,1.89160512316,0
30508,2.26737964727,0
30509,1.8988530867,0
30510,2.35363623281,0
30511,2.10544913204,0
30512,2.23666072939,0
30513,2.13196440421,0
30514,2.31383106646,0
30515,2.43391727978,0
30516,2.54093191641,0
30517,2.26535190574,0
30518,2.63757255319,0
30519,2.40779167305,0
30520,2.42622359818,0
30521,2.40556681015,0
30522,2.67953241082,0
30523,2.48518549051,0
30524,2.51509165097,0
30525,2.53386139877,0
30526,2.59751472141,0
30527,2.71752180974,0
30528,2.98848198491,0
30529,2.84167729406,0
30530,2.71769407549,0
30531,3.06089121771,0
30532,3.04389032465,0
30533,2.73517373326,0
30534,3.03166502672,0
30535,3.16541709834,0
30536,3.16754246039,0
30537,2.86766716736,0
30538,3.21578588248,0
30539,2.86210304532,0
30540,3.19169506842,0
30541,3.25439012285,0
30542,3.08499595441,0
30543,3.11069075979,0
30544,2.88676746792,0
30545,2.97225614166,0
30546,3.29764786244,0
30547,3.23587175041,0
30548,3.15918530446,0
30549,2.89591653008,0
30550,2.91335614461,0
30551,3.15180453391,0
30552,3.28781595986,0
30553,3.21452655803,0
30554,3.07934883414,0
30555,3.04560278832,0
30556,3.11907570723,0
30557,3.08637449157,0
30558,3.00242742176,0
30559,2.8226918504,0
30560,3.06445689129,0
30561,2.79606632496,0
30562,2.96328102109,0
30563,2.76314265093,0
30564,3.06452364233,0
30565,2.77181409565,0
30566,2.97214788515,0
30567,2.76508095716,0
30568,2.76697093738,0
30569,2.97347711579,0
30570,2.61069609363,0
30571,2.71883082447,0
30572,2.55592753689,0
30573,2.85648874149,0
30574,2.56761734707,0
30575,2.45435440908,0
30576,2.71452961691,0
30577,2.79831149065,0
30578,2.50109328373,0
30579,2.69939855772,0
30580,2.49537404734,0
30581,2.6506007268,0
30582,2.57945696053,0
30583,2.16264581799,0
30584,2.4575539913,0
30585,2.50392868819,0
30586,2.0775844599,0
30587,2.03499539893,0
30588,2.35117595464,0
30589,2.32886385882,0
30590,2.01604979209,0
30591,2.04159429246,0
30592,1.80504317263,0
30593,1.82424048103,0
30594,2.07540783326,0
30595,2.07589793693,0
30596,1.90202479145,0
30597,1.9835049663,0
30598,1.60995364001,0
30599,1.90266953922,0
30600,1.59764570252,0
30601,1.66336799706,0
30602,1.87762899332,0
30603,1.68011621178,0
30604,1.50295078296,0
30605,1.35230085887,0
30606,1.62826471558,0
30607,1.26123324574,0
30608,1.33248112557,0
30609,1.374168581,0
30610,1.51583453256,0
30611,1.26035353317,0
30612,1.34671735745,0
30613,1.12679963536,0
30614,1.02168948003,0
30615,1.29758597159,0
30616,1.04945940598,0
30617,0.835600217506,0
30618,0.83998600365,0
30619,1.00592317972,0
30620,1.11812178255,0
30621,0.751560320076,0
30622,0.85063298899,0
30623,0.620689467943,0
30624,0.588576870787,0
30625,0.938564708015,0
30626,0.874986024037,0
30627,0.915766128915,0
30628,0.843887079721,0
30629,0.807998547066,0
30630,0.616874682761,0
30631,0.499539590631,0
30632,0.49037838081,0
30633,0.704952248486,0
30634,0.325049360747,0
30635,0.303851797645,0
30636,0.698785251385,0
30637,0.406714741843,0
30638,0.350727508155,0
30639,0.244159427577,0
30640,0.218693850283,0
30641,0.622310418536,0
30642,0.250312093559,0
30643,0.207109535508,0
30644,0.490400673077,0
30645,0.510144651207,0
30646,0.399544330531,0
30647,0.527681578005,0
30648,0.325855070975,0
30649,0.188000493463,0
30650,0.317250239148,0
30651,0.569630911355,0
30652,0.153535587284,0
30653,0.299014869233,0
30654,0.182065592853,0
30655,0.441246335973,0
30656,0.179526645579,0
30657,0.570793473785,0
30658,0.453272117615,0
30659,0.300729612745,0
30660,0.223208075639,0
30661,0.540223501673,0
30662,0.657920435002,0
30663,0.669851625096,0
30664,0.646066623694,0
30665,0.62082385166,0
30666,0.478223135017,0
30667,0.649405590333,0
30668,0.772202489419,0
30669,0.561473011774,0
30670,0.462283946678,0
30671,0.779294651994,0
30672,0.804539816826,0
30673,0.804398579497,0
30674,0.649089937887,0
30675,0.583833024182,0
30676,0.804023787808,0
30677,0.830457282568,0
30678,0.958656060766,0
30679,0.822993181014,0
30680,0.751359447356,0
30681,0.779859376163,0
30682,1.18971710468,0
30683,1.24618528656,0
30684,0.900786905651,0
30685,1.35071490081,0
30686,1.291414666,0
30687,1.42697878534,0
30688,1.3840746893,0
30689,1.50810570904,0
30690,1.52768882923,0
30691,1.18287205351,0
30692,1.40186533286,0
30693,1.49459326689,0
30694,1.33201380159,0
30695,1.45440930769,0
30696,1.39674498443,0
30697,1.74837392555,0
30698,1.88140771895,0
30699,1.75119992133,0
30700,1.63306814089,0
30701,1.86587775464,0
30702,1.88700538764,0
30703,1.77011210659,0
30704,1.77533524612,0
30705,2.12858967226,0
30706,2.24108616189,0
30707,1.95663362981,0
30708,2.33240815393,0
30709,1.96388159335,0
30710,2.41866473946,0
30711,2.17047763869,0
30712,2.30168923604,0
30713,2.19699291086,0
30714,2.37885957312,0
30715,2.49894578643,0
30716,2.60596042306,0
30717,2.3303804124,0
30718,2.70260105984,0
30719,2.4728201797,0
30720,2.49125210483,0
30721,2.47059531681,0
30722,2.74456091747,0
30723,2.55021399716,0
30724,2.58012015762,0
30725,2.59888990543,0
30726,2.66254322806,0
30727,2.78255031639,0
30728,3.05351049156,0
30729,2.90670580071,0
30730,2.78272258214,0
30731,3.12591972437,0
30732,3.1089188313,0
30733,2.80020223991,0
30734,3.09669353337,0
30735,3.23044560499,0
30736,3.23257096704,0
30737,2.93269567401,0
30738,3.28081438913,0
30739,2.92713155197,0
30740,3.25672357508,0
30741,3.31941862951,0
30742,3.15002446106,0
30743,3.17571926645,0
30744,2.95179597458,0
30745,3.03728464831,0
30746,3.36267636909,0
30747,3.30090025706,0
30748,3.22421381112,0
30749,2.96094503673,0
30750,2.97838465127,0
30751,3.21683304056,0
30752,3.35284446652,0
30753,3.27955506468,0
30754,3.14437734079,0
30755,3.11063129497,0
30756,3.18410421388,0
30757,3.15140299822,0
30758,3.06745592841,0
30759,2.88772035706,0
30760,3.12948539794,0
30761,2.86109483162,0
30762,3.02830952774,0
30763,2.82817115758,0
30764,3.12955214899,0
30765,2.8368426023,0
30766,3.0371763918,0
30767,2.83010946381,0
30768,2.83199944403,0
30769,3.03850562244,0
30770,2.67572460028,0
30771,2.78385933113,0
30772,2.62095604354,0
30773,2.92151724815,0
30774,2.63264585372,0
30775,2.51938291573,0
30776,2.77955812357,0
30777,2.8633399973,0
30778,2.56612179038,0
30779,2.76442706437,0
30780,2.56040255399,0
30781,2.71562923345,0
30782,2.64448546718,0
30783,2.22767432465,0
30784,2.52258249795,0
30785,2.56895719484,0
30786,2.14261296655,0
30787,2.10002390558,0
30788,2.41620446129,0
30789,2.39389236547,0
30790,2.08107829874,0
30791,2.10662279911,0
30792,1.87007167929,0
30793,1.88926898768,0
30794,2.14043633991,0
30795,2.14092644358,0
30796,1.96705329811,0
30797,2.04853347295,0
30798,1.67498214667,0
30799,1.96769804588,0
30800,1.712863569,0
30801,1.77858586354,0
30802,1.9928468598,0
30803,1.79533407827,0
30804,1.61816864945,0
30805,1.46751872536,0
30806,1.74348258206,0
30807,1.37645111223,0
30808,1.44769899206,0
30809,1.48938644748,0
30810,1.63105239905,0
30811,1.37557139965,0
30812,1.46193522394,0
30813,1.24201750184,0
30814,1.13690734652,0
30815,1.41280383808,0
30816,1.16467727247,0
30817,0.95081808399,0
30818,0.955203870134,0
30819,1.1211410462,0
30820,1.23333964904,0
30821,0.86677818656,0
30822,0.965850855475,0
30823,0.735907334427,0
30824,0.703794737271,0
30825,1.0537825745,0
30826,0.990203890521,0
30827,1.0309839954,0
30828,0.959104946205,0
30829,0.923216413551,0
30830,0.732092549245,0
30831,0.614757457115,0
30832,0.605596247294,0
30833,0.82017011497,0
30834,0.440267227231,0
30835,0.419069664129,0
30836,0.814003117869,0
30837,0.521932608327,0
30838,0.465945374639,0
30839,0.359377294061,0
30840,0.333911716767,0
30841,0.73752828502,0
30842,0.365529960043,0
30843,0.322327401992,0
30844,0.605618539561,0
30845,0.625362517691,0
30846,0.514762197015,0
30847,0.642899444489,0
30848,0.441072937459,0
30849,0.303218359947,0
30850,0.432468105632,0
30851,0.684848777839,0
30852,0.268753453768,0
30853,0.414232735718,0
30854,0.297283459337,0
30855,0.556464202457,0
30856,0.294744512063,0
30857,0.686011340269,0
30858,0.568489984099,0
30859,0.415947479229,0
30860,0.338425942123,0
30861,0.655441368157,0
30862,0.773138301486,0
30863,0.78506949158,0
30864,0.761284490178,0
30865,0.736041718145,0
30866,0.593441001501,0
30867,0.764623456817,0
30868,0.887420355904,0
30869,0.676690878258,0
30870,0.577501813162,0
30871,0.894512518478,0
30872,0.91975768331,0
30873,0.919616445982,0
30874,0.764307804371,0
30875,0.699050890666,0
30876,0.919241654292,0
30877,0.945675149052,0
30878,1.07387392725,0
30879,0.938211047499,0
30880,0.86657731384,0
30881,0.895077242647,0
30882,1.30493497116,0
30883,1.36140315304,0
30884,1.01600477214,0
30885,1.4659327673,0
30886,1.40663253248,0
30887,1.54219665183,0
30888,1.49929255578,0
30889,1.62332357552,0
30890,1.64290669571,0
30891,1.29808991999,0
30892,1.51708319935,0
30893,1.60981113337,0
30894,1.44723166808,0
30895,1.56962717418,0
30896,1.51196285092,0
30897,1.86359179203,0
30898,1.99662558543,0
30899,1.86641778782,0
30900,1.74828600737,0
30901,1.98109562112,0
30902,2.00222325413,0
30903,1.88532997307,0
30904,1.8905531126,0
30905,2.24380753874,0
30906,2.35630402837,0
30907,2.0718514963,0
30908,2.44762602041,0
30909,2.07909945983,0
30910,2.53388260595,0
30911,2.28569550517,0
30912,2.41690710252,0
30913,2.31221077734,0
30914,2.4940774396,0
30915,2.61416365292,0
30916,2.72117828954,0
30917,2.44559827888,0
30918,2.81781892632,0
30919,2.58803804618,0
30920,2.60646997132,0
30921,2.58581318329,0
30922,2.85977878396,0
30923,2.66543186365,0
30924,2.6953380241,0
30925,2.71410777191,0
30926,2.77776109454,0
30927,2.89776818288,0
30928,3.16872835805,0
30929,3.0219236672,0
30930,2.89794044862,0
30931,3.24113759085,0
30932,3.22413669779,0
30933,2.9154201064,0
30934,3.21191139985,0
30935,3.34566347148,0
30936,3.34778883353,0
30937,3.04791354049,0
30938,3.39603225562,0
30939,3.04234941845,0
30940,3.37194144156,0
30941,3.43463649599,0
30942,3.26524232754,0
30943,3.29093713293,0
30944,3.06701384106,0
30945,3.15250251479,0
30946,3.47789423558,0
30947,3.41611812355,0
30948,3.3394316776,0
30949,3.07616290321,0
30950,3.09360251775,0
30951,3.33205090704,0
30952,3.468062333,0
30953,3.39477293117,0
30954,3.25959520728,0
30955,3.22584916145,0
30956,3.29932208036,0
30957,3.26662086471,0
30958,3.18267379489,0
30959,3.00293822354,0
30960,3.24470326442,0
30961,2.9763126981,0
30962,3.14352739422,0
30963,2.94338902406,0
30964,3.24477001547,0
30965,2.95206046879,0
30966,3.15239425829,0
30967,2.94532733029,0
30968,2.94721731051,0
30969,3.15372348892,0
30970,2.79094246677,0
30971,2.89907719761,0
30972,2.73617391003,0
30973,3.03673511463,0
30974,2.7478637202,0
30975,2.63460078222,0
30976,2.89477599005,0
30977,2.97855786378,0
30978,2.68133965686,0
30979,2.87964493085,0
30980,2.67562042048,0
30981,2.83084709993,0
30982,2.75970333366,0
30983,2.34289219113,0
30984,2.63780036444,0
30985,2.68417506133,0
30986,2.25783083304,0
30987,2.21524177207,0
30988,2.53142232778,0
30989,2.50911023196,0
30990,2.19629616522,0
30991,2.22184066559,0
30992,1.98528954577,0
30993,2.00448685416,0
30994,2.2556542064,0
30995,2.25614431007,0
30996,2.08227116459,0
30997,2.16375133943,0
30998,1.79020001315,0
30999,2.08291591236,0
31000,1.66940750536,0
31001,1.7351297999,0
31002,1.94939079616,0
31003,1.75187801462,0
31004,1.57471258581,0
31005,1.42406266172,0
31006,1.70002651842,0
31007,1.33299504859,0
31008,1.40424292842,0
31009,1.44593038384,0
31010,1.5875963354,0
31011,1.33211533601,0
31012,1.41847916029,0
31013,1.1985614382,0
31014,1.09345128288,0
31015,1.36934777444,0
31016,1.12122120882,0
31017,0.907362020348,0
31018,0.911747806492,0
31019,1.07768498256,0
31020,1.1898835854,0
31021,0.823322122919,0
31022,0.922394791833,0
31023,0.692451270786,0
31024,0.660338673629,0
31025,1.01032651086,0
31026,0.946747826879,0
31027,0.987527931757,0
31028,0.915648882563,0
31029,0.879760349909,0
31030,0.688636485603,0
31031,0.571301393474,0
31032,0.562140183652,0
31033,0.776714051329,0
31034,0.396811163589,0
31035,0.375613600487,0
31036,0.770547054227,0
31037,0.478476544685,0
31038,0.422489310997,0
31039,0.31592123042,0
31040,0.290455653125,0
31041,0.694072221378,0
31042,0.322073896401,0
31043,0.27887133835,0
31044,0.562162475919,0
31045,0.581906454049,0
31046,0.471306133373,0
31047,0.599443380848,0
31048,0.397616873817,0
31049,0.259762296305,0
31050,0.389012041991,0
31051,0.641392714197,0
31052,0.225297390127,0
31053,0.370776672076,0
31054,0.253827395695,0
31055,0.513008138815,0
31056,0.251288448421,0
31057,0.642555276627,0
31058,0.525033920457,0
31059,0.372491415587,0
31060,0.294969878481,0
31061,0.611985304516,0
31062,0.729682237844,0
31063,0.741613427938,0
31064,0.717828426536,0
31065,0.692585654503,0
31066,0.549984937859,0
31067,0.721167393175,0
31068,0.843964292262,0
31069,0.633234814617,0
31070,0.53404574952,0
31071,0.851056454836,0
31072,0.876301619668,0
31073,0.87616038234,0
31074,0.72085174073,0
31075,0.655594827024,0
31076,0.87578559065,0
31077,0.90221908541,0
31078,1.03041786361,0
31079,0.894754983857,0
31080,0.823121250198,0
31081,0.851621179005,0
31082,1.26147890752,0
31083,1.3179470894,0
31084,0.972548708493,0
31085,1.42247670365,0
31086,1.36317646884,0
31087,1.49874058819,0
31088,1.45583649214,0
31089,1.57986751188,0
31090,1.59945063207,0
31091,1.25463385635,0
31092,1.4736271357,0
31093,1.56635506973,0
31094,1.40377560444,0
31095,1.52617111054,0
31096,1.46850678728,0
31097,1.82013572839,0
31098,1.95316952179,0
31099,1.82296172418,0
31100,1.70482994373,0
31101,1.93763955748,0
31102,1.95876719049,0
31103,1.84187390943,0
31104,1.84709704896,0
31105,2.2003514751,0
31106,2.31284796473,0
31107,2.02839543266,0
31108,2.40416995677,0
31109,2.03564339619,0
31110,2.4904265423,0
31111,2.24223944153,0
31112,2.37345103888,0
31113,2.2687547137,0
31114,2.45062137596,0
31115,2.57070758928,0
31116,2.6777222259,0
31117,2.40214221524,0
31118,2.77436286268,0
31119,2.54458198254,0
31120,2.56301390768,0
31121,2.54235711965,0
31122,2.81632272031,0
31123,2.6219758,0
31124,2.65188196046,0
31125,2.67065170827,0
31126,2.7343050309,0
31127,2.85431211924,0
31128,3.1252722944,0
31129,2.97846760356,0
31130,2.85448438498,0
31131,3.19768152721,0
31132,3.18068063415,0
31133,2.87196404276,0
31134,3.16845533621,0
31135,3.30220740784,0
31136,3.30433276989,0
31137,3.00445747685,0
31138,3.35257619197,0
31139,2.99889335481,0
31140,3.32848537792,0
31141,3.39118043235,0
31142,3.2217862639,0
31143,3.24748106929,0
31144,3.02355777742,0
31145,3.10904645115,0
31146,3.43443817193,0
31147,3.37266205991,0
31148,3.29597561396,0
31149,3.03270683957,0
31150,3.05014645411,0
31151,3.2885948434,0
31152,3.42460626936,0
31153,3.35131686753,0
31154,3.21613914364,0
31155,3.18239309781,0
31156,3.25586601672,0
31157,3.22316480107,0
31158,3.13921773125,0
31159,2.9594821599,0
31160,3.20124720078,0
31161,2.93285663446,0
31162,3.10007133058,0
31163,2.89993296042,0
31164,3.20131395183,0
31165,2.90860440514,0
31166,3.10893819465,0
31167,2.90187126665,0
31168,2.90376124687,0
31169,3.11026742528,0
31170,2.74748640312,0
31171,2.85562113397,0
31172,2.69271784638,0
31173,2.99327905099,0
31174,2.70440765656,0
31175,2.59114471857,0
31176,2.85131992641,0
31177,2.93510180014,0
31178,2.63788359322,0
31179,2.83618886721,0
31180,2.63216435683,0
31181,2.78739103629,0
31182,2.71624727002,0
31183,2.29943612749,0
31184,2.59434430079,0
31185,2.64071899768,0
31186,2.2143747694,0
31187,2.17178570843,0
31188,2.48796626414,0
31189,2.46565416831,0
31190,2.15284010158,0
31191,2.17838460195,0
31192,1.94183348213,0
31193,1.96103079052,0
31194,2.21219814275,0
31195,2.21268824642,0
31196,2.03881510095,0
31197,2.12029527579,0
31198,1.74674394951,0
31199,2.03945984872,0
31200,1.60415703985,0
31201,1.66987933438,0
31202,1.88414033065,0
31203,1.68662754911,0
31204,1.50946212029,0
31205,1.3588121962,0
31206,1.6347760529,0
31207,1.26774458307,0
31208,1.3389924629,0
31209,1.38067991832,0
31210,1.52234586989,0
31211,1.2668648705,0
31212,1.35322869478,0
31213,1.13331097268,0
31214,1.02820081736,0
31215,1.30409730892,0
31216,1.05597074331,0
31217,0.842111554833,0
31218,0.846497340978,0
31219,1.01243451705,0
31220,1.12463311988,0
31221,0.758071657404,0
31222,0.857144326318,0
31223,0.627200805271,0
31224,0.595088208114,0
31225,0.945076045342,0
31226,0.881497361364,0
31227,0.922277466242,0
31228,0.850398417048,0
31229,0.814509884394,0
31230,0.623386020088,0
31231,0.506050927959,0
31232,0.496889718138,0
31233,0.711463585814,0
31234,0.331560698075,0
31235,0.310363134973,0
31236,0.705296588713,0
31237,0.41322607917,0
31238,0.357238845483,0
31239,0.250670764905,0
31240,0.22520518761,0
31241,0.628821755863,0
31242,0.256823430886,0
31243,0.213620872835,0
31244,0.496912010404,0
31245,0.516655988535,0
31246,0.406055667859,0
31247,0.534192915333,0
31248,0.332366408303,0
31249,0.19451183079,0
31250,0.323761576476,0
31251,0.576142248683,0
31252,0.160046924612,0
31253,0.305526206561,0
31254,0.188576930181,0
31255,0.4477576733,0
31256,0.186037982906,0
31257,0.577304811112,0
31258,0.459783454943,0
31259,0.307240950072,0
31260,0.229719412966,0
31261,0.546734839001,0
31262,0.664431772329,0
31263,0.676362962424,0
31264,0.652577961021,0
31265,0.627335188988,0
31266,0.484734472344,0
31267,0.65591692766,0
31268,0.778713826747,0
31269,0.567984349102,0
31270,0.468795284005,0
31271,0.785805989321,0
31272,0.811051154154,0
31273,0.810909916825,0
31274,0.655601275215,0
31275,0.59034436151,0
31276,0.810535125135,0
31277,0.836968619896,0
31278,0.965167398094,0
31279,0.829504518342,0
31280,0.757870784684,0
31281,0.78637071349,0
31282,1.196228442,0
31283,1.25269662389,0
31284,0.907298242979,0
31285,1.35722623814,0
31286,1.29792600332,0
31287,1.43349012267,0
31288,1.39058602663,0
31289,1.51461704637,0
31290,1.53420016655,0
31291,1.18938339083,0
31292,1.40837667019,0
31293,1.50110460421,0
31294,1.33852513892,0
31295,1.46092064502,0
31296,1.40325632176,0
31297,1.75488526288,0
31298,1.88791905627,0
31299,1.75771125866,0
31300,1.63957947822,0
31301,1.87238909197,0
31302,1.89351672497,0
31303,1.77662344391,0
31304,1.78184658345,0
31305,2.13510100958,0
31306,2.24759749922,0
31307,1.96314496714,0
31308,2.33891949125,0
31309,1.97039293068,0
31310,2.42517607679,0
31311,2.17698897602,0
31312,2.30820057337,0
31313,2.20350424819,0
31314,2.38537091044,0
31315,2.50545712376,0
31316,2.61247176039,0
31317,2.33689174972,0
31318,2.70911239717,0
31319,2.47933151702,0
31320,2.49776344216,0
31321,2.47710665413,0
31322,2.7510722548,0
31323,2.55672533449,0
31324,2.58663149495,0
31325,2.60540124275,0
31326,2.66905456539,0
31327,2.78906165372,0
31328,3.06002182889,0
31329,2.91321713804,0
31330,2.78923391947,0
31331,3.13243106169,0
31332,3.11543016863,0
31333,2.80671357724,0
31334,3.10320487069,0
31335,3.23695694232,0
31336,3.23908230437,0
31337,2.93920701134,0
31338,3.28732572646,0
31339,2.9336428893,0
31340,3.2632349124,0
31341,3.32592996683,0
31342,3.15653579839,0
31343,3.18223060377,0
31344,2.9583073119,0
31345,3.04379598564,0
31346,3.36918770642,0
31347,3.30741159439,0
31348,3.23072514844,0
31349,2.96745637406,0
31350,2.98489598859,0
31351,3.22334437789,0
31352,3.35935580384,0
31353,3.28606640201,0
31354,3.15088867812,0
31355,3.1171426323,0
31356,3.19061555121,0
31357,3.15791433555,0
31358,3.07396726574,0
31359,2.89423169438,0
31360,3.13599673527,0
31361,2.86760616894,0
31362,3.03482086507,0
31363,2.83468249491,0
31364,3.13606348631,0
31365,2.84335393963,0
31366,3.04368772913,0
31367,2.83662080114,0
31368,2.83851078136,0
31369,3.04501695977,0
31370,2.68223593761,0
31371,2.79037066845,0
31372,2.62746738087,0
31373,2.92802858547,0
31374,2.63915719105,0
31375,2.52589425306,0
31376,2.78606946089,0
31377,2.86985133463,0
31378,2.57263312771,0
31379,2.7709384017,0
31380,2.56691389132,0
31381,2.72214057078,0
31382,2.65099680451,0
31383,2.23418566197,0
31384,2.52909383528,0
31385,2.57546853217,0
31386,2.14912430388,0
31387,2.10653524291,0
31388,2.42271579862,0
31389,2.4004037028,0
31390,2.08758963607,0
31391,2.11313413644,0
31392,1.87658301661,0
31393,1.89578032501,0
31394,2.14694767724,0
31395,2.14743778091,0
31396,1.97356463543,0
31397,2.05504481028,0
31398,1.68149348399,0
31399,1.9742093832,0
31400,1.80361319094,0
31401,1.86933548548,0
31402,2.08359648174,0
31403,1.8860837002,0
31404,1.70891827138,0
31405,1.55826834729,0
31406,1.834232204,0
31407,1.46720073416,0
31408,1.538448614,0
31409,1.58013606942,0
31410,1.72180202098,0
31411,1.46632102159,0
31412,1.55268484587,0
31413,1.33276712378,0
31414,1.22765696845,0
31415,1.50355346002,0
31416,1.2554268944,0
31417,1.04156770593,0
31418,1.04595349207,0
31419,1.21189066814,0
31420,1.32408927098,0
31421,0.957527808498,0
31422,1.05660047741,0
31423,0.826656956364,0
31424,0.794544359208,0
31425,1.14453219644,0
31426,1.08095351246,0
31427,1.12173361734,0
31428,1.04985456814,0
31429,1.01396603549,0
31430,0.822842171182,0
31431,0.705507079052,0
31432,0.696345869231,0
31433,0.910919736907,0
31434,0.531016849168,0
31435,0.509819286066,0
31436,0.904752739806,0
31437,0.612682230264,0
31438,0.556694996576,0
31439,0.450126915998,0
31440,0.424661338704,0
31441,0.828277906957,0
31442,0.45627958198,0
31443,0.413077023929,0
31444,0.696368161498,0
31445,0.716112139628,0
31446,0.605511818952,0
31447,0.733649066426,0
31448,0.531822559396,0
31449,0.393967981884,0
31450,0.523217727569,0
31451,0.775598399776,0
31452,0.359503075705,0
31453,0.504982357655,0
31454,0.388033081274,0
31455,0.647213824394,0
31456,0.385494134,0
31457,0.776760962206,0
31458,0.659239606036,0
31459,0.506697101166,0
31460,0.42917556406,0
31461,0.746190990094,0
31462,0.863887923423,0
31463,0.875819113517,0
31464,0.852034112115,0
31465,0.826791340082,0
31466,0.684190623438,0
31467,0.855373078754,0
31468,0.978169977841,0
31469,0.767440500195,0
31470,0.668251435099,0
31471,0.985262140415,0
31472,1.01050730525,0
31473,1.01036606792,0
31474,0.855057426308,0
31475,0.789800512603,0
31476,1.00999127623,0
31477,1.03642477099,0
31478,1.16462354919,0
31479,1.02896066944,0
31480,0.957326935777,0
31481,0.985826864584,0
31482,1.3956845931,0
31483,1.45215277498,0
31484,1.10675439407,0
31485,1.55668238923,0
31486,1.49738215442,0
31487,1.63294627376,0
31488,1.59004217772,0
31489,1.71407319746,0
31490,1.73365631765,0
31491,1.38883954193,0
31492,1.60783282128,0
31493,1.70056075531,0
31494,1.53798129001,0
31495,1.66037679612,0
31496,1.60271247285,0
31497,1.95434141397,0
31498,2.08737520737,0
31499,1.95716740975,0
31500,1.83903562931,0
31501,2.07184524306,0
31502,2.09297287607,0
31503,1.97607959501,0
31504,1.98130273454,0
31505,2.33455716068,0
31506,2.44705365031,0
31507,2.16260111823,0
31508,2.53837564235,0
31509,2.16984908177,0
31510,2.62463222788,0
31511,2.37644512711,0
31512,2.50765672446,0
31513,2.40296039928,0
31514,2.58482706154,0
31515,2.70491327485,0
31516,2.81192791148,0
31517,2.53634790082,0
31518,2.90856854826,0
31519,2.67878766812,0
31520,2.69721959325,0
31521,2.67656280523,0
31522,2.95052840589,0
31523,2.75618148558,0
31524,2.78608764604,0
31525,2.80485739385,0
31526,2.86851071648,0
31527,2.98851780482,0
31528,3.25947797998,0
31529,3.11267328913,0
31530,2.98869007056,0
31531,3.33188721279,0
31532,3.31488631973,0
31533,3.00616972834,0
31534,3.30266102179,0
31535,3.43641309341,0
31536,3.43853845546,0
31537,3.13866316243,0
31538,3.48678187755,0
31539,3.13309904039,0
31540,3.4626910635,0
31541,3.52538611793,0
31542,3.35599194948,0
31543,3.38168675487,0
31544,3.157763463,0
31545,3.24325213673,0
31546,3.56864385751,0
31547,3.50686774549,0
31548,3.43018129954,0
31549,3.16691252515,0
31550,3.18435213969,0
31551,3.42280052898,0
31552,3.55881195494,0
31553,3.4855225531,0
31554,3.35034482922,0
31555,3.31659878339,0
31556,3.3900717023,0
31557,3.35737048665,0
31558,3.27342341683,0
31559,3.09368784548,0
31560,3.33545288636,0
31561,3.06706232004,0
31562,3.23427701616,0
31563,3.034138646,0
31564,3.33551963741,0
31565,3.04281009072,0
31566,3.24314388023,0
31567,3.03607695223,0
31568,3.03796693245,0
31569,3.24447311086,0
31570,2.8816920887,0
31571,2.98982681955,0
31572,2.82692353196,0
31573,3.12748473657,0
31574,2.83861334214,0
31575,2.72535040415,0
31576,2.98552561199,0
31577,3.06930748572,0
31578,2.7720892788,0
31579,2.97039455279,0
31580,2.76637004241,0
31581,2.92159672187,0
31582,2.8504529556,0
31583,2.43364181307,0
31584,2.72854998637,0
31585,2.77492468326,0
31586,2.34858045497,0
31587,2.305991394,0
31588,2.62217194972,0
31589,2.59985985389,0
31590,2.28704578716,0
31591,2.31259028753,0
31592,2.07603916771,0
31593,2.0952364761,0
31594,2.34640382833,0
31595,2.346893932,0
31596,2.17302078653,0
31597,2.25450096137,0
31598,1.88094963509,0
31599,2.1736655343,0
31600,1.75325518589,0
31601,1.81897748043,0
31602,2.03323847669,0
31603,1.83572569516,0
31604,1.65856026634,0
31605,1.50791034225,0
31606,1.78387419895,0
31607,1.41684272912,0
31608,1.48809060895,0
31609,1.52977806437,0
31610,1.67144401594,0
31611,1.41596301654,0
31612,1.50232684083,0
31613,1.28240911873,0
31614,1.17729896341,0
31615,1.45319545497,0
31616,1.20506888936,0
31617,0.99120970088,0
31618,0.995595487025,0
31619,1.16153266309,0
31620,1.27373126593,0
31621,0.907169803451,0
31622,1.00624247236,0
31623,0.776298951318,0
31624,0.744186354161,0
31625,1.09417419139,0
31626,1.03059550741,0
31627,1.07137561229,0
31628,0.999496563095,0
31629,0.963608030441,0
31630,0.772484166135,0
31631,0.655149074006,0
31632,0.645987864185,0
31633,0.860561731861,0
31634,0.480658844122,0
31635,0.45946128102,0
31636,0.85439473476,0
31637,0.562324225217,0
31638,0.506336991529,0
31639,0.399768910952,0
31640,0.374303333657,0
31641,0.77791990191,0
31642,0.405921576933,0
31643,0.362719018882,0
31644,0.646010156451,0
31645,0.665754134582,0
31646,0.555153813906,0
31647,0.68329106138,0
31648,0.48146455435,0
31649,0.343609976837,0
31650,0.472859722523,0
31651,0.725240394729,0
31652,0.309145070659,0
31653,0.454624352608,0
31654,0.337675076228,0
31655,0.596855819347,0
31656,0.335136128953,0
31657,0.726402957159,0
31658,0.60888160099,0
31659,0.456339096119,0
31660,0.378817559013,0
31661,0.695832985048,0
31662,0.813529918376,0
31663,0.825461108471,0
31664,0.801676107068,0
31665,0.776433335035,0
31666,0.633832618391,0
31667,0.805015073707,0
31668,0.927811972794,0
31669,0.717082495149,0
31670,0.617893430052,0
31671,0.934904135368,0
31672,0.960149300201,0
31673,0.960008062872,0
31674,0.804699421262,0
31675,0.739442507556,0
31676,0.959633271182,0
31677,0.986066765943,0
31678,1.11426554414,0
31679,0.978602664389,0
31680,0.906968930731,0
31681,0.935468859537,0
31682,1.34532658805,0
31683,1.40179476993,0
31684,1.05639638903,0
31685,1.50632438419,0
31686,1.44702414937,0
31687,1.58258826872,0
31688,1.53968417267,0
31689,1.66371519241,0
31690,1.6832983126,0
31691,1.33848153688,0
31692,1.55747481624,0
31693,1.65020275026,0
31694,1.48762328497,0
31695,1.61001879107,0
31696,1.55235446781,0
31697,1.90398340892,0
31698,2.03701720232,0
31699,1.90680940471,0
31700,1.78867762426,0
31701,2.02148723801,0
31702,2.04261487102,0
31703,1.92572158996,0
31704,1.93094472949,0
31705,2.28419915563,0
31706,2.39669564526,0
31707,2.11224311319,0
31708,2.4880176373,0
31709,2.11949107672,0
31710,2.57427422284,0
31711,2.32608712206,0
31712,2.45729871941,0
31713,2.35260239423,0
31714,2.53446905649,0
31715,2.65455526981,0
31716,2.76156990643,0
31717,2.48598989577,0
31718,2.85821054321,0
31719,2.62842966307,0
31720,2.64686158821,0
31721,2.62620480018,0
31722,2.90017040085,0
31723,2.70582348054,0
31724,2.735729641,0
31725,2.7544993888,0
31726,2.81815271143,0
31727,2.93815979977,0
31728,3.20911997494,0
31729,3.06231528409,0
31730,2.93833206552,0
31731,3.28152920774,0
31732,3.26452831468,0
31733,2.95581172329,0
31734,3.25230301674,0
31735,3.38605508837,0
31736,3.38818045042,0
31737,3.08830515738,0
31738,3.43642387251,0
31739,3.08274103534,0
31740,3.41233305845,0
31741,3.47502811288,0
31742,3.30563394443,0
31743,3.33132874982,0
31744,3.10740545795,0
31745,3.19289413168,0
31746,3.51828585247,0
31747,3.45650974044,0
31748,3.37982329449,0
31749,3.1165545201,0
31750,3.13399413464,0
31751,3.37244252393,0
31752,3.50845394989,0
31753,3.43516454806,0
31754,3.29998682417,0
31755,3.26624077834,0
31756,3.33971369725,0
31757,3.3070124816,0
31758,3.22306541178,0
31759,3.04332984043,0
31760,3.28509488131,0
31761,3.01670431499,0
31762,3.18391901111,0
31763,2.98378064095,0
31764,3.28516163236,0
31765,2.99245208568,0
31766,3.19278587518,0
31767,2.98571894718,0
31768,2.9876089274,0
31769,3.19411510581,0
31770,2.83133408366,0
31771,2.9394688145,0
31772,2.77656552692,0
31773,3.07712673152,0
31774,2.78825533709,0
31775,2.67499239911,0
31776,2.93516760694,0
31777,3.01894948068,0
31778,2.72173127375,0
31779,2.92003654774,0
31780,2.71601203737,0
31781,2.87123871682,0
31782,2.80009495055,0
31783,2.38328380802,0
31784,2.67819198133,0
31785,2.72456667822,0
31786,2.29822244993,0
31787,2.25563338896,0
31788,2.57181394467,0
31789,2.54950184885,0
31790,2.23668778211,0
31791,2.26223228248,0
31792,2.02568116266,0
31793,2.04487847106,0
31794,2.29604582329,0
31795,2.29653592696,0
31796,2.12266278148,0
31797,2.20414295632,0
31798,1.83059163004,0
31799,2.12330752925,0
31800,1.85631917259,0
31801,1.92204146712,0
31802,2.13630246338,0
31803,1.93878968185,0
31804,1.76162425303,0
31805,1.61097432894,0
31806,1.88693818564,0
31807,1.51990671581,0
31808,1.59115459564,0
31809,1.63284205106,0
31810,1.77450800263,0
31811,1.51902700324,0
31812,1.60539082752,0
31813,1.38547310542,0
31814,1.2803629501,0
31815,1.55625944166,0
31816,1.30813287605,0
31817,1.09427368757,0
31818,1.09865947372,0
31819,1.26459664978,0
31820,1.37679525262,0
31821,1.01023379014,0
31822,1.10930645906,0
31823,0.879362938009,0
31824,0.847250340853,0
31825,1.19723817808,0
31826,1.1336594941,0
31827,1.17443959898,0
31828,1.10256054979,0
31829,1.06667201713,0
31830,0.875548152827,0
31831,0.758213060697,0
31832,0.749051850876,0
31833,0.963625718552,0
31834,0.583722830813,0
31835,0.562525267711,0
31836,0.957458721451,0
31837,0.665388211909,0
31838,0.609400978221,0
31839,0.502832897643,0
31840,0.477367320349,0
31841,0.880983888602,0
31842,0.508985563625,0
31843,0.465783005574,0
31844,0.749074143143,0
31845,0.768818121273,0
31846,0.658217800597,0
31847,0.786355048071,0
31848,0.584528541041,0
31849,0.446673963529,0
31850,0.575923709214,0
31851,0.828304381421,0
31852,0.41220905735,0
31853,0.5576883393,0
31854,0.440739062919,0
31855,0.699919806039,0
31856,0.438200115645,0
31857,0.829466943851,0
31858,0.711945587681,0
31859,0.559403082811,0
31860,0.481881545705,0
31861,0.798896971739,0
31862,0.916593905068,0
31863,0.928525095162,0
31864,0.90474009376,0
31865,0.879497321727,0
31866,0.736896605083,0
31867,0.908079060399,0
31868,1.03087595949,0
31869,0.82014648184,0
31870,0.720957416744,0
31871,1.03796812206,0
31872,1.06321328689,0
31873,1.06307204956,0
31874,0.907763407953,0
31875,0.842506494248,0
31876,1.06269725787,0
31877,1.08913075263,0
31878,1.21732953083,0
31879,1.08166665108,0
31880,1.01003291742,0
31881,1.03853284623,0
31882,1.44839057474,0
31883,1.50485875663,0
31884,1.15946037572,0
31885,1.60938837088,0
31886,1.55008813606,0
31887,1.68565225541,0
31888,1.64274815937,0
31889,1.7667791791,0
31890,1.78636229929,0
31891,1.44154552357,0
31892,1.66053880293,0
31893,1.75326673695,0
31894,1.59068727166,0
31895,1.71308277776,0
31896,1.6554184545,0
31897,2.00704739562,0
31898,2.14008118901,0
31899,2.0098733914,0
31900,1.89174161096,0
31901,2.1245512247,0
31902,2.14567885771,0
31903,2.02878557665,0
31904,2.03400871618,0
31905,2.38726314232,0
31906,2.49975963196,0
31907,2.21530709988,0
31908,2.59108162399,0
31909,2.22255506342,0
31910,2.67733820953,0
31911,2.42915110876,0
31912,2.5603627061,0
31913,2.45566638092,0
31914,2.63753304318,0
31915,2.7576192565,0
31916,2.86463389312,0
31917,2.58905388246,0
31918,2.96127452991,0
31919,2.73149364976,0
31920,2.7499255749,0
31921,2.72926878687,0
31922,3.00323438754,0
31923,2.80888746723,0
31924,2.83879362769,0
31925,2.85756337549,0
31926,2.92121669812,0
31927,3.04122378646,0
31928,3.31218396163,0
31929,3.16537927078,0
31930,3.04139605221,0
31931,3.38459319443,0
31932,3.36759230137,0
31933,3.05887570998,0
31934,3.35536700343,0
31935,3.48911907506,0
31936,3.49124443711,0
31937,3.19136914408,0
31938,3.5394878592,0
31939,3.18580502204,0
31940,3.51539704514,0
31941,3.57809209957,0
31942,3.40869793112,0
31943,3.43439273651,0
31944,3.21046944464,0
31945,3.29595811838,0
31946,3.62134983916,0
31947,3.55957372713,0
31948,3.48288728118,0
31949,3.21961850679,0
31950,3.23705812133,0
31951,3.47550651062,0
31952,3.61151793658,0
31953,3.53822853475,0
31954,3.40305081086,0
31955,3.36930476503,0
31956,3.44277768394,0
31957,3.41007646829,0
31958,3.32612939848,0
31959,3.14639382712,0
31960,3.38815886801,0
31961,3.11976830168,0
31962,3.2869829978,0
31963,3.08684462765,0
31964,3.38822561905,0
31965,3.09551607237,0
31966,3.29584986187,0
31967,3.08878293388,0
31968,3.09067291409,0
31969,3.2971790925,0
31970,2.93439807035,0
31971,3.04253280119,0
31972,2.87962951361,0
31973,3.18019071821,0
31974,2.89131932379,0
31975,2.7780563858,0
31976,3.03823159363,0
31977,3.12201346737,0
31978,2.82479526045,0
31979,3.02310053444,0
31980,2.81907602406,0
31981,2.97430270352,0
31982,2.90315893725,0
31983,2.48634779471,0
31984,2.78125596802,0
31985,2.82763066491,0
31986,2.40128643662,0
31987,2.35869737565,0
31988,2.67487793136,0
31989,2.65256583554,0
31990,2.33975176881,0
31991,2.36529626918,0
31992,2.12874514935,0
31993,2.14794245775,0
31994,2.39910980998,0
31995,2.39959991365,0
31996,2.22572676817,0
31997,2.30720694302,0
31998,1.93365561673,0
31999,2.22637151594,0
32000,1.94545360858,0
32001,2.01117590312,0
32002,2.22543689938,0
32003,2.02792411784,0
32004,1.85075868903,0
32005,1.70010876494,0
32006,1.97607262164,0
32007,1.60904115181,0
32008,1.68028903164,0
32009,1.72197648706,0
32010,1.86364243862,0
32011,1.60816143923,0
32012,1.69452526351,0
32013,1.47460754142,0
32014,1.3694973861,0
32015,1.64539387766,0
32016,1.39726731204,0
32017,1.18340812357,0
32018,1.18779390971,0
32019,1.35373108578,0
32020,1.46592968862,0
32021,1.09936822614,0
32022,1.19844089505,0
32023,0.968497374006,0
32024,0.936384776849,0
32025,1.28637261408,0
32026,1.2227939301,0
32027,1.26357403498,0
32028,1.19169498578,0
32029,1.15580645313,0
32030,0.964682588823,0
32031,0.847347496694,0
32032,0.838186286872,0
32033,1.05276015455,0
32034,0.67285726681,0
32035,0.651659703708,0
32036,1.04659315745,0
32037,0.754522647905,0
32038,0.698535414217,0
32039,0.59196733364,0
32040,0.566501756345,0
32041,0.970118324598,0
32042,0.598119999621,0
32043,0.55491744157,0
32044,0.838208579139,0
32045,0.85795255727,0
32046,0.747352236593,0
32047,0.875489484068,0
32048,0.673662977038,0
32049,0.535808399525,0
32050,0.665058145211,0
32051,0.917438817417,0
32052,0.501343493347,0
32053,0.646822775296,0
32054,0.529873498915,0
32055,0.789054242035,0
32056,0.527334551641,0
32057,0.918601379847,0
32058,0.801080023678,0
32059,0.648537518807,0
32060,0.571015981701,0
32061,0.888031407736,0
32062,1.00572834106,0
32063,1.01765953116,0
32064,0.993874529756,0
32065,0.968631757723,0
32066,0.826031041079,0
32067,0.997213496395,0
32068,1.12001039548,0
32069,0.909280917837,0
32070,0.81009185274,0
32071,1.12710255806,0
32072,1.15234772289,0
32073,1.15220648556,0
32074,0.99689784395,0
32075,0.931640930244,0
32076,1.15183169387,0
32077,1.17826518863,0
32078,1.30646396683,0
32079,1.17080108708,0
32080,1.09916735342,0
32081,1.12766728223,0
32082,1.53752501074,0
32083,1.59399319262,0
32084,1.24859481171,0
32085,1.69852280687,0
32086,1.63922257206,0
32087,1.77478669141,0
32088,1.73188259536,0
32089,1.8559136151,0
32090,1.87549673529,0
32091,1.53067995957,0
32092,1.74967323892,0
32093,1.84240117295,0
32094,1.67982170766,0
32095,1.80221721376,0
32096,1.7445528905,0
32097,2.09618183161,0
32098,2.22921562501,0
32099,2.0990078274,0
32100,1.98087604695,0
32101,2.2136856607,0
32102,2.23481329371,0
32103,2.11792001265,0
32104,2.12314315218,0
32105,2.47639757832,0
32106,2.58889406795,0
32107,2.30444153588,0
32108,2.68021605999,0
32109,2.31168949941,0
32110,2.76647264552,0
32111,2.51828554475,0
32112,2.6494971421,0
32113,2.54480081692,0
32114,2.72666747918,0
32115,2.8467536925,0
32116,2.95376832912,0
32117,2.67818831846,0
32118,3.0504089659,0
32119,2.82062808576,0
32120,2.8390600109,0
32121,2.81840322287,0
32122,3.09236882353,0
32123,2.89802190322,0
32124,2.92792806368,0
32125,2.94669781149,0
32126,3.01035113412,0
32127,3.13035822246,0
32128,3.40131839762,0
32129,3.25451370678,0
32130,3.1305304882,0
32131,3.47372763043,0
32132,3.45672673737,0
32133,3.14801014598,0
32134,3.44450143943,0
32135,3.57825351106,0
32136,3.58037887311,0
32137,3.28050358007,0
32138,3.62862229519,0
32139,3.27493945803,0
32140,3.60453148114,0
32141,3.66722653557,0
32142,3.49783236712,0
32143,3.52352717251,0
32144,3.29960388064,0
32145,3.38509255437,0
32146,3.71048427515,0
32147,3.64870816313,0
32148,3.57202171718,0
32149,3.30875294279,0
32150,3.32619255733,0
32151,3.56464094662,0
32152,3.70065237258,0
32153,3.62736297075,0
32154,3.49218524686,0
32155,3.45843920103,0
32156,3.53191211994,0
32157,3.49921090429,0
32158,3.41526383447,0
32159,3.23552826312,0
32160,3.477293304,0
32161,3.20890273768,0
32162,3.3761174338,0
32163,3.17597906364,0
32164,3.47736005505,0
32165,3.18465050836,0
32166,3.38498429787,0
32167,3.17791736987,0
32168,3.17980735009,0
32169,3.3863135285,0
32170,3.02353250634,0
32171,3.13166723719,0
32172,2.9687639496,0
32173,3.26932515421,0
32174,2.98045375978,0
32175,2.86719082179,0
32176,3.12736602963,0
32177,3.21114790336,0
32178,2.91392969644,0
32179,3.11223497043,0
32180,2.90821046005,0
32181,3.06343713951,0
32182,2.99229337324,0
32183,2.57548223071,0
32184,2.87039040401,0
32185,2.9167651009,0
32186,2.49042087262,0
32187,2.44783181165,0
32188,2.76401236736,0
32189,2.74170027154,0
32190,2.4288862048,0
32191,2.45443070517,0
32192,2.21787958535,0
32193,2.23707689374,0
32194,2.48824424597,0
32195,2.48873434964,0
32196,2.31486120417,0
32197,2.39634137901,0
32198,2.02279005273,0
32199,2.31550595194,0
32200,1.93149087286,0
32201,1.9972131674,0
32202,2.21147416366,0
32203,2.01396138212,0
32204,1.8367959533,0
32205,1.68614602921,0
32206,1.96210988592,0
32207,1.59507841608,0
32208,1.66632629592,0
32209,1.70801375134,0
32210,1.8496797029,0
32211,1.59419870351,0
32212,1.68056252779,0
32213,1.4606448057,0
32214,1.35553465037,0
32215,1.63143114194,0
32216,1.38330457632,0
32217,1.16944538785,0
32218,1.17383117399,0
32219,1.33976835006,0
32220,1.4519669529,0
32221,1.08540549042,0
32222,1.18447815933,0
32223,0.954534638284,0
32224,0.922422041128,0
32225,1.27240987836,0
32226,1.20883119438,0
32227,1.24961129926,0
32228,1.17773225006,0
32229,1.14184371741,0
32230,0.950719853102,0
32231,0.833384760972,0
32232,0.824223551151,0
32233,1.03879741883,0
32234,0.658894531088,0
32235,0.637696967986,0
32236,1.03263042173,0
32237,0.740559912184,0
32238,0.684572678496,0
32239,0.578004597918,0
32240,0.552539020624,0
32241,0.956155588877,0
32242,0.5841572639,0
32243,0.540954705849,0
32244,0.824245843418,0
32245,0.843989821548,0
32246,0.733389500872,0
32247,0.861526748346,0
32248,0.659700241316,0
32249,0.521845663804,0
32250,0.651095409489,0
32251,0.903476081696,0
32252,0.487380757625,0
32253,0.632860039575,0
32254,0.515910763194,0
32255,0.775091506314,0
32256,0.51337181592,0
32257,0.904638644126,0
32258,0.787117287956,0
32259,0.634574783086,0
32260,0.55705324598,0
32261,0.874068672014,0
32262,0.991765605343,0
32263,1.00369679544,0
32264,0.979911794035,0
32265,0.954669022001,0
32266,0.812068305358,0
32267,0.983250760674,0
32268,1.10604765976,0
32269,0.895318182115,0
32270,0.796129117019,0
32271,1.11313982233,0
32272,1.13838498717,0
32273,1.13824374984,0
32274,0.982935108228,0
32275,0.917678194523,0
32276,1.13786895815,0
32277,1.16430245291,0
32278,1.29250123111,0
32279,1.15683835136,0
32280,1.0852046177,0
32281,1.1137045465,0
32282,1.52356227502,0
32283,1.5800304569,0
32284,1.23463207599,0
32285,1.68456007115,0
32286,1.62525983634,0
32287,1.76082395568,0
32288,1.71791985964,0
32289,1.84195087938,0
32290,1.86153399957,0
32291,1.51671722385,0
32292,1.7357105032,0
32293,1.82843843723,0
32294,1.66585897193,0
32295,1.78825447804,0
32296,1.73059015477,0
32297,2.08221909589,0
32298,2.21525288929,0
32299,2.08504509167,0
32300,1.96691331123,0
32301,2.19972292498,0
32302,2.22085055799,0
32303,2.10395727693,0
32304,2.10918041646,0
32305,2.4624348426,0
32306,2.57493133223,0
32307,2.29047880015,0
32308,2.66625332427,0
32309,2.29772676369,0
32310,2.7525099098,0
32311,2.50432280903,0
32312,2.63553440638,0
32313,2.5308380812,0
32314,2.71270474346,0
32315,2.83279095677,0
32316,2.9398055934,0
32317,2.66422558274,0
32318,3.03644623018,0
32319,2.80666535004,0
32320,2.82509727517,0
32321,2.80444048715,0
32322,3.07840608781,0
32323,2.8840591675,0
32324,2.91396532796,0
32325,2.93273507577,0
32326,2.9963883984,0
32327,3.11639548674,0
32328,3.3873556619,0
32329,3.24055097105,0
32330,3.11656775248,0
32331,3.45976489471,0
32332,3.44276400165,0
32333,3.13404741026,0
32334,3.43053870371,0
32335,3.56429077533,0
32336,3.56641613738,0
32337,3.26654084435,0
32338,3.61465955947,0
32339,3.26097672231,0
32340,3.59056874542,0
32341,3.65326379985,0
32342,3.4838696314,0
32343,3.50956443679,0
32344,3.28564114492,0
32345,3.37112981865,0
32346,3.69652153943,0
32347,3.63474542741,0
32348,3.55805898146,0
32349,3.29479020707,0
32350,3.31222982161,0
32351,3.5506782109,0
32352,3.68668963686,0
32353,3.61340023502,0
32354,3.47822251114,0
32355,3.44447646531,0
32356,3.51794938422,0
32357,3.48524816857,0
32358,3.40130109875,0
32359,3.2215655274,0
32360,3.46333056828,0
32361,3.19494000196,0
32362,3.36215469808,0
32363,3.16201632792,0
32364,3.46339731933,0
32365,3.17068777264,0
32366,3.37102156215,0
32367,3.16395463415,0
32368,3.16584461437,0
32369,3.37235079278,0
32370,3.00956977062,0
32371,3.11770450147,0
32372,2.95480121388,0
32373,3.25536241849,0
32374,2.96649102406,0
32375,2.85322808607,0
32376,3.11340329391,0
32377,3.19718516764,0
32378,2.89996696072,0
32379,3.09827223471,0
32380,2.89424772433,0
32381,3.04947440379,0
32382,2.97833063752,0
32383,2.56151949499,0
32384,2.85642766829,0
32385,2.90280236518,0
32386,2.47645813689,0
32387,2.43386907592,0
32388,2.75004963164,0
32389,2.72773753581,0
32390,2.41492346908,0
32391,2.44046796945,0
32392,2.20391684963,0
32393,2.22311415802,0
32394,2.47428151025,0
32395,2.47477161392,0
32396,2.30089846845,0
32397,2.38237864329,0
32398,2.00882731701,0
32399,2.30154321622,0
32400,2.04794528958,0
32401,2.11366758411,0
32402,2.32792858038,0
32403,2.13041579884,0
32404,1.95325037002,0
32405,1.80260044593,0
32406,2.07856430263,0
32407,1.7115328328,0
32408,1.78278071263,0
32409,1.82446816806,0
32410,1.96613411962,0
32411,1.71065312023,0
32412,1.79701694451,0
32413,1.57709922242,0
32414,1.47198906709,0
32415,1.74788555865,0
32416,1.49975899304,0
32417,1.28589980456,0
32418,1.29028559071,0
32419,1.45622276678,0
32420,1.56842136961,0
32421,1.20185990714,0
32422,1.30093257605,0
32423,1.070989055,0
32424,1.03887645785,0
32425,1.38886429507,0
32426,1.3252856111,0
32427,1.36606571597,0
32428,1.29418666678,0
32429,1.25829813413,0
32430,1.06717426982,0
32431,0.94983917769,0
32432,0.940677967869,0
32433,1.15525183554,0
32434,0.775348947806,0
32435,0.754151384704,0
32436,1.14908483844,0
32437,0.857014328901,0
32438,0.801027095214,0
32439,0.694459014636,0
32440,0.668993437341,0
32441,1.07261000559,0
32442,0.700611680617,0
32443,0.657409122566,0
32444,0.940700260135,0
32445,0.960444238266,0
32446,0.84984391759,0
32447,0.977981165064,0
32448,0.776154658034,0
32449,0.638300080521,0
32450,0.767549826207,0
32451,1.01993049841,0
32452,0.603835174343,0
32453,0.749314456292,0
32454,0.632365179912,0
32455,0.891545923032,0
32456,0.629826232637,0
32457,1.02109306084,0
32458,0.903571704674,0
32459,0.751029199803,0
32460,0.673507662698,0
32461,0.990523088732,0
32462,1.10822002206,0
32463,1.12015121215,0
32464,1.09636621075,0
32465,1.07112343872,0
32466,0.928522722075,0
32467,1.09970517739,0
32468,1.22250207648,0
32469,1.01177259883,0
32470,0.912583533736,0
32471,1.22959423905,0
32472,1.25483940388,0
32473,1.25469816656,0
32474,1.09938952495,0
32475,1.03413261124,0
32476,1.25432337487,0
32477,1.28075686963,0
32478,1.40895564783,0
32479,1.27329276807,0
32480,1.20165903441,0
32481,1.23015896322,0
32482,1.64001669174,0
32483,1.69648487362,0
32484,1.35108649271,0
32485,1.80101448787,0
32486,1.74171425306,0
32487,1.8772783724,0
32488,1.83437427636,0
32489,1.9584052961,0
32490,1.97798841628,0
32491,1.63317164056,0
32492,1.85216491992,0
32493,1.94489285395,0
32494,1.78231338865,0
32495,1.90470889475,0
32496,1.84704457149,0
32497,2.19867351261,0
32498,2.33170730601,0
32499,2.20149950839,0
32500,2.08336772795,0
32501,2.3161773417,0
32502,2.3373049747,0
32503,2.22041169364,0
32504,2.22563483318,0
32505,2.57888925931,0
32506,2.69138574895,0
32507,2.40693321687,0
32508,2.78270774098,0
32509,2.41418118041,0
32510,2.86896432652,0
32511,2.62077722575,0
32512,2.7519888231,0
32513,2.64729249792,0
32514,2.82915916017,0
32515,2.94924537349,0
32516,3.05626001012,0
32517,2.78067999945,0
32518,3.1529006469,0
32519,2.92311976676,0
32520,2.94155169189,0
32521,2.92089490386,0
32522,3.19486050453,0
32523,3.00051358422,0
32524,3.03041974468,0
32525,3.04918949248,0
32526,3.11284281512,0
32527,3.23284990345,0
32528,3.50381007862,0
32529,3.35700538777,0
32530,3.2330221692,0
32531,3.57621931142,0
32532,3.55921841836,0
32533,3.25050182697,0
32534,3.54699312043,0
32535,3.68074519205,0
32536,3.6828705541,0
32537,3.38299526107,0
32538,3.73111397619,0
32539,3.37743113903,0
32540,3.70702316214,0
32541,3.76971821657,0
32542,3.60032404812,0
32543,3.62601885351,0
32544,3.40209556163,0
32545,3.48758423537,0
32546,3.81297595615,0
32547,3.75119984412,0
32548,3.67451339818,0
32549,3.41124462379,0
32550,3.42868423833,0
32551,3.66713262762,0
32552,3.80314405358,0
32553,3.72985465174,0
32554,3.59467692785,0
32555,3.56093088203,0
32556,3.63440380094,0
32557,3.60170258528,0
32558,3.51775551547,0
32559,3.33801994411,0
32560,3.579784985,0
32561,3.31139441867,0
32562,3.4786091148,0
32563,3.27847074464,0
32564,3.57985173604,0
32565,3.28714218936,0
32566,3.48747597886,0
32567,3.28040905087,0
32568,3.28229903109,0
32569,3.4888052095,0
32570,3.12602418734,0
32571,3.23415891818,0
32572,3.0712556306,0
32573,3.37181683521,0
32574,3.08294544078,0
32575,2.96968250279,0
32576,3.22985771062,0
32577,3.31363958436,0
32578,3.01642137744,0
32579,3.21472665143,0
32580,3.01070214105,0
32581,3.16592882051,0
32582,3.09478505424,0
32583,2.67797391171,0
32584,2.97288208501,0
32585,3.0192567819,0
32586,2.59291255361,0
32587,2.55032349264,0
32588,2.86650404835,0
32589,2.84419195253,0
32590,2.5313778858,0
32591,2.55692238617,0
32592,2.32037126634,0
32593,2.33956857474,0
32594,2.59073592697,0
32595,2.59122603064,0
32596,2.41735288517,0
32597,2.49883306001,0
32598,2.12528173372,0
32599,2.41799763293,0
32600,2.15636457785,0
32601,2.22208687239,0
32602,2.43634786865,0
32603,2.23883508712,0
32604,2.0616696583,0
32605,1.91101973421,0
32606,2.18698359091,0
32607,1.81995212108,0
32608,1.89120000091,0
32609,1.93288745633,0
32610,2.0745534079,0
32611,1.8190724085,0
32612,1.90543623279,0
32613,1.68551851069,0
32614,1.58040835537,0
32615,1.85630484693,0
32616,1.60817828132,0
32617,1.39431909284,0
32618,1.39870487898,0
32619,1.56464205505,0
32620,1.67684065789,0
32621,1.31027919541,0
32622,1.40935186432,0
32623,1.17940834328,0
32624,1.14729574612,0
32625,1.49728358335,0
32626,1.43370489937,0
32627,1.47448500425,0
32628,1.40260595505,0
32629,1.3667174224,0
32630,1.17559355809,0
32631,1.05825846596,0
32632,1.04909725614,0
32633,1.26367112382,0
32634,0.883768236081,0
32635,0.862570672979,0
32636,1.25750412672,0
32637,0.965433617176,0
32638,0.909446383489,0
32639,0.802878302911,0
32640,0.777412725616,0
32641,1.18102929387,0
32642,0.809030968892,0
32643,0.765828410842,0
32644,1.04911954841,0
32645,1.06886352654,0
32646,0.958263205865,0
32647,1.08640045334,0
32648,0.884573946309,0
32649,0.746719368796,0
32650,0.875969114482,0
32651,1.12834978669,0
32652,0.712254462618,0
32653,0.857733744567,0
32654,0.740784468187,0
32655,0.999965211307,0
32656,0.738245520913,0
32657,1.12951234912,0
32658,1.01199099295,0
32659,0.859448488078,0
32660,0.781926950973,0
32661,1.09894237701,0
32662,1.21663931034,0
32663,1.22857050043,0
32664,1.20478549903,0
32665,1.17954272699,0
32666,1.03694201035,0
32667,1.20812446567,0
32668,1.33092136475,0
32669,1.12019188711,0
32670,1.02100282201,0
32671,1.33801352733,0
32672,1.36325869216,0
32673,1.36311745483,0
32674,1.20780881322,0
32675,1.14255189952,0
32676,1.36274266314,0
32677,1.3891761579,0
32678,1.5173749361,0
32679,1.38171205635,0
32680,1.31007832269,0
32681,1.3385782515,0
32682,1.74843598001,0
32683,1.80490416189,0
32684,1.45950578098,0
32685,1.90943377615,0
32686,1.85013354133,0
32687,1.98569766068,0
32688,1.94279356463,0
32689,2.06682458437,0
32690,2.08640770456,0
32691,1.74159092884,0
32692,1.9605842082,0
32693,2.05331214222,0
32694,1.89073267693,0
32695,2.01312818303,0
32696,1.95546385977,0
32697,2.30709280088,0
32698,2.44012659428,0
32699,2.30991879667,0
32700,2.19178701622,0
32701,2.42459662997,0
32702,2.44572426298,0
32703,2.32883098192,0
32704,2.33405412145,0
32705,2.68730854759,0
32706,2.79980503722,0
32707,2.51535250515,0
32708,2.89112702926,0
32709,2.52260046868,0
32710,2.9773836148,0
32711,2.72919651402,0
32712,2.86040811137,0
32713,2.75571178619,0
32714,2.93757844845,0
32715,3.05766466177,0
32716,3.16467929839,0
32717,2.88909928773,0
32718,3.26131993517,0
32719,3.03153905503,0
32720,3.04997098017,0
32721,3.02931419214,0
32722,3.30327979281,0
32723,3.1089328725,0
32724,3.13883903295,0
32725,3.15760878076,0
32726,3.22126210339,0
32727,3.34126919173,0
32728,3.6122293669,0
32729,3.46542467605,0
32730,3.34144145747,0
32731,3.6846385997,0
32732,3.66763770664,0
32733,3.35892111525,0
32734,3.6554124087,0
32735,3.78916448033,0
32736,3.79128984238,0
32737,3.49141454934,0
32738,3.83953326446,0
32739,3.4858504273,0
32740,3.81544245041,0
32741,3.87813750484,0
32742,3.70874333639,0
32743,3.73443814178,0
32744,3.51051484991,0
32745,3.59600352364,0
32746,3.92139524443,0
32747,3.8596191324,0
32748,3.78293268645,0
32749,3.51966391206,0
32750,3.5371035266,0
32751,3.77555191589,0
32752,3.91156334185,0
32753,3.83827394002,0
32754,3.70309621613,0
32755,3.6693501703,0
32756,3.74282308921,0
32757,3.71012187356,0
32758,3.62617480374,0
32759,3.44643923239,0
32760,3.68820427327,0
32761,3.41981370695,0
32762,3.58702840307,0
32763,3.38689003291,0
32764,3.68827102432,0
32765,3.39556147764,0
32766,3.59589526714,0
32767,3.38882833914,0
32768,3.39071831936,0
32769,3.59722449777,0
32770,3.23444347561,0
32771,3.34257820646,0
32772,3.17967491888,0
32773,3.48023612348,0
32774,3.19136472905,0
32775,3.07810179107,0
32776,3.3382769989,0
32777,3.42205887263,0
32778,3.12484066571,0
32779,3.3231459397,0
32780,3.11912142933,0
32781,3.27434810878,0
32782,3.20320434251,0
32783,2.78639319998,0
32784,3.08130137329,0
32785,3.12767607018,0
32786,2.70133184189,0
32787,2.65874278092,0
32788,2.97492333663,0
32789,2.95261124081,0
32790,2.63979717407,0
32791,2.66534167444,0
32792,2.42879055462,0
32793,2.44798786301,0
32794,2.69915521525,0
32795,2.69964531892,0
32796,2.52577217344,0
32797,2.60725234828,0
32798,2.233701022,0
32799,2.52641692121,0
32800,2.17273567604,0
32801,2.23845797058,0
32802,2.45271896684,0
32803,2.2552061853,0
32804,2.07804075648,0
32805,1.92739083239,0
32806,2.2033546891,0
32807,1.83632321926,0
32808,1.9075710991,0
32809,1.94925855452,0
32810,2.09092450608,0
32811,1.83544350669,0
32812,1.92180733097,0
32813,1.70188960888,0
32814,1.59677945355,0
32815,1.87267594512,0
32816,1.6245493795,0
32817,1.41069019103,0
32818,1.41507597717,0
32819,1.58101315324,0
32820,1.69321175607,0
32821,1.3266502936,0
32822,1.42572296251,0
32823,1.19577944146,0
32824,1.16366684431,0
32825,1.51365468154,0
32826,1.45007599756,0
32827,1.49085610244,0
32828,1.41897705324,0
32829,1.38308852059,0
32830,1.19196465628,0
32831,1.07462956415,0
32832,1.06546835433,0
32833,1.28004222201,0
32834,0.900139334268,0
32835,0.878941771166,0
32836,1.27387522491,0
32837,0.981804715363,0
32838,0.925817481676,0
32839,0.819249401098,0
32840,0.793783823803,0
32841,1.19740039206,0
32842,0.825402067079,0
32843,0.782199509028,0
32844,1.0654906466,0
32845,1.08523462473,0
32846,0.974634304052,0
32847,1.10277155153,0
32848,0.900945044496,0
32849,0.763090466983,0
32850,0.892340212669,0
32851,1.14472088488,0
32852,0.728625560805,0
32853,0.874104842754,0
32854,0.757155566374,0
32855,1.01633630949,0
32856,0.754616619099,0
32857,1.14588344731,0
32858,1.02836209114,0
32859,0.875819586265,0
32860,0.79829804916,0
32861,1.11531347519,0
32862,1.23301040852,0
32863,1.24494159862,0
32864,1.22115659721,0
32865,1.19591382518,0
32866,1.05331310854,0
32867,1.22449556385,0
32868,1.34729246294,0
32869,1.1365629853,0
32870,1.0373739202,0
32871,1.35438462551,0
32872,1.37962979035,0
32873,1.37948855302,0
32874,1.22417991141,0
32875,1.1589229977,0
32876,1.37911376133,0
32877,1.40554725609,0
32878,1.53374603429,0
32879,1.39808315454,0
32880,1.32644942088,0
32881,1.35494934968,0
32882,1.7648070782,0
32883,1.82127526008,0
32884,1.47587687917,0
32885,1.92580487433,0
32886,1.86650463952,0
32887,2.00206875886,0
32888,1.95916466282,0
32889,2.08319568256,0
32890,2.10277880275,0
32891,1.75796202703,0
32892,1.97695530638,0
32893,2.06968324041,0
32894,1.90710377511,0
32895,2.02949928122,0
32896,1.97183495795,0
32897,2.32346389907,0
32898,2.45649769247,0
32899,2.32628989485,0
32900,2.20815811441,0
32901,2.44096772816,0
32902,2.46209536117,0
32903,2.34520208011,0
32904,2.35042521964,0
32905,2.70367964578,0
32906,2.81617613541,0
32907,2.53172360333,0
32908,2.90749812745,0
32909,2.53897156687,0
32910,2.99375471298,0
32911,2.74556761221,0
32912,2.87677920956,0
32913,2.77208288438,0
32914,2.95394954664,0
32915,3.07403575995,0
32916,3.18105039658,0
32917,2.90547038592,0
32918,3.27769103336,0
32919,3.04791015322,0
32920,3.06634207835,0
32921,3.04568529033,0
32922,3.31965089099,0
32923,3.12530397068,0
32924,3.15521013114,0
32925,3.17397987895,0
32926,3.23763320158,0
32927,3.35764028992,0
32928,3.62860046508,0
32929,3.48179577423,0
32930,3.35781255566,0
32931,3.70100969789,0
32932,3.68400880483,0
32933,3.37529221343,0
32934,3.67178350689,0
32935,3.80553557851,0
32936,3.80766094056,0
32937,3.50778564753,0
32938,3.85590436265,0
32939,3.50222152549,0
32940,3.8318135486,0
32941,3.89450860303,0
32942,3.72511443458,0
32943,3.75080923997,0
32944,3.5268859481,0
32945,3.61237462183,0
32946,3.93776634261,0
32947,3.87599023059,0
32948,3.79930378464,0
32949,3.53603501025,0
32950,3.55347462479,0
32951,3.79192301408,0
32952,3.92793444004,0
32953,3.8546450382,0
32954,3.71946731431,0
32955,3.68572126849,0
32956,3.7591941874,0
32957,3.72649297175,0
32958,3.64254590193,0
32959,3.46281033058,0
32960,3.70457537146,0
32961,3.43618480514,0
32962,3.60339950126,0
32963,3.4032611311,0
32964,3.70464212251,0
32965,3.41193257582,0
32966,3.61226636533,0
32967,3.40519943733,0
32968,3.40708941755,0
32969,3.61359559596,0
32970,3.2508145738,0
32971,3.35894930465,0
32972,3.19604601706,0
32973,3.49660722167,0
32974,3.20773582724,0
32975,3.09447288925,0
32976,3.35464809709,0
32977,3.43842997082,0
32978,3.1412117639,0
32979,3.33951703789,0
32980,3.13549252751,0
32981,3.29071920697,0
32982,3.2195754407,0
32983,2.80276429817,0
32984,3.09767247147,0
32985,3.14404716836,0
32986,2.71770294007,0
32987,2.6751138791,0
32988,2.99129443482,0
32989,2.96898233899,0
32990,2.65616827226,0
32991,2.68171277263,0
32992,2.44516165281,0
32993,2.4643589612,0
32994,2.71552631343,0
32995,2.7160164171,0
32996,2.54214327163,0
32997,2.62362344647,0
32998,2.25007212019,0
32999,2.5427880194,0
33000,2.13693882522,0
33001,2.20266111975,0
33002,2.41692211602,0
33003,2.21940933448,0
33004,2.04224390566,0
33005,1.89159398157,0
33006,2.16755783827,0
33007,1.80052636844,0
33008,1.87177424827,0
33009,1.91346170369,0
33010,2.05512765526,0
33011,1.79964665587,0
33012,1.88601048015,0
33013,1.66609275806,0
33014,1.56098260273,0
33015,1.83687909429,0
33016,1.58875252868,0
33017,1.3748933402,0
33018,1.37927912635,0
33019,1.54521630242,0
33020,1.65741490525,0
33021,1.29085344277,0
33022,1.38992611169,0
33023,1.15998259064,0
33024,1.12786999349,0
33025,1.47785783071,0
33026,1.41427914674,0
33027,1.45505925161,0
33028,1.38318020242,0
33029,1.34729166976,0
33030,1.15616780546,0
33031,1.03883271333,0
33032,1.02967150351,0
33033,1.24424537118,0
33034,0.864342483445,0
33035,0.843144920343,0
33036,1.23807837408,0
33037,0.946007864541,0
33038,0.890020630853,0
33039,0.783452550276,0
33040,0.757986972981,0
33041,1.16160354123,0
33042,0.789605216257,0
33043,0.746402658206,0
33044,1.02969379578,0
33045,1.04943777391,0
33046,0.938837453229,0
33047,1.0669747007,0
33048,0.865148193673,0
33049,0.727293616161,0
33050,0.856543361847,0
33051,1.10892403405,0
33052,0.692828709983,0
33053,0.838307991932,0
33054,0.721358715551,0
33055,0.980539458671,0
33056,0.718819768277,0
33057,1.11008659648,0
33058,0.992565240314,0
33059,0.840022735443,0
33060,0.762501198337,0
33061,1.07951662437,0
33062,1.1972135577,0
33063,1.20914474779,0
33064,1.18535974639,0
33065,1.16011697436,0
33066,1.01751625771,0
33067,1.18869871303,0
33068,1.31149561212,0
33069,1.10076613447,0
33070,1.00157706938,0
33071,1.31858777469,0
33072,1.34383293952,0
33073,1.3436917022,0
33074,1.18838306059,0
33075,1.12312614688,0
33076,1.34331691051,0
33077,1.36975040527,0
33078,1.49794918346,0
33079,1.36228630371,0
33080,1.29065257005,0
33081,1.31915249886,0
33082,1.72901022738,0
33083,1.78547840926,0
33084,1.44008002835,0
33085,1.89000802351,0
33086,1.8307077887,0
33087,1.96627190804,0
33088,1.923367812,0
33089,2.04739883174,0
33090,2.06698195192,0
33091,1.7221651762,0
33092,1.94115845556,0
33093,2.03388638958,0
33094,1.87130692429,0
33095,1.99370243039,0
33096,1.93603810713,0
33097,2.28766704825,0
33098,2.42070084164,0
33099,2.29049304403,0
33100,2.17236126359,0
33101,2.40517087734,0
33102,2.42629851034,0
33103,2.30940522928,0
33104,2.31462836882,0
33105,2.66788279495,0
33106,2.78037928459,0
33107,2.49592675251,0
33108,2.87170127662,0
33109,2.50317471605,0
33110,2.95795786216,0
33111,2.70977076139,0
33112,2.84098235874,0
33113,2.73628603356,0
33114,2.91815269581,0
33115,3.03823890913,0
33116,3.14525354576,0
33117,2.86967353509,0
33118,3.24189418254,0
33119,3.0121133024,0
33120,3.03054522753,0
33121,3.0098884395,0
33122,3.28385404017,0
33123,3.08950711986,0
33124,3.11941328032,0
33125,3.13818302812,0
33126,3.20183635076,0
33127,3.32184343909,0
33128,3.59280361426,0
33129,3.44599892341,0
33130,3.32201570484,0
33131,3.66521284706,0
33132,3.648211954,0
33133,3.33949536261,0
33134,3.63598665607,0
33135,3.76973872769,0
33136,3.77186408974,0
33137,3.47198879671,0
33138,3.82010751183,0
33139,3.46642467467,0
33140,3.79601669778,0
33141,3.85871175221,0
33142,3.68931758376,0
33143,3.71501238914,0
33144,3.49108909727,0
33145,3.57657777101,0
33146,3.90196949179,0
33147,3.84019337976,0
33148,3.76350693382,0
33149,3.50023815943,0
33150,3.51767777396,0
33151,3.75612616326,0
33152,3.89213758921,0
33153,3.81884818738,0
33154,3.68367046349,0
33155,3.64992441767,0
33156,3.72339733658,0
33157,3.69069612092,0
33158,3.60674905111,0
33159,3.42701347975,0
33160,3.66877852064,0
33161,3.40038795431,0
33162,3.56760265044,0
33163,3.36746428028,0
33164,3.66884527168,0
33165,3.376135725,0
33166,3.5764695145,0
33167,3.36940258651,0
33168,3.37129256673,0
33169,3.57779874514,0
33170,3.21501772298,0
33171,3.32315245382,0
33172,3.16024916624,0
33173,3.46081037085,0
33174,3.17193897642,0
33175,3.05867603843,0
33176,3.31885124626,0
33177,3.40263312,0
33178,3.10541491308,0
33179,3.30372018707,0
33180,3.09969567669,0
33181,3.25492235615,0
33182,3.18377858988,0
33183,2.76696744735,0
33184,3.06187562065,0
33185,3.10825031754,0
33186,2.68190608925,0
33187,2.63931702828,0
33188,2.95549758399,0
33189,2.93318548817,0
33190,2.62037142144,0
33191,2.64591592181,0
33192,2.40936480198,0
33193,2.42856211038,0
33194,2.67972946261,0
33195,2.68021956628,0
33196,2.5063464208,0
33197,2.58782659565,0
33198,2.21427526936,0
33199,2.50699116857,0
33200,2.08671192823,0
33201,2.15243422276,0
33202,2.36669521902,0
33203,2.16918243749,0
33204,1.99201700867,0
33205,1.84136708458,0
33206,2.11733094128,0
33207,1.75029947145,0
33208,1.82154735128,0
33209,1.8632348067,0
33210,2.00490075827,0
33211,1.74941975888,0
33212,1.83578358316,0
33213,1.61586586106,0
33214,1.51075570574,0
33215,1.7866521973,0
33216,1.53852563169,0
33217,1.32466644321,0
33218,1.32905222936,0
33219,1.49498940542,0
33220,1.60718800826,0
33221,1.24062654578,0
33222,1.3396992147,0
33223,1.10975569365,0
33224,1.07764309649,0
33225,1.42763093372,0
33226,1.36405224974,0
33227,1.40483235462,0
33228,1.33295330543,0
33229,1.29706477277,0
33230,1.10594090847,0
33231,0.988605816337,0
33232,0.979444606516,0
33233,1.19401847419,0
33234,0.814115586453,0
33235,0.792918023351,0
33236,1.18785147709,0
33237,0.895780967548,0
33238,0.83979373386,0
33239,0.733225653283,0
33240,0.707760075988,0
33241,1.11137664424,0
33242,0.739378319264,0
33243,0.696175761213,0
33244,0.979466898782,0
33245,0.999210876913,0
33246,0.888610556236,0
33247,1.01674780371,0
33248,0.814921296681,0
33249,0.677066719168,0
33250,0.806316464854,0
33251,1.05869713706,0
33252,0.64260181299,0
33253,0.788081094939,0
33254,0.671131818559,0
33255,0.930312561678,0
33256,0.668592871284,0
33257,1.05985969949,0
33258,0.942338343321,0
33259,0.78979583845,0
33260,0.712274301344,0
33261,1.02928972738,0
33262,1.14698666071,0
33263,1.1589178508,0
33264,1.1351328494,0
33265,1.10989007737,0
33266,0.967289360722,0
33267,1.13847181604,0
33268,1.26126871512,0
33269,1.05053923748,0
33270,0.951350172383,0
33271,1.2683608777,0
33272,1.29360604253,0
33273,1.2934648052,0
33274,1.13815616359,0
33275,1.07289924989,0
33276,1.29309001351,0
33277,1.31952350827,0
33278,1.44772228647,0
33279,1.31205940672,0
33280,1.24042567306,0
33281,1.26892560187,0
33282,1.67878333038,0
33283,1.73525151227,0
33284,1.38985313136,0
33285,1.83978112652,0
33286,1.7804808917,0
33287,1.91604501105,0
33288,1.873140915,0
33289,1.99717193474,0
33290,2.01675505493,0
33291,1.67193827921,0
33292,1.89093155857,0
33293,1.98365949259,0
33294,1.8210800273,0
33295,1.9434755334,0
33296,1.88581121014,0
33297,2.23744015126,0
33298,2.37047394465,0
33299,2.24026614704,0
33300,2.1221343666,0
33301,2.35494398034,0
33302,2.37607161335,0
33303,2.25917833229,0
33304,2.26440147182,0
33305,2.61765589796,0
33306,2.7301523876,0
33307,2.44569985552,0
33308,2.82147437963,0
33309,2.45294781906,0
33310,2.90773096517,0
33311,2.6595438644,0
33312,2.79075546174,0
33313,2.68605913656,0
33314,2.86792579882,0
33315,2.98801201214,0
33316,3.09502664876,0
33317,2.8194466381,0
33318,3.19166728555,0
33319,2.9618864054,0
33320,2.98031833054,0
33321,2.95966154251,0
33322,3.23362714318,0
33323,3.03928022287,0
33324,3.06918638333,0
33325,3.08795613113,0
33326,3.15160945376,0
33327,3.2716165421,0
33328,3.54257671727,0
33329,3.39577202642,0
33330,3.27178880785,0
33331,3.61498595007,0
33332,3.59798505701,0
33333,3.28926846562,0
33334,3.58575975907,0
33335,3.7195118307,0
33336,3.72163719275,0
33337,3.42176189971,0
33338,3.76988061484,0
33339,3.41619777767,0
33340,3.74578980078,0
33341,3.80848485521,0
33342,3.63909068676,0
33343,3.66478549215,0
33344,3.44086220028,0
33345,3.52635087402,0
33346,3.8517425948,0
33347,3.78996648277,0
33348,3.71328003682,0
33349,3.45001126243,0
33350,3.46745087697,0
33351,3.70589926626,0
33352,3.84191069222,0
33353,3.76862129039,0
33354,3.6334435665,0
33355,3.59969752067,0
33356,3.67317043958,0
33357,3.64046922393,0
33358,3.55652215411,0
33359,3.37678658276,0
33360,3.61855162364,0
33361,3.35016105732,0
33362,3.51737575344,0
33363,3.31723738328,0
33364,3.61861837469,0
33365,3.32590882801,0
33366,3.52624261751,0
33367,3.31917568951,0
33368,3.32106566973,0
33369,3.52757184814,0
33370,3.16479082599,0
33371,3.27292555683,0
33372,3.11002226925,0
33373,3.41058347385,0
33374,3.12171207943,0
33375,3.00844914144,0
33376,3.26862434927,0
33377,3.35240622301,0
33378,3.05518801609,0
33379,3.25349329007,0
33380,3.0494687797,0
33381,3.20469545915,0
33382,3.13355169289,0
33383,2.71674055035,0
33384,3.01164872366,0
33385,3.05802342055,0
33386,2.63167919226,0
33387,2.58909013129,0
33388,2.905270687,0
33389,2.88295859118,0
33390,2.57014452444,0
33391,2.59568902481,0
33392,2.35913790499,0
33393,2.37833521339,0
33394,2.62950256562,0
33395,2.62999266929,0
33396,2.45611952381,0
33397,2.53759969866,0
33398,2.16404837237,0
33399,2.45676427158,0
33400,2.15516175666,0
33401,2.2208840512,0
33402,2.43514504746,0
33403,2.23763226593,0
33404,2.06046683711,0
33405,1.90981691302,0
33406,2.18578076972,0
33407,1.81874929989,0
33408,1.88999717972,0
33409,1.93168463514,0
33410,2.07335058671,0
33411,1.81786958731,0
33412,1.9042334116,0
33413,1.6843156895,0
33414,1.57920553418,0
33415,1.85510202574,0
33416,1.60697546012,0
33417,1.39311627165,0
33418,1.39750205779,0
33419,1.56343923386,0
33420,1.6756378367,0
33421,1.30907637422,0
33422,1.40814904313,0
33423,1.17820552209,0
33424,1.14609292493,0
33425,1.49608076216,0
33426,1.43250207818,0
33427,1.47328218306,0
33428,1.40140313386,0
33429,1.36551460121,0
33430,1.1743907369,0
33431,1.05705564477,0
33432,1.04789443495,0
33433,1.26246830263,0
33434,0.88256541489,0
33435,0.861367851788,0
33436,1.25630130553,0
33437,0.964230795986,0
33438,0.908243562298,0
33439,0.80167548172,0
33440,0.776209904426,0
33441,1.17982647268,0
33442,0.807828147702,0
33443,0.764625589651,0
33444,1.04791672722,0
33445,1.06766070535,0
33446,0.957060384674,0
33447,1.08519763215,0
33448,0.883371125118,0
33449,0.745516547606,0
33450,0.874766293291,0
33451,1.1271469655,0
33452,0.711051641427,0
33453,0.856530923377,0
33454,0.739581646996,0
33455,0.998762390116,0
33456,0.737042699722,0
33457,1.12830952793,0
33458,1.01078817176,0
33459,0.936864905416,1
33460,0.915743460993,1
33461,0.923583639614,1
33462,0.960223463222,1
33463,1.02490595322,1
33464,1.11629476965,1
33465,1.23250181995,1
33466,1.37112626698,1
33467,1.52930413025,1
33468,1.7037674558,1
33469,1.89091183209,1
33470,2.0868708571,1
33471,2.28759601823,1
33472,2.48894033452,1
33473,2.68674403328,1
33474,2.87692049094,1
33475,3.05554066272,1
33476,3.21891425663,1
33477,3.36366597495,1
33478,3.48680524779,1
33479,3.58578801831,1
33480,3.65856930291,1
33481,3.70364544056,1
33482,3.72008515845,1
33483,3.70754881208,1
33484,3.66629540232,1
33485,3.59717722442,1
33486,3.50162225965,1
33487,3.38160467317,1
33488,3.23960402778,1
33489,3.07855405621,1
33490,2.90178205016,1
33491,2.71294011853,1
33492,2.5159297348,1
33493,2.31482113263,1
33494,2.11376921488,1
33495,1.9169277133,1
33496,1.72836337245,1
33497,1.5519719308,1
33498,1.39139763477,1
33499,1.24995794862,1
33500,1.13057501565,1
33501,1.03571528673,1
33502,0.967338563455,1
33503,0.926857508633,1
33504,0.915108460679,1
33505,0.932334154872,1
33506,0.978178708445,1
33507,1.05169497312,1
33508,1.15136410319,1
33509,1.27512693486,1
33510,1.42042652856,1
33511,1.58426099531,1
33512,1.76324551576,1
33513,1.95368227047,1
33514,2.15163683692,1
33515,2.35301947464,1
33516,2.55366961919,1
33517,2.74944183946,1
33518,2.93629148224,1
33519,3.1103582347,1
33520,3.26804587851,1
33521,3.40609658762,1
33522,3.52165823498,1
33523,3.61234331747,1
33524,3.67627828166,1
33525,3.71214223148,1
33526,3.71919421787,1
33527,3.69728854684,1
33528,3.64687778944,1
33529,3.56900343171,1
33530,3.46527435755,1
33531,3.33783360916,1
33532,3.18931411187,1
33533,3.02278427783,1
33534,2.84168461271,1
33535,2.64975663479,1
33536,2.45096557527,1
33537,2.24941845658,1
33538,2.0492792413,1
33539,1.85468280476,1
33540,1.6696495085,1
33541,1.49800213962,1
33542,1.343286932,1
33543,1.20870030117,1
33544,1.09702280634,1
33545,1.01056170406,1
33546,0.951103280336,1
33547,0.919875945941,1
33548,0.917524857469,1
33549,0.944098588397,1
33550,0.99904812556,1
33551,1.08123821176,1
33552,1.18897080017,1
33553,1.32002013598,1
33554,1.47167874048,1
33555,1.64081334757,1
33556,1.82392963698,1
33557,2.01724442699,1
33558,2.21676383486,1
33559,2.4183657905,1
33560,2.61788519837,1
33561,2.81119998838,1
33562,2.99431627779,1
33563,3.16345088488,1
33564,3.31510948938,1
33565,3.44615882519,1
33566,3.5538914136,1
33567,3.6360814998,1
33568,3.69103103696,1
33569,3.71760476789,1
33570,3.71525367942,1
33571,3.68402634502,1
33572,3.6245679213,1
33573,3.53810681902,1
33574,3.42642932419,1
33575,3.29184269336,1
33576,3.13712748574,1
33577,2.96548011686,1
33578,2.7804468206,1
33579,2.58585038406,1
33580,2.38571116878,1
33581,2.18416405009,1
33582,1.98537299057,1
33583,1.79344501265,1
33584,1.61234534753,1
33585,1.44581551349,1
33586,1.2972960162,1
33587,1.16985526781,1
33588,1.06612619365,1
33589,0.988251835918,1
33590,0.937841078523,1
33591,0.915935407488,1
33592,0.922987393884,1
33593,0.958851343701,1
33594,1.02278630789,1
33595,1.11347139038,1
33596,1.22903303774,1
33597,1.36708374685,1
33598,1.52477139066,1
33599,1.69883814312,1
33600,1.92496199224,1
33601,2.12073421251,1
33602,2.32138435706,1
33603,2.52276699478,1
33604,2.72072156123,1
33605,2.91115831594,1
33606,3.09014283639,1
33607,3.25397730314,1
33608,3.39927689684,1
33609,3.52303972851,1
33610,3.62270885858,1
33611,3.69622512325,1
33612,3.74206967683,1
33613,3.75929537102,1
33614,3.74754632307,1
33615,3.70706526824,1
33616,3.63868854497,1
33617,3.54382881605,1
33618,3.42444588308,1
33619,3.28300619693,1
33620,3.1224319009,1
33621,2.94604045925,1
33622,2.7574761184,1
33623,2.56063461682,1
33624,2.35958269907,1
33625,2.1584740969,1
33626,1.96146371317,1
33627,1.77262178154,1
33628,1.59584977549,1
33629,1.43479980392,1
33630,1.29279915854,1
33631,1.17278157205,1
33632,1.07722660728,1
33633,1.00810842938,1
33634,0.966855019618,1
33635,0.95431867325,1
33636,0.97075839114,1
33637,1.01583452879,1
33638,1.08861581339,1
33639,1.18759858391,1
33640,1.31073785675,1
33641,1.45548957507,1
33642,1.61886316898,1
33643,1.79748334076,1
33644,1.98765979842,1
33645,2.18546349718,1
33646,2.38680781347,1
33647,2.5875329746,1
33648,2.78349199961,1
33649,2.9706363759,1
33650,3.14509970145,1
33651,3.30327756472,1
33652,3.44190201175,1
33653,3.55810906205,1
33654,3.64949787848,1
33655,3.71418036848,1
33656,3.75082019209,1
33657,3.75866037071,1
33658,3.73753892628,1
33659,0.897519873228,0
33660,0.819998336123,0
33661,1.13701376216,0
33662,1.25471069549,0
33663,1.26664188558,0
33664,1.24285688418,0
33665,1.21761411214,0
33666,1.0750133955,0
33667,1.24619585082,0
33668,1.3689927499,0
33669,1.15826327226,0
33670,1.05907420716,0
33671,1.37608491248,0
33672,1.40133007731,0
33673,1.40118883998,0
33674,1.24588019837,0
33675,1.18062328467,0
33676,1.40081404829,0
33677,1.42724754305,0
33678,1.55544632125,0
33679,1.4197834415,0
33680,1.34814970784,0
33681,1.37664963665,0
33682,1.78650736516,0
33683,1.84297554704,0
33684,1.49757716613,0
33685,1.9475051613,0
33686,1.88820492648,0
33687,2.02376904583,0
33688,1.98086494978,0
33689,2.10489596952,0
33690,2.12447908971,0
33691,1.77966231399,0
33692,1.99865559334,0
33693,2.09138352737,0
33694,1.92880406208,0
33695,2.05119956818,0
33696,1.99353524492,0
33697,2.34516418603,0
33698,2.47819797943,0
33699,2.34799018182,0
33700,2.22985840137,0
33701,2.46266801512,0
33702,2.48379564813,0
33703,2.36690236707,0
33704,2.3721255066,0
33705,2.72537993274,0
33706,2.83787642237,0
33707,2.5534238903,0
33708,2.92919841441,0
33709,2.56067185383,0
33710,3.01545499995,0
33711,2.76726789917,0
33712,2.89847949652,0
33713,2.79378317134,0
33714,2.9756498336,0
33715,3.09573604692,0
33716,3.20275068354,0
33717,2.92717067288,0
33718,3.29939132032,0
33719,3.06961044018,0
33720,3.08804236532,0
33721,3.06738557729,0
33722,3.34135117796,0
33723,3.14700425765,0
33724,3.1769104181,0
33725,3.19568016591,0
33726,3.25933348854,0
33727,3.37934057688,0
33728,3.65030075205,0
33729,3.5034960612,0
33730,3.37951284262,0
33731,3.72270998485,0
33732,3.70570909179,0
33733,3.3969925004,0
33734,3.69348379385,0
33735,3.82723586548,0
33736,3.82936122753,0
33737,3.52948593449,0
33738,3.87760464961,0
33739,3.52392181245,0
33740,3.85351383556,0
33741,3.91620888999,0
33742,3.74681472154,0
33743,3.77250952693,0
33744,3.54858623506,0
33745,3.63407490879,0
33746,3.95946662958,0
33747,3.89769051755,0
33748,3.8210040716,0
33749,3.55773529721,0
33750,3.57517491175,0
33751,3.81362330104,0
33752,3.949634727,0
33753,3.87634532517,0
33754,3.74116760128,0
33755,3.70742155545,0
33756,3.78089447436,0
33757,3.74819325871,0
33758,3.66424618889,0
33759,3.48451061754,0
33760,3.72627565842,0
33761,3.4578850921,0
33762,3.62509978822,0
33763,3.42496141806,0
33764,3.72634240947,0
33765,3.43363286279,0
33766,3.63396665229,0
33767,3.42689972429,0
33768,3.42878970451,0
33769,3.63529588292,0
33770,3.27251486076,0
33771,3.38064959161,0
33772,3.21774630403,0
33773,3.51830750863,0
33774,3.2294361142,0
33775,3.11617317622,0
33776,3.37634838405,0
33777,3.46013025778,0
33778,3.16291205086,0
33779,3.36121732485,0
33780,3.15719281448,0
33781,3.31241949393,0
33782,3.24127572766,0
33783,2.82446458513,0
33784,3.11937275844,0
33785,3.16574745533,0
33786,2.73940322704,0
33787,2.69681416607,0
33788,3.01299472178,0
33789,2.99068262596,0
33790,2.67786855922,0
33791,2.70341305959,0
33792,2.46686193977,0
33793,2.48605924816,0
33794,2.7372266004,0
33795,2.73771670407,0
33796,2.56384355859,0
33797,2.64532373343,0
33798,2.27177240715,0
33799,2.56448830636,0
33800,2.27097477755,0
33801,2.33669707209,0
33802,2.55095806835,0
33803,2.35344528681,0
33804,2.17627985799,0
33805,2.0256299339,0
33806,2.3015937906,0
33807,1.93456232077,0
33808,2.0058102006,0
33809,2.04749765603,0
33810,2.18916360759,0
33811,1.9336826082,0
33812,2.02004643248,0
33813,1.80012871039,0
33814,1.69501855506,0
33815,1.97091504662,0
33816,1.72278848101,0
33817,1.50892929253,0
33818,1.51331507868,0
33819,1.67925225475,0
33820,1.79145085758,0
33821,1.42488939511,0
33822,1.52396206402,0
33823,1.29401854297,0
33824,1.26190594582,0
33825,1.61189378304,0
33826,1.54831509907,0
33827,1.58909520394,0
33828,1.51721615475,0
33829,1.4813276221,0
33830,1.29020375779,0
33831,1.17286866566,0
33832,1.16370745584,0
33833,1.37828132352,0
33834,0.998378435776,0
33835,0.977180872674,0
33836,1.37211432641,0
33837,1.08004381687,0
33838,1.02405658318,0
33839,0.917488502606,0
33840,0.892022925312,0
33841,1.29563949356,0
33842,0.923641168588,0
33843,0.880438610537,0
33844,1.16372974811,0
33845,1.18347372624,0
33846,1.07287340556,0
33847,1.20101065303,0
33848,0.999184146004,0
33849,0.861329568492,0
33850,0.990579314177,0
33851,1.24295998638,0
33852,0.826864662313,0
33853,0.972343944263,0
33854,0.855394667882,0
33855,1.114575411,0
33856,0.852855720608,0
33857,1.24412254881,0
33858,1.12660119264,0
33859,0.974058687774,0
33860,0.896537150668,0
33861,1.2135525767,0
33862,1.33124951003,0
33863,1.34318070013,0
33864,1.31939569872,0
33865,1.29415292669,0
33866,1.15155221005,0
33867,1.32273466536,0
33868,1.44553156445,0
33869,1.2348020868,0
33870,1.13561302171,0
33871,1.45262372702,0
33872,1.47786889186,0
33873,1.47772765453,0
33874,1.32241901292,0
33875,1.25716209921,0
33876,1.47735286284,0
33877,1.5037863576,0
33878,1.6319851358,0
33879,1.49632225604,0
33880,1.42468852239,0
33881,1.45318845119,0
33882,1.86304617971,0
33883,1.91951436159,0
33884,1.57411598068,0
33885,2.02404397584,0
33886,1.96474374103,0
33887,2.10030786037,0
33888,2.05740376433,0
33889,2.18143478407,0
33890,2.20101790425,0
33891,1.85620112853,0
33892,2.07519440789,0
33893,2.16792234192,0
33894,2.00534287662,0
33895,2.12773838272,0
33896,2.07007405946,0
33897,2.42170300058,0
33898,2.55473679398,0
33899,2.42452899636,0
33900,2.30639721592,0
33901,2.53920682967,0
33902,2.56033446267,0
33903,2.44344118162,0
33904,2.44866432115,0
33905,2.80191874728,0
33906,2.91441523692,0
33907,2.62996270484,0
33908,3.00573722896,0
33909,2.63721066838,0
33910,3.09199381449,0
33911,2.84380671372,0
33912,2.97501831107,0
33913,2.87032198589,0
33914,3.05218864814,0
33915,3.17227486146,0
33916,3.27928949809,0
33917,3.00370948743,0
33918,3.37593013487,0
33919,3.14614925473,0
33920,3.16458117986,0
33921,3.14392439183,0
33922,3.4178899925,0
33923,3.22354307219,0
33924,3.25344923265,0
33925,3.27221898045,0
33926,3.33587230309,0
33927,3.45587939142,0
33928,3.72683956659,0
33929,3.58003487574,0
33930,3.45605165717,0
33931,3.79924879939,0
33932,3.78224790633,0
33933,3.47353131494,0
33934,3.7700226084,0
33935,3.90377468002,0
33936,3.90590004207,0
33937,3.60602474904,0
33938,3.95414346416,0
33939,3.600460627,0
33940,3.93005265011,0
33941,3.99274770454,0
33942,3.82335353609,0
33943,3.84904834148,0
33944,3.62512504961,0
33945,3.71061372334,0
33946,4.03600544412,0
33947,3.97422933209,0
33948,3.89754288615,0
33949,3.63427411176,0
33950,3.6517137263,0
33951,3.89016211559,0
33952,4.02617354155,0
33953,3.95288413971,0
33954,3.81770641582,0
33955,3.78396037,0
33956,3.85743328891,0
33957,3.82473207325,0
33958,3.74078500344,0
33959,3.56104943208,0
33960,3.80281447297,0
33961,3.53442390664,0
33962,3.70163860277,0
33963,3.50150023261,0
33964,3.80288122401,0
33965,3.51017167733,0
33966,3.71050546683,0
33967,3.50343853884,0
33968,3.50532851906,0
33969,3.71183469747,0
33970,3.34905367531,0
33971,3.45718840616,0
33972,3.29428511857,0
33973,3.59484632318,0
33974,3.30597492875,0
33975,3.19271199076,0
33976,3.4528871986,0
33977,3.53666907233,0
33978,3.23945086541,0
33979,3.4377561394,0
33980,3.23373162902,0
33981,3.38895830848,0
33982,3.31781454221,0
33983,2.90100339968,0
33984,3.19591157298,0
33985,3.24228626987,0
33986,2.81594204158,0
33987,2.77335298061,0
33988,3.08953353632,0
33989,3.0672214405,0
33990,2.75440737377,0
33991,2.77995187414,0
33992,2.54340075431,0
33993,2.56259806271,0
33994,2.81376541494,0
33995,2.81425551861,0
33996,2.64038237314,0
33997,2.72186254798,0
33998,2.34831122169,0
33999,2.6410271209,0
34000,2.54343961804,0
34001,2.60916191257,0
34002,2.82342290884,0
34003,2.6259101273,0
34004,2.44874469848,0
34005,2.29809477439,0
34006,2.57405863109,0
34007,2.20702716126,0
34008,2.27827504109,0
34009,2.31996249651,0
34010,2.46162844808,0
34011,2.20614744869,0
34012,2.29251127297,0
34013,2.07259355087,0
34014,1.96748339555,0
34015,2.24337988711,0
34016,1.9952533215,0
34017,1.78139413302,0
34018,1.78577991917,0
34019,1.95171709524,0
34020,2.06391569807,0
34021,1.69735423559,0
34022,1.79642690451,0
34023,1.56648338346,0
34024,1.53437078631,0
34025,2.10050782283,1
34026,1.91495845331,1
34027,1.74797638801,1
34028,1.60348180478,1
34029,1.48486695095,1
34030,1.39491650474,1
34031,1.33574220043,1
34032,1.30873325184,1
34033,1.31452373835,1
34034,1.35297771879,1
34035,1.4231924229,1
34036,1.52351944534,1
34037,1.65160344472,1
34038,1.80443743906,1
34039,1.97843339971,1
34040,2.16950648609,1
34041,2.37317094414,1
34042,2.58464541667,1
34043,2.79896519359,1
34044,3.01109876663,1
34045,3.21606595225,1
34046,3.40905480958,1
34047,3.5855346087,1
34048,3.74136219686,1
34049,3.87287926585,1
34050,3.97699823679,1
34051,4.05127474606,1
34052,4.09396503079,1
34053,4.10406686652,1
34054,4.08134309609,1
34055,4.02632719729,1
34056,3.94031075856,1
34057,3.8253131569,1
34058,3.68403414959,1
34059,3.51979049306,1
34060,3.33643807651,1
34061,3.13828139864,1
34062,2.92997251247,1
34063,2.71640181075,1
34064,2.50258321597,1
34065,2.29353647034,1
34066,2.09416928907,1
34067,1.90916214372,1
34068,1.74285838046,1
34069,1.5991622529,1
34070,1.48144726329,1
34071,1.3924769641,1
34072,1.334340079,1
34073,1.30840146674,1
34074,1.31527007878,1
34075,1.35478466318,1
34076,1.42601755026,1
34077,1.52729643118,1
34078,1.65624361809,1
34079,1.8098318643,1
34080,1.98445543382,1
34081,2.17601475196,1
34082,2.38001264954,1
34083,2.59165994135,1
34084,2.80598786008,1
34085,3.01796470632,1
34086,3.22261397593,1
34087,3.41513119168,1
34088,3.59099669616,1
34089,3.74608175823,1
34090,3.87674550169,1
34091,3.97992038086,1
34092,4.05318419625,1
34093,4.09481695961,1
34094,4.10384127355,1
34095,4.0800452775,1
34096,4.02398762149,1
34097,3.93698435094,1
34098,3.82107801032,1
34099,3.67898969108,1
34100,3.51405514954,1
34101,3.33014649459,1
34102,3.13158128352,1
34103,2.92302116034,1
34104,2.709362416,1
34105,2.49562103994,1
34106,2.28681496153,1
34107,2.08784624592,1
34108,1.90338601004,1
34109,1.73776476047,1
34110,1.59487072767,1
34111,1.47805858343,1
34112,1.39007068441,1
34113,1.33297269086,1
34114,1.30810507181,1
34115,1.31605163543,1
34116,1.35662582308,1
34117,1.42887508917,1
34118,1.53110326367,1
34119,1.66091037254,1
34120,1.81524898099,1
34121,1.99049573705,1
34122,2.18253643571,1
34123,2.38686260659,1
34124,2.59867735771,1
34125,2.8130079904,1
34126,3.02482274152,1
34127,3.2291489124,1
34128,3.42118961106,1
34129,3.59643636712,1
34130,3.75077497557,1
34131,3.88058208443,1
34132,3.98281025894,1
34133,4.05505952503,1
34134,4.09563371268,1
34135,4.1035802763,1
34136,4.07871265725,1
34137,4.0216146637,1
34138,3.93362676468,1
34139,3.81681462044,1
34140,3.67392058764,1
34141,3.50829933806,1
34142,3.32383910219,1
34143,3.12487038658,1
34144,2.91606430817,1
34145,2.70232293211,1
34146,2.48866418777,1
34147,2.28010406459,1
34148,2.08153885352,1
34149,1.89763019857,1
34150,1.73269565703,1
34151,1.59060733779,1
34152,1.47470099717,1
34153,1.38769772662,1
34154,1.33164007061,1
34155,1.30784407456,1
34156,1.3168683885,1
34157,1.35850115186,1
34158,1.43176496725,1
34159,1.53493984642,1
34160,1.66560358988,1
34161,1.82068865195,1
34162,1.99655415643,1
34163,2.18907137217,1
34164,2.39372064179,1
34165,2.60569748803,1
34166,2.82002540676,1
34167,3.03167269857,1
34168,3.23567059615,1
34169,3.42722991429,1
34170,3.60185348381,1
34171,3.75544173002,1
34172,3.88438891693,1
34173,3.98566779785,1
34174,4.05690068493,1
34175,4.09641526933,1
34176,4.10328388137,1
34177,4.07734526911,1
34178,4.01920838401,1
34179,3.93023808482,1
34180,3.81252309521,1
34181,3.66882696765,1
34182,3.50252320439,1
34183,3.31751605904,1
34184,3.11814887777,1
34185,2.90910213214,1
34186,2.69528353736,1
34187,2.48171283564,1
34188,2.27340394947,1
34189,2.0752472716,1
34190,1.89189485505,1
34191,1.72765119852,1
34192,1.58637219121,1
34193,1.47137458954,1
34194,1.38535815082,1
34195,1.33034225202,1
34196,1.30761848159,1
34197,1.31772031732,1
34198,1.36041060205,1
34199,1.43468711132,1
34200,1.45289984207,1
34201,1.58441691107,1
34202,1.74024449923,1
34203,1.91672429834,1
34204,2.10971315568,1
34205,2.3146803413,1
34206,2.52681391434,1
34207,2.74113369126,1
34208,2.95260816379,1
34209,3.15627262184,1
34210,3.34734570822,1
34211,3.52134166886,1
34212,3.67417566321,1
34213,3.80225966258,1
34214,3.90258668503,1
34215,3.97280138914,1
34216,4.01125536958,1
34217,4.01704585609,1
34218,3.9900369075,1
34219,3.93086260318,1
34220,3.84091215698,1
34221,3.72229730315,1
34222,3.57780271992,1
34223,3.41082065461,1
34224,3.2252712851,1
34225,1.79845238335,0
34226,1.73487369937,0
34227,1.77565380425,0
34228,1.70377475506,0
34229,1.6678862224,0
34230,1.4767623581,0
34231,1.35942726597,0
34232,1.35026605615,0
34233,1.56483992382,0
34234,1.18493703608,0
34235,1.16373947298,0
34236,1.55867292672,0
34237,1.26660241718,0
34238,1.21061518349,0
34239,1.10404710291,0
34240,1.07858152562,0
34241,1.48219809387,0
34242,1.11019976889,0
34243,1.06699721084,0
34244,1.35028834841,0
34245,1.37003232654,0
34246,1.25943200587,0
34247,1.38756925334,0
34248,1.18574274631,0
34249,1.0478881688,0
34250,1.17713791448,0
34251,1.42951858669,0
34252,1.01342326262,0
34253,1.15890254457,0
34254,1.04195326819,0
34255,1.30113401131,0
34256,1.03941432091,0
34257,1.43068114912,0
34258,1.31315979295,0
34259,1.16061728808,0
34260,1.08309575098,0
34261,1.40011117701,0
34262,1.51780811034,0
34263,1.52973930043,0
34264,1.50595429903,0
34265,1.480711527,0
34266,1.33811081035,0
34267,1.50929326567,0
34268,1.63209016476,0
34269,1.42136068711,0
34270,1.32217162201,0
34271,1.63918232733,0
34272,1.66442749216,0
34273,1.66428625483,0
34274,1.50897761322,0
34275,1.44372069952,0
34276,1.66391146314,0
34277,1.6903449579,0
34278,1.8185437361,0
34279,1.68288085635,0
34280,1.61124712269,0
34281,1.6397470515,0
34282,2.04960478001,0
34283,2.1060729619,0
34284,1.76067458099,0
34285,2.21060257615,0
34286,2.15130234133,0
34287,2.28686646068,0
34288,2.24396236464,0
34289,2.36799338437,0
34290,2.38757650456,0
34291,2.04275972884,0
34292,2.2617530082,0
34293,2.35448094222,0
34294,2.19190147693,0
34295,2.31429698303,0
34296,2.25663265977,0
34297,2.60826160089,0
34298,2.74129539428,0
34299,2.61108759667,0
34300,2.49295581623,0
34301,2.72576542997,0
34302,2.74689306298,0
34303,2.62999978192,0
34304,2.63522292145,0
34305,2.98847734759,0
34306,3.10097383723,0
34307,2.81652130515,0
34308,3.19229582926,0
34309,2.82376926869,0
34310,3.2785524148,0
34311,3.03036531403,0
34312,3.16157691137,0
34313,3.05688058619,0
34314,3.23874724845,0
34315,3.35883346177,0
34316,3.46584809839,0
34317,3.19026808773,0
34318,3.56248873518,0
34319,3.33270785503,0
34320,3.35113978017,0
34321,3.33048299214,0
34322,3.60444859281,0
34323,3.4101016725,0
34324,3.44000783296,0
34325,3.45877758076,0
34326,3.52243090339,0
34327,3.64243799173,0
34328,3.9133981669,0
34329,3.76659347605,0
34330,3.64261025748,0
34331,3.9858073997,0
34332,3.96880650664,0
34333,3.66008991525,0
34334,3.9565812087,0
34335,4.09033328033,0
34336,4.09245864238,0
34337,3.79258334935,0
34338,4.14070206447,0
34339,3.78701922731,0
34340,4.11661125041,0
34341,4.17930630484,0
34342,4.00991213639,0
34343,4.03560694178,0
34344,3.81168364991,0
34345,3.89717232365,0
34346,4.22256404443,0
34347,4.1607879324,0
34348,4.08410148645,0
34349,3.82083271206,0
34350,3.8382723266,0
34351,4.07672071589,0
34352,4.21273214185,0
34353,4.13944274002,0
34354,4.00426501613,0
34355,3.9705189703,0
34356,4.04399188921,0
34357,4.01129067356,0
34358,3.92734360375,0
34359,3.74760803239,0
34360,3.98937307328,0
34361,3.72098250695,0
34362,3.88819720307,0
34363,3.68805883292,0
34364,3.98943982432,0
34365,3.69673027764,0
34366,3.89706406714,0
34367,3.68999713915,0
34368,3.69188711936,0
34369,3.89839329777,0
34370,3.53561227562,0
34371,3.64374700646,0
34372,3.48084371888,0
34373,3.78140492348,0
34374,3.49253352906,0
34375,3.37927059107,0
34376,3.6394457989,0
34377,3.72322767264,0
34378,3.42600946572,0
34379,3.62431473971,0
34380,3.42029022933,0
34381,3.57551690879,0
34382,3.50437314252,0
34383,3.08756199998,0
34384,3.38247017329,0
34385,3.42884487018,0
34386,3.00250064189,0
34387,2.95991158092,0
34388,3.27609213663,0
34389,3.25378004081,0
34390,2.94096597408,0
34391,2.96651047445,0
34392,2.72995935462,0
34393,2.74915666302,0
34394,3.00032401525,0
34395,3.00081411892,0
34396,2.82694097344,0
34397,2.90842114829,0
34398,2.534869822,0
34399,2.82758572121,0
34400,2.32866232122,0
34401,2.39438461576,0
34402,2.60864561202,0
34403,2.41113283048,0
34404,2.23396740167,0
34405,2.08331747757,0
34406,2.35928133428,0
34407,1.99224986444,0
34408,2.06349774428,0
34409,2.1051851997,0
34410,2.24685115126,0
34411,1.99137015187,0
34412,2.07773397615,0
34413,1.85781625406,0
34414,1.75270609874,0
34415,2.0286025903,0
34416,1.78047602468,0
34417,1.56661683621,0
34418,1.57100262235,0
34419,1.73693979842,0
34420,1.84913840126,0
34421,1.48257693878,0
34422,1.58164960769,0
34423,1.35170608665,0
34424,1.31959348949,0
34425,1.66958132672,0
34426,1.60600264274,0
34427,1.64678274762,0
34428,1.57490369842,0
34429,1.53901516577,0
34430,1.34789130146,0
34431,1.23055620933,0
34432,1.22139499951,0
34433,1.43596886719,0
34434,1.05606597945,0
34435,1.03486841635,0
34436,1.42980187009,0
34437,1.13773136054,0
34438,1.08174412686,0
34439,0.975176046279,0
34440,0.949710468984,0
34441,1.35332703724,0
34442,0.98132871226,0
34443,0.93812615421,0
34444,1.22141729178,0
34445,1.24116126991,0
34446,1.13056094923,0
34447,1.25869819671,0
34448,1.05687168968,0
34449,0.919017112164,0
34450,1.04826685785,0
34451,1.30064753006,0
34452,0.884552205986,0
34453,1.03003148794,0
34454,0.913082211555,0
34455,1.17226295467,0
34456,0.91054326428,0
34457,1.30181009249,0
34458,1.18428873632,0
34459,1.03174623145,0
34460,0.954224694341,0
34461,1.27124012037,0
34462,1.3889370537,0
34463,1.4008682438,0
34464,1.3770832424,0
34465,1.35184047036,0
34466,1.20923975372,0
34467,1.38042220903,0
34468,1.50321910812,0
34469,1.29248963048,0
34470,1.19330056538,0
34471,1.5103112707,0
34472,1.53555643553,0
34473,1.5354151982,0
34474,1.38010655659,0
34475,1.31484964288,0
34476,1.53504040651,0
34477,1.56147390127,0
34478,1.68967267947,0
34479,1.55400979972,0
34480,1.48237606606,0
34481,1.51087599486,0
34482,1.92073372338,0
34483,1.97720190526,0
34484,1.63180352435,0
34485,2.08173151951,0
34486,2.0224312847,0
34487,2.15799540405,0
34488,2.115091308,0
34489,2.23912232774,0
34490,2.25870544793,0
34491,1.91388867221,0
34492,2.13288195156,0
34493,2.22560988559,0
34494,2.0630304203,0
34495,2.1854259264,0
34496,2.12776160314,0
34497,2.47939054425,0
34498,2.61242433765,0
34499,2.48221654004,0
34500,2.36408475959,0
34501,2.59689437334,0
34502,2.61802200635,0
34503,2.50112872529,0
34504,2.50635186482,0
34505,2.85960629096,0
34506,2.97210278059,0
34507,2.68765024852,0
34508,3.06342477263,0
34509,2.69489821205,0
34510,3.14968135816,0
34511,2.90149425739,0
34512,3.03270585474,0
34513,2.92800952956,0
34514,3.10987619182,0
34515,3.22996240514,0
34516,3.33697704176,0
34517,3.0613970311,0
34518,3.43361767854,0
34519,3.2038367984,0
34520,3.22226872354,0
34521,3.20161193551,0
34522,3.47557753617,0
34523,3.28123061586,0
34524,3.31113677632,0
34525,3.32990652413,0
34526,3.39355984676,0
34527,3.5135669351,0
34528,3.78452711026,0
34529,3.63772241942,0
34530,3.51373920084,0
34531,3.85693634307,0
34532,3.83993545001,0
34533,3.53121885862,0
34534,3.82771015207,0
34535,3.96146222369,0
34536,3.96358758574,0
34537,3.66371229271,0
34538,4.01183100783,0
34539,3.65814817067,0
34540,3.98774019378,0
34541,4.05043524821,0
34542,3.88104107976,0
34543,3.90673588515,0
34544,3.68281259328,0
34545,3.76830126701,0
34546,4.09369298779,0
34547,4.03191687577,0
34548,3.95523042982,0
34549,3.69196165543,0
34550,3.70940126997,0
34551,3.94784965926,0
34552,4.08386108522,0
34553,4.01057168338,0
34554,3.8753939595,0
34555,3.84164791367,0
34556,3.91512083258,0
34557,3.88241961693,0
34558,3.79847254711,0
34559,3.61873697576,0
34560,3.86050201664,0
34561,3.59211145032,0
34562,3.75932614644,0
34563,3.55918777628,0
34564,3.86056876769,0
34565,3.567859221,0
34566,3.76819301051,0
34567,3.56112608251,0
34568,3.56301606273,0
34569,3.76952224114,0
34570,3.40674121898,0
34571,3.51487594983,0
34572,3.35197266224,0
34573,3.65253386685,0
34574,3.36366247242,0
34575,3.25039953443,0
34576,3.51057474227,0
34577,3.594356616,0
34578,3.29713840908,0
34579,3.49544368307,0
34580,3.29141917269,0
34581,3.44664585215,0
34582,3.37550208588,0
34583,2.95869094335,0
34584,3.25359911665,0
34585,3.29997381354,0
34586,2.87362958526,0
34587,2.83104052428,0
34588,3.14722108,0
34589,3.12490898417,0
34590,2.81209491744,0
34591,2.83763941781,0
34592,2.60108829799,0
34593,2.62028560638,0
34594,2.87145295861,0
34595,2.87194306228,0
34596,2.69806991681,0
34597,2.77955009165,0
34598,2.40599876537,0
34599,2.69871466458,0
34600,2.3811751769,0
34601,2.44689747143,0
34602,2.66115846769,0
34603,2.46364568616,0
34604,2.28648025734,0
34605,2.13583033325,0
34606,2.41179418995,0
34607,2.04476272012,0
34608,2.11601059995,0
34609,2.15769805537,0
34610,2.29936400694,0
34611,2.04388300754,0
34612,2.13024683183,0
34613,1.91032910973,0
34614,1.80521895441,0
34615,2.08111544597,0
34616,1.83298888036,0
34617,1.61912969188,0
34618,1.62351547803,0
34619,1.78945265409,0
34620,1.90165125693,0
34621,1.53508979445,0
34622,1.63416246337,0
34623,1.40421894232,0
34624,1.37210634516,0
34625,1.72209418239,0
34626,1.65851549841,0
34627,1.69929560329,0
34628,1.6274165541,0
34629,1.59152802144,0
34630,1.40040415714,0
34631,1.28306906501,0
34632,1.27390785519,0
34633,1.48848172286,0
34634,1.10857883512,0
34635,1.08738127202,0
34636,1.48231472576,0
34637,1.19024421622,0
34638,1.13425698253,0
34639,1.02768890195,0
34640,1.00222332466,0
34641,1.40583989291,0
34642,1.03384156793,0
34643,0.990639009883,0
34644,1.27393014745,0
34645,1.29367412558,0
34646,1.18307380491,0
34647,1.31121105238,0
34648,1.10938454535,0
34649,0.971529967838,0
34650,1.10077971352,0
34651,1.35316038573,0
34652,0.93706506166,0
34653,1.08254434361,0
34654,0.965595067228,0
34655,1.22477581035,0
34656,0.963056119954,0
34657,1.35432294816,0
34658,1.23680159199,0
34659,1.08425908712,0
34660,1.00673755001,0
34661,1.32375297605,0
34662,1.44144990938,0
34663,1.45338109947,0
34664,1.42959609807,0
34665,1.40435332604,0
34666,1.26175260939,0
34667,1.43293506471,0
34668,1.55573196379,0
34669,1.34500248615,0
34670,1.24581342105,0
34671,1.56282412637,0
34672,1.5880692912,0
34673,1.58792805387,0
34674,1.43261941226,0
34675,1.36736249856,0
34676,1.58755326218,0
34677,1.61398675694,0
34678,1.74218553514,0
34679,1.60652265539,0
34680,1.53488892173,0
34681,1.56338885054,0
34682,1.97324657905,0
34683,2.02971476093,0
34684,1.68431638003,0
34685,2.13424437519,0
34686,2.07494414037,0
34687,2.21050825972,0
34688,2.16760416367,0
34689,2.29163518341,0
34690,2.3112183036,0
34691,1.96640152788,0
34692,2.18539480724,0
34693,2.27812274126,0
34694,2.11554327597,0
34695,2.23793878207,0
34696,2.18027445881,0
34697,2.53190339993,0
34698,2.66493719332,0
34699,2.53472939571,0
34700,2.41659761527,0
34701,2.64940722901,0
34702,2.67053486202,0
34703,2.55364158096,0
34704,2.55886472049,0
34705,2.91211914663,0
34706,3.02461563627,0
34707,2.74016310419,0
34708,3.1159376283,0
34709,2.74741106773,0
34710,3.20219421384,0
34711,2.95400711306,0
34712,3.08521871041,0
34713,2.98052238523,0
34714,3.16238904749,0
34715,3.28247526081,0
34716,3.38948989743,0
34717,3.11390988677,0
34718,3.48613053422,0
34719,3.25634965407,0
34720,3.27478157921,0
34721,3.25412479118,0
34722,3.52809039185,0
34723,3.33374347154,0
34724,3.363649632,0
34725,3.3824193798,0
34726,3.44607270243,0
34727,3.56607979077,0
34728,3.83703996594,0
34729,3.69023527509,0
34730,3.56625205652,0
34731,3.90944919874,0
34732,3.89244830568,0
34733,3.58373171429,0
34734,3.88022300774,0
34735,4.01397507937,0
34736,4.01610044142,0
34737,3.71622514838,0
34738,4.06434386351,0
34739,3.71066102634,0
34740,4.04025304945,0
34741,4.10294810388,0
34742,3.93355393543,0
34743,3.95924874082,0
34744,3.73532544895,0
34745,3.82081412269,0
34746,4.14620584347,0
34747,4.08442973144,0
34748,4.00774328549,0
34749,3.7444745111,0
34750,3.76191412564,0
34751,4.00036251493,0
34752,4.13637394089,0
34753,4.06308453906,0
34754,3.92790681517,0
34755,3.89416076934,0
34756,3.96763368825,0
34757,3.9349324726,0
34758,3.85098540278,0
34759,3.67124983143,0
34760,3.91301487231,0
34761,3.64462430599,0
34762,3.81183900211,0
34763,3.61170063195,0
34764,3.91308162336,0
34765,3.62037207668,0
34766,3.82070586618,0
34767,3.61363893818,0
34768,3.6155289184,0
34769,3.82203509681,0
34770,3.45925407466,0
34771,3.5673888055,0
34772,3.40448551792,0
34773,3.70504672252,0
34774,3.4161753281,0
34775,3.30291239011,0
34776,3.56308759794,0
34777,3.64686947168,0
34778,3.34965126476,0
34779,3.54795653874,0
34780,3.34393202837,0
34781,3.49915870782,0
34782,3.42801494156,0
34783,3.01120379902,0
34784,3.30611197233,0
34785,3.35248666922,0
34786,2.92614244093,0
34787,2.88355337996,0
34788,3.19973393567,0
34789,3.17742183985,0
34790,2.86460777311,0
34791,2.89015227348,0
34792,2.65360115366,0
34793,2.67279846206,0
34794,2.92396581429,0
34795,2.92445591796,0
34796,2.75058277248,0
34797,2.83206294733,0
34798,2.45851162104,0
34799,2.75122752025,0
34800,2.41707539091,0
34801,2.48279768545,0
34802,2.69705868171,0
34803,2.49954590018,0
34804,2.32238047136,0
34805,2.17173054727,0
34806,2.44769440397,0
34807,2.08066293414,0
34808,2.15191081397,0
34809,2.19359826939,0
34810,2.33526422096,0
34811,2.07978322156,0
34812,2.16614704585,0
34813,1.94622932375,0
34814,1.84111916843,0
34815,2.11701565999,0
34816,1.86888909437,0
34817,1.6550299059,0
34818,1.65941569204,0
34819,1.82535286811,0
34820,1.93755147095,0
34821,1.57099000847,0
34822,1.67006267738,0
34823,1.44011915634,0
34824,1.40800655918,0
34825,1.75799439641,0
34826,1.69441571243,0
34827,1.73519581731,0
34828,1.66331676811,0
34829,1.62742823546,0
34830,1.43630437115,0
34831,1.31896927902,0
34832,1.3098080692,0
34833,1.52438193688,0
34834,1.14447904914,0
34835,1.12328148604,0
34836,1.51821493978,0
34837,1.22614443024,0
34838,1.17015719655,0
34839,1.06358911597,0
34840,1.03812353868,0
34841,1.44174010693,0
34842,1.06974178195,0
34843,1.0265392239,0
34844,1.30983036147,0
34845,1.3295743396,0
34846,1.21897401892,0
34847,1.3471112664,0
34848,1.14528475937,0
34849,1.00743018186,0
34850,1.13667992754,0
34851,1.38906059975,0
34852,0.972965275678,0
34853,1.11844455763,0
34854,1.00149528125,0
34855,1.26067602437,0
34856,0.998956333972,0
34857,1.39022316218,0
34858,1.27270180601,0
34859,1.12015930114,0
34860,1.04263776403,0
34861,1.35965319007,0
34862,1.4773501234,0
34863,1.48928131349,0
34864,1.46549631209,0
34865,1.44025354005,0
34866,1.29765282341,0
34867,1.46883527873,0
34868,1.59163217781,0
34869,1.38090270017,0
34870,1.28171363507,0
34871,1.59872434039,0
34872,1.62396950522,0
34873,1.62382826789,0
34874,1.46851962628,0
34875,1.40326271258,0
34876,1.6234534762,0
34877,1.64988697096,0
34878,1.77808574916,0
34879,1.64242286941,0
34880,1.57078913575,0
34881,1.59928906456,0
34882,2.00914679307,0
34883,2.06561497495,0
34884,1.72021659404,0
34885,2.17014458921,0
34886,2.11084435439,0
34887,2.24640847374,0
34888,2.20350437769,0
34889,2.32753539743,0
34890,2.34711851762,0
34891,2.0023017419,0
34892,2.22129502125,0
34893,2.31402295528,0
34894,2.15144348999,0
34895,2.27383899609,0
34896,2.21617467283,0
34897,2.56780361394,0
34898,2.70083740734,0
34899,2.57062960973,0
34900,2.45249782928,0
34901,2.68530744303,0
34902,2.70643507604,0
34903,2.58954179498,0
34904,2.59476493451,0
34905,2.94801936065,0
34906,3.06051585028,0
34907,2.77606331821,0
34908,3.15183784232,0
34909,2.78331128174,0
34910,3.23809442786,0
34911,2.98990732708,0
34912,3.12111892443,0
34913,3.01642259925,0
34914,3.19828926151,0
34915,3.31837547483,0
34916,3.42539011145,0
34917,3.14981010079,0
34918,3.52203074823,0
34919,3.29224986809,0
34920,3.31068179323,0
34921,3.2900250052,0
34922,3.56399060587,0
34923,3.36964368556,0
34924,3.39954984601,0
34925,3.41831959382,0
34926,3.48197291645,0
34927,3.60198000479,0
34928,3.87294017996,0
34929,3.72613548911,0
34930,3.60215227053,0
34931,3.94534941276,0
34932,3.9283485197,0
34933,3.61963192831,0
34934,3.91612322176,0
34935,4.04987529339,0
34936,4.05200065544,0
34937,3.7521253624,0
34938,4.10024407752,0
34939,3.74656124036,0
34940,4.07615326347,0
34941,4.1388483179,0
34942,3.96945414945,0
34943,3.99514895484,0
34944,3.77122566297,0
34945,3.8567143367,0
34946,4.18210605749,0
34947,4.12032994546,0
34948,4.04364349951,0
34949,3.78037472512,0
34950,3.79781433966,0
34951,4.03626272895,0
34952,4.17227415491,0
34953,4.09898475308,0
34954,3.96380702919,0
34955,3.93006098336,0
34956,4.00353390227,0
34957,3.97083268662,0
34958,3.8868856168,0
34959,3.70715004545,0
34960,3.94891508633,0
34961,3.68052452001,0
34962,3.84773921613,0
34963,3.64760084597,0
34964,3.94898183738,0
34965,3.6562722907,0
34966,3.8566060802,0
34967,3.6495391522,0
34968,3.65142913242,0
34969,3.85793531083,0
34970,3.49515428867,0
34971,3.60328901952,0
34972,3.44038573194,0
34973,3.74094693654,0
34974,3.45207554211,0
34975,3.33881260413,0
34976,3.59898781196,0
34977,3.68276968569,0
34978,3.38555147877,0
34979,3.58385675276,0
34980,3.37983224239,0
34981,3.53505892184,0
34982,3.46391515557,0
34983,3.04710401304,0
34984,3.34201218635,0
34985,3.38838688324,0
34986,2.96204265495,0
34987,2.91945359398,0
34988,3.23563414969,0
34989,3.21332205387,0
34990,2.90050798713,0
34991,2.9260524875,0
34992,2.68950136768,0
34993,2.70869867607,0
34994,2.95986602831,0
34995,2.96035613198,0
34996,2.7864829865,0
34997,2.86796316134,0
34998,2.49441183506,0
34999,2.78712773427,0
35000,2.37087639446,0
35001,2.436598689,0
35002,2.65085968526,0
35003,2.45334690372,0
35004,2.27618147491,0
35005,2.12553155081,0
35006,2.40149540752,0
35007,2.03446393768,0
35008,2.10571181752,0
35009,2.14739927294,0
35010,2.2890652245,0
35011,2.03358422511,0
35012,2.11994804939,0
35013,1.9000303273,0
35014,1.79492017198,0
35015,2.07081666354,0
35016,1.82269009792,0
35017,1.60883090945,0
35018,1.61321669559,0
35019,1.77915387166,0
35020,1.8913524745,0
35021,1.52479101202,0
35022,1.62386368093,0
35023,1.39392015988,0
35024,1.36180756273,0
35025,1.71179539996,0
35026,1.64821671598,0
35027,1.68899682086,0
35028,1.61711777166,0
35029,1.58122923901,0
35030,1.3901053747,0
35031,1.27277028257,0
35032,1.26360907275,0
35033,1.47818294043,0
35034,1.09828005269,0
35035,1.07708248959,0
35036,1.47201594333,0
35037,1.17994543378,0
35038,1.1239582001,0
35039,1.01739011952,0
35040,0.991924542224,0
35041,1.39554111048,0
35042,1.0235427855,0
35043,0.980340227449,0
35044,1.26363136502,0
35045,1.28337534315,0
35046,1.17277502247,0
35047,1.30091226995,0
35048,1.09908576292,0
35049,0.961231185404,0
35050,1.09048093109,0
35051,1.3428616033,0
35052,0.926766279226,0
35053,1.07224556118,0
35054,0.955296284795,0
35055,1.21447702791,0
35056,0.95275733752,0
35057,1.34402416573,0
35058,1.22650280956,0
35059,1.07396030469,0
35060,0.996438767581,0
35061,1.31345419361,0
35062,1.43115112694,0
35063,1.44308231704,0
35064,1.41929731564,0
35065,1.3940545436,0
35066,1.25145382696,0
35067,1.42263628227,0
35068,1.54543318136,0
35069,1.33470370372,0
35070,1.23551463862,0
35071,1.55252534394,0
35072,1.57777050877,0
35073,1.57762927144,0
35074,1.42232062983,0
35075,1.35706371612,0
35076,1.57725447975,0
35077,1.60368797451,0
35078,1.73188675271,0
35079,1.59622387296,0
35080,1.5245901393,0
35081,1.5530900681,0
35082,1.96294779662,0
35083,2.0194159785,0
35084,1.67401759759,0
35085,2.12394559275,0
35086,2.06464535794,0
35087,2.20020947729,0
35088,2.15730538124,0
35089,2.28133640098,0
35090,2.30091952117,0
35091,1.95610274545,0
35092,2.1750960248,0
35093,2.26782395883,0
35094,2.10524449354,0
35095,2.22763999964,0
35096,2.16997567638,0
35097,2.52160461749,0
35098,2.65463841089,0
35099,2.52443061328,0
35100,2.40629883283,0
35101,2.63910844658,0
35102,2.66023607959,0
35103,2.54334279853,0
35104,2.54856593806,0
35105,2.9018203642,0
35106,3.01431685383,0
35107,2.72986432176,0
35108,3.10563884587,0
35109,2.73711228529,0
35110,3.1918954314,0
35111,2.94370833063,0
35112,3.07491992798,0
35113,2.9702236028,0
35114,3.15209026506,0
35115,3.27217647838,0
35116,3.379191115,0
35117,3.10361110434,0
35118,3.47583175178,0
35119,3.24605087164,0
35120,3.26448279678,0
35121,3.24382600875,0
35122,3.51779160941,0
35123,3.3234446891,0
35124,3.35335084956,0
35125,3.37212059737,0
35126,3.43577392,0
35127,3.55578100834,0
35128,3.8267411835,0
35129,3.67993649266,0
35130,3.55595327408,0
35131,3.89915041631,0
35132,3.88214952325,0
35133,3.57343293186,0
35134,3.86992422531,0
35135,4.00367629693,0
35136,4.00580165898,0
35137,3.70592636595,0
35138,4.05404508107,0
35139,3.70036224391,0
35140,4.02995426702,0
35141,4.09264932145,0
35142,3.923255153,0
35143,3.94894995839,0
35144,3.72502666652,0
35145,3.81051534025,0
35146,4.13590706103,0
35147,4.07413094901,0
35148,3.99744450306,0
35149,3.73417572867,0
35150,2.47749543366,1
35151,2.3445943986,1
35152,2.21337088934,1
35153,2.08499156332,1
35154,1.96059779145,1
35155,1.84129551062,1
35156,1.72814539127,1
35157,1.62215340731,1
35158,1.52426189247,1
35159,1.43534116233,1
35160,1.3561817767,1
35161,1.28748751104,1
35162,1.22986909949,1
35163,1.18383880506,1
35164,1.14980586528,1
35165,1.12807285386,1
35166,1.11883299058,1
35167,1.12216842351,1
35168,1.13804949858,1
35169,1.16633502332,1
35170,1.20677352206,1
35171,1.25900547176,1
35172,1.32256649836,1
35173,1.39689150537,1
35174,1.48131969791,1
35175,1.57510045759,1
35176,1.67740001595,1
35177,1.78730886721,1
35178,1.9038498543,1
35179,2.02598685638,1
35180,2.15263400064,1
35181,2.28266531631,1
35182,2.41492474529,1
35183,2.54823642015,1
35184,2.68141511838,1
35185,2.81327679971,1
35186,2.94264913294,1
35187,3.06838191872,1
35188,3.18935731549,1
35189,3.30449977782,1
35190,3.41278561861,1
35191,3.51325211036,1
35192,3.60500604437,1
35193,3.6872316719,1
35194,3.75919795671,1
35195,3.82026507442,1
35196,3.86989010091,1
35197,3.90763183926,1
35198,3.93315474229,1
35199,3.94623189574,1
35200,3.85094077741,1
35201,3.83888932397,1
35202,3.81437842193,1
35203,3.77762598825,1
35204,3.72895877459,1
35205,3.66880946232,1
35206,3.5977128157,1
35207,3.5163009275,1
35208,3.42529759933,1
35209,3.32551190656,1
35210,3.21783100519,1
35211,3.10321224443,1
35212,2.98267465535,1
35213,2.85728989101,1
35214,2.72817269884,1
35215,2.59647100983,1
35216,2.46335573274,1
35217,2.330010344,1
35218,2.19762036586,1
35219,2.0673628264,1
35220,1.94039579499,1
35221,1.8178480864,1
35222,1.70080922488,1
35223,1.59031975766,1
35224,1.48736200384,1
35225,1.39285132099,1
35226,1.30762796701,1
35227,1.23244962976,1
35228,1.16798469076,1
35229,1.11480628284,1
35230,1.07338719464,1
35231,1.04409566726,1
35232,1.02719212032,1
35233,1.02282683673,1
35234,1.03103862653,1
35235,1.05175448188,1
35236,1.08479022612,1
35237,1.12985215123,1
35238,1.18653962907,1
35239,1.25434867321,1
35240,1.33267641968,1
35241,1.42082648678,1
35242,1.51801516638,1
35243,1.62337839153,1
35244,1.73597941856,1
35245,1.85481715532,1
35246,1.97883506145,1
35247,2.10693054175,1
35248,2.23796474886,1
35249,2.37077270835,1
35250,2.50417367603,1
35251,2.63698163552,1
35252,2.76801584263,1
35253,2.89611132293,1
35254,3.02012922907,1
35255,3.13896696582,1
35256,3.25156799286,1
35257,3.35693121801,1
35258,3.4541198976,1
35259,3.54226996471,1
35260,3.62059771117,1
35261,3.68840675531,1
35262,3.74509423315,1
35263,3.79015615826,1
35264,3.8231919025,1
35265,3.84390775785,1
35266,3.85211954765,1
35267,3.84775426406,1
35268,3.83085071713,1
35269,3.80155918974,1
35270,3.76014010154,1
35271,3.70696169362,1
35272,3.64249675462,1
35273,3.56731841738,1
35274,3.4820950634,1
35275,3.38758438054,1
35276,3.28462662673,1
35277,3.17413715951,1
35278,3.05709829799,1
35279,2.93455058939,1
35280,2.80758355799,1
35281,2.67732601853,1
35282,2.54493604039,1
35283,2.41159065165,1
35284,2.27847537456,1
35285,2.14677368555,1
35286,2.01765649337,1
35287,1.89227172903,1
35288,1.77173413995,1
35289,1.6571153792,1
35290,1.54943447782,1
35291,1.44964878505,1
35292,1.35864545688,1
35293,1.27723356869,1
35294,1.20613692207,1
35295,1.14598760979,1
35296,1.09732039613,1
35297,1.06056796245,1
35298,1.03605706041,1
35299,1.02400560697,1
35300,1.02452074693,1
35301,1.03759790038,1
35302,1.06312080341,1
35303,1.10086254176,1
35304,1.15048756825,1
35305,1.21155468596,1
35306,1.28352097077,1
35307,1.3657465983,1
35308,1.45750053231,1
35309,1.55796702406,1
35310,1.66625286485,1
35311,1.78139532718,1
35312,1.90237072395,1
35313,2.02810350973,1
35314,2.15747584296,1
35315,2.28933752429,1
35316,2.42251622252,1
35317,2.55582789738,1
35318,2.68808732636,1
35319,2.81811864203,1
35320,2.94476578629,1
35321,3.06690278838,1
35322,3.18344377546,1
35323,3.29335262672,1
35324,3.39565218508,1
35325,3.48943294476,1
35326,3.5738611373,1
35327,3.64818614431,1
35328,3.71174717091,1
35329,3.76397912061,1
35330,3.80441761935,1
35331,3.83270314409,1
35332,3.84858421917,1
35333,3.85191965209,1
35334,3.84267978881,1
35335,3.82094677739,1
35336,3.78691383761,1
35337,3.74088354318,1
35338,3.68326513163,1
35339,3.61457086597,1
35340,3.53541148034,1
35341,3.4464907502,1
35342,3.34859923536,1
35343,3.2426072514,1
35344,3.12945713205,1
35345,3.01015485123,1
35346,2.88576107935,1
35347,2.75738175333,1
35348,2.62615824407,1
35349,2.49325720902,1
35350,3.65580908492,0
35351,3.89425747421,0
35352,4.03026890017,0
35353,3.95697949834,0
35354,3.82180177445,0
35355,3.78805572862,0
35356,3.86152864753,0
35357,3.82882743188,0
35358,3.74488036206,0
35359,3.56514479071,0
35360,3.80690983159,0
35361,3.53851926527,0
35362,3.70573396139,0
35363,3.50559559124,0
35364,3.80697658264,0
35365,3.51426703596,0
35366,3.71460082546,0
35367,3.50753389747,0
35368,3.50942387768,0
35369,3.71593005609,0
35370,3.35314903394,0
35371,3.46128376478,0
35372,3.2983804772,0
35373,3.5989416818,0
35374,3.31007028738,0
35375,3.19680734939,0
35376,3.45698255722,0
35377,3.54076443096,0
35378,3.24354622404,0
35379,3.44185149803,0
35380,3.23782698765,0
35381,3.3930536671,0
35382,3.32190990084,0
35383,2.9050987583,0
35384,3.20000693161,0
35385,3.2463816285,0
35386,2.82003740021,0
35387,2.77744833924,0
35388,3.09362889495,0
35389,3.07131679913,0
35390,2.75850273239,0
35391,2.78404723277,0
35392,2.54749611294,0
35393,2.56669342134,0
35394,2.81786077357,0
35395,2.81835087724,0
35396,2.64447773176,0
35397,2.72595790661,0
35398,2.35240658032,0
35399,2.64512247953,0
35400,2.25265936324,0
35401,2.31838165778,0
35402,2.53264265404,0
35403,2.33512987251,0
35404,2.15796444369,0
35405,2.0073145196,0
35406,2.2832783763,0
35407,1.91624690647,0
35408,1.9874947863,0
35409,2.02918224172,0
35410,2.17084819329,0
35411,1.91536719389,0
35412,2.00173101818,0
35413,1.78181329608,0
35414,1.67670314076,0
35415,1.95259963232,0
35416,1.70447306671,0
35417,1.49061387823,0
35418,1.49499966437,0
35419,1.66093684044,0
35420,1.77313544328,0
35421,1.4065739808,0
35422,1.50564664972,0
35423,1.27570312867,0
35424,1.24359053151,0
35425,1.59357836874,0
35426,1.52999968476,0
35427,1.57077978964,0
35428,1.49890074045,0
35429,1.46301220779,0
35430,1.27188834349,0
35431,1.15455325136,0
35432,1.14539204153,0
35433,1.35996590921,0
35434,0.980063021472,0
35435,0.95886545837,0
35436,1.35379891211,0
35437,1.06172840257,0
35438,1.00574116888,0
35439,0.899173088302,0
35440,0.873707511007,0
35441,1.27732407926,0
35442,0.905325754283,0
35443,0.862123196233,0
35444,1.1454143338,0
35445,1.16515831193,0
35446,1.05455799126,0
35447,1.18269523873,0
35448,0.9808687317,0
35449,0.843014154187,0
35450,0.972263899873,0
35451,1.22464457208,0
35452,0.808549248009,0
35453,0.954028529958,0
35454,0.837079253578,0
35455,1.0962599967,0
35456,0.834540306304,0
35457,1.22580713451,0
35458,1.10828577834,0
35459,0.955743273469,0
35460,0.878221736364,0
35461,1.1952371624,0
35462,1.31293409573,0
35463,1.32486528582,0
35464,1.30108028442,0
35465,1.27583751239,0
35466,1.13323679574,0
35467,1.30441925106,0
35468,1.42721615014,0
35469,1.2164866725,0
35470,1.1172976074,0
35471,1.43430831272,0
35472,1.45955347755,0
35473,1.45941224022,0
35474,1.30410359861,0
35475,1.23884668491,0
35476,1.45903744853,0
35477,1.48547094329,0
35478,1.61366972149,0
35479,1.47800684174,0
35480,1.40637310808,0
35481,1.43487303689,0
35482,1.8447307654,0
35483,1.90119894728,0
35484,1.55580056638,0
35485,2.00572856154,0
35486,1.94642832672,0
35487,2.08199244607,0
35488,2.03908835002,0
35489,2.16311936976,0
35490,2.18270248995,0
35491,1.83788571423,0
35492,2.05687899359,0
35493,2.14960692761,0
35494,1.98702746232,0
35495,2.10942296842,0
35496,2.05175864516,0
35497,2.40338758627,0
35498,2.53642137967,0
35499,2.40621358206,0
35500,2.28808180162,0
35501,2.52089141536,0
35502,2.54201904837,0
35503,2.42512576731,0
35504,2.43034890684,0
35505,2.78360333298,0
35506,2.89609982261,0
35507,2.61164729054,0
35508,2.98742181465,0
35509,2.61889525407,0
35510,3.07367840019,0
35511,2.82549129941,0
35512,2.95670289676,0
35513,2.85200657158,0
35514,3.03387323384,0
35515,3.15395944716,0
35516,3.26097408378,0
35517,2.98539407312,0
35518,3.35761472057,0
35519,3.12783384042,0
35520,3.14626576556,0
35521,3.12560897753,0
35522,3.3995745782,0
35523,3.20522765789,0
35524,3.23513381835,0
35525,3.25390356615,0
35526,3.31755688878,0
35527,3.43756397712,0
35528,3.70852415229,0
35529,3.56171946144,0
35530,3.43773624287,0
35531,3.78093338509,0
35532,3.76393249203,0
35533,3.45521590064,0
35534,3.75170719409,0
35535,3.88545926572,0
35536,3.88758462777,0
35537,3.58770933473,0
35538,3.93582804986,0
35539,3.58214521269,0
35540,3.9117372358,0
35541,3.97443229023,0
35542,3.80503812178,0
35543,3.83073292717,0
35544,3.6068096353,0
35545,3.69229830904,0
35546,4.01769002982,0
35547,3.95591391779,0
35548,3.87922747184,0
35549,3.61595869745,0
35550,3.63339831199,0
35551,3.87184670128,0
35552,4.00785812724,0
35553,3.93456872541,0
35554,3.79939100152,0
35555,3.76564495569,0
35556,3.8391178746,0
35557,3.80641665895,0
35558,3.72246958913,0
35559,3.54273401778,0
35560,3.78449905866,0
35561,3.51610849234,0
35562,3.68332318846,0
35563,3.4831848183,0
35564,3.78456580971,0
35565,3.49185626303,0
35566,3.69219005253,0
35567,3.48512312453,0
35568,3.48701310475,0
35569,3.69351928316,0
35570,3.33073826101,0
35571,3.43887299185,0
35572,3.27596970427,0
35573,3.57653090887,0
35574,3.28765951444,0
35575,3.17439657646,0
35576,3.43457178429,0
35577,3.51835365803,0
35578,3.22113545111,0
35579,3.41944072509,0
35580,3.21541621472,0
35581,3.37064289417,0
35582,3.29949912791,0
35583,2.88268798537,0
35584,3.17759615868,0
35585,3.22397085557,0
35586,2.79762662728,0
35587,2.75503756631,0
35588,3.07121812202,0
35589,3.0489060262,0
35590,2.73609195946,0
35591,2.76163645983,0
35592,2.52508534001,0
35593,2.54428264841,0
35594,2.79545000064,0
35595,2.79594010431,0
35596,2.62206695883,0
35597,2.70354713367,0
35598,2.32999580739,0
35599,2.6227117066,0
35600,2.37213035323,0
35601,2.43785264777,0
35602,2.65211364403,0
35603,2.4546008625,0
35604,2.27743543368,0
35605,2.12678550959,0
35606,2.40274936629,0
35607,2.03571789646,0
35608,2.10696577629,0
35609,2.14865323171,0
35610,2.29031918328,0
35611,2.03483818388,0
35612,2.12120200817,0
35613,1.90128428607,0
35614,1.79617413075,0
35615,2.07207062231,0
35616,1.82394405669,0
35617,1.61008486822,0
35618,1.61447065436,0
35619,1.78040783043,0
35620,1.89260643327,0
35621,1.52604497079,0
35622,1.6251176397,0
35623,1.39517411866,0
35624,1.3630615215,0
35625,1.71304935873,0
35626,1.64947067475,0
35627,1.69025077963,0
35628,1.61837173043,0
35629,1.58248319778,0
35630,1.39135933347,0
35631,1.27402424134,0
35632,1.26486303152,0
35633,1.4794368992,0
35634,1.09953401146,0
35635,1.07833644836,0
35636,1.4732699021,0
35637,1.18119939256,0
35638,1.12521215887,0
35639,1.01864407829,0
35640,0.993178500996,0
35641,1.39679506925,0
35642,1.02479674427,0
35643,0.981594186221,0
35644,1.26488532379,0
35645,1.28462930192,0
35646,1.17402898124,0
35647,1.30216622872,0
35648,1.10033972169,0
35649,0.962485144176,0
35650,1.09173488986,0
35651,1.34411556207,0
35652,0.928020237998,0
35653,1.07349951995,0
35654,0.956550243567,0
35655,1.21573098669,0
35656,0.954011296292,0
35657,1.3452781245,0
35658,1.22775676833,0
35659,1.07521426346,0
35660,0.997692726352,0
35661,1.31470815239,0
35662,1.43240508572,0
35663,1.44433627581,0
35664,1.42055127441,0
35665,1.39530850237,0
35666,1.25270778573,0
35667,1.42389024105,0
35668,1.54668714013,0
35669,1.33595766249,0
35670,1.23676859739,0
35671,1.55377930271,0
35672,1.57902446754,0
35673,1.57888323021,0
35674,1.4235745886,0
35675,1.3583176749,0
35676,1.57850843852,0
35677,1.60494193328,0
35678,1.73314071148,0
35679,1.59747783173,0
35680,1.52584409807,0
35681,1.55434402688,0
35682,1.96420175539,0
35683,2.02066993727,0
35684,1.67527155636,0
35685,2.12519955152,0
35686,2.06589931671,0
35687,2.20146343606,0
35688,2.15855934001,0
35689,2.28259035975,0
35690,2.30217347994,0
35691,1.95735670422,0
35692,2.17634998357,0
35693,2.2690779176,0
35694,2.10649845231,0
35695,2.22889395841,0
35696,2.17122963515,0
35697,2.52285857626,0
35698,2.65589236966,0
35699,2.52568457205,0
35700,2.4075527916,0
35701,2.64036240535,0
35702,2.66149003836,0
35703,2.5445967573,0
35704,2.54981989683,0
35705,2.90307432297,0
35706,3.0155708126,0
35707,2.73111828053,0
35708,3.10689280464,0
35709,2.73836624406,0
35710,3.19314939018,0
35711,2.9449622894,0
35712,3.07617388675,0
35713,2.97147756157,0
35714,3.15334422383,0
35715,3.27343043715,0
35716,3.38044507377,0
35717,3.10486506311,0
35718,3.47708571055,0
35719,3.24730483041,0
35720,3.26573675555,0
35721,3.24507996752,0
35722,3.51904556819,0
35723,3.32469864788,0
35724,3.35460480833,0
35725,3.37337455614,0
35726,3.43702787877,0
35727,3.55703496711,0
35728,3.82799514228,0
35729,3.68119045143,0
35730,3.55720723285,0
35731,3.90040437508,0
35732,3.88340348202,0
35733,3.57468689063,0
35734,3.87117818408,0
35735,4.00493025571,0
35736,4.00705561776,0
35737,3.70718032472,0
35738,4.05529903984,0
35739,3.70161620268,0
35740,4.03120822579,0
35741,4.09390328022,0
35742,3.92450911177,0
35743,3.95020391716,0
35744,3.72628062529,0
35745,3.81176929902,0
35746,4.13716101981,0
35747,4.07538490778,0
35748,3.99869846183,0
35749,3.73542968744,0
35750,3.75286930198,0
35751,3.99131769127,0
35752,4.12732911723,0
35753,4.0540397154,0
35754,3.91886199151,0
35755,3.88511594568,0
35756,3.95858886459,0
35757,3.92588764894,0
35758,3.84194057912,0
35759,3.66220500777,0
35760,3.90397004865,0
35761,3.63557948233,0
35762,3.80279417845,0
35763,3.60265580829,0
35764,3.9040367997,0
35765,3.61132725302,0
35766,3.81166104252,0
35767,3.60459411452,0
35768,3.60648409474,0
35769,3.81299027315,0
35770,3.45020925099,0
35771,3.55834398184,0
35772,3.39544069425,0
35773,3.69600189886,0
35774,3.40713050443,0
35775,3.29386756645,0
35776,3.55404277428,0
35777,3.63782464801,0
35778,3.34060644109,0
35779,3.53891171508,0
35780,3.33488720471,0
35781,3.49011388416,0
35782,3.41897011789,0
35783,3.00215897536,0
35784,3.29706714867,0
35785,3.34344184556,0
35786,2.91709761727,0
35787,2.8745085563,0
35788,3.19068911201,0
35789,3.16837701619,0
35790,2.85556294945,0
35791,2.88110744982,0
35792,2.64455633,0
35793,2.66375363839,0
35794,2.91492099063,0
35795,2.9154110943,0
35796,2.74153794882,0
35797,2.82301812366,0
35798,2.44946679738,0
35799,2.74218269659,0
35800,2.1192958157,0
35801,2.18501811024,0
35802,2.3992791065,0
35803,2.20176632497,0
35804,2.02460089615,0
35805,1.87395097206,0
35806,2.14991482876,0
35807,1.78288335893,0
35808,1.85413123876,0
35809,1.89581869418,0
35810,2.03748464575,0
35811,1.78200364635,0
35812,1.86836747064,0
35813,1.64844974854,0
35814,1.54333959322,0
35815,1.81923608478,0
35816,1.57110951917,0
35817,1.35725033069,0
35818,1.36163611683,0
35819,1.5275732929,0
35820,1.63977189574,0
35821,1.27321043326,0
35822,1.37228310217,0
35823,1.14233958113,0
35824,1.11022698397,0
35825,1.4602148212,0
35826,1.39663613722,0
35827,1.4374162421,0
35828,1.36553719291,0
35829,1.32964866025,0
35830,1.13852479595,0
35831,1.02118970382,0
35832,1.01202849399,0
35833,1.22660236167,0
35834,0.846699473932,0
35835,0.82550191083,0
35836,1.22043536457,0
35837,0.928364855027,0
35838,0.872377621339,0
35839,0.765809540762,0
35840,0.740343963467,0
35841,1.14396053172,0
35842,0.771962206743,0
35843,0.728759648692,0
35844,1.01205078626,0
35845,1.03179476439,0
35846,0.921194443715,0
35847,1.04933169119,0
35848,0.84750518416,0
35849,0.709650606647,0
35850,0.838900352333,0
35851,1.09128102454,0
35852,0.675185700469,0
35853,0.820664982418,0
35854,0.703715706038,0
35855,0.962896449157,0
35856,0.701176758763,0
35857,1.09244358697,0
35858,0.9749222308,0
35859,0.822379725929,0
35860,0.744858188823,0
35861,1.06187361486,0
35862,1.17957054819,0
35863,1.19150173828,0
35864,1.16771673688,0
35865,1.14247396484,0
35866,0.999873248201,0
35867,1.17105570352,0
35868,1.2938526026,0
35869,1.08312312496,0
35870,0.983934059862,0
35871,1.30094476518,0
35872,1.32618993001,0
35873,1.32604869268,0
35874,1.17074005107,0
35875,1.10548313737,0
35876,1.32567390099,0
35877,1.35210739575,0
35878,1.48030617395,0
35879,1.3446432942,0
35880,1.27300956054,0
35881,1.30150948935,0
35882,1.71136721786,0
35883,1.76783539974,0
35884,1.42243701884,0
35885,1.872365014,0
35886,1.81306477918,0
35887,1.94862889853,0
35888,1.90572480248,0
35889,2.02975582222,0
35890,2.04933894241,0
35891,1.70452216669,0
35892,1.92351544605,0
35893,2.01624338007,0
35894,1.85366391478,0
35895,1.97605942088,0
35896,1.91839509762,0
35897,2.27002403873,0
35898,2.40305783213,0
35899,2.27285003452,0
35900,2.15471825407,0
35901,2.38752786782,0
35902,2.40865550083,0
35903,2.29176221977,0
35904,2.2969853593,0
35905,2.65023978544,0
35906,2.76273627507,0
35907,2.478283743,0
35908,2.85405826711,0
35909,2.48553170653,0
35910,2.94031485265,0
35911,2.69212775187,0
35912,2.82333934922,0
35913,2.71864302404,0
35914,2.9005096863,0
35915,3.02059589962,0
35916,3.12761053624,0
35917,2.85203052558,0
35918,3.22425117302,0
35919,2.99447029288,0
35920,3.01290221802,0
35921,2.99224542999,0
35922,3.26621103066,0
35923,3.07186411035,0
35924,3.1017702708,0
35925,3.12054001861,0
35926,3.18419334124,0
35927,3.30420042958,0
35928,3.57516060475,0
35929,3.4283559139,0
35930,3.30437269532,0
35931,3.64756983755,0
35932,3.63056894449,0
35933,3.3218523531,0
35934,3.61834364655,0
35935,3.75209571818,0
35936,3.75422108023,0
35937,3.45434578719,0
35938,3.80246450232,0
35939,3.44878166515,0
35940,3.77837368826,0
35941,3.84106874269,0
35942,3.67167457424,0
35943,3.69736937963,0
35944,3.47344608776,0
35945,3.55893476149,0
35946,3.88432648228,0
35947,3.82255037025,0
35948,3.7458639243,0
35949,3.48259514991,0
35950,3.50003476445,0
35951,3.73848315374,0
35952,3.8744945797,0
35953,3.80120517787,0
35954,3.66602745398,0
35955,3.63228140815,0
35956,3.70575432706,0
35957,3.67305311141,0
35958,3.58910604159,0
35959,3.40937047024,0
35960,3.65113551112,0
35961,3.3827449448,0
35962,3.54995964092,0
35963,3.34982127076,0
35964,3.65120226217,0
35965,3.35849271549,0
35966,3.55882650499,0
35967,3.35175957699,0
35968,3.35364955721,0
35969,3.56015573562,0
35970,3.19737471347,0
35971,3.30550944431,0
35972,3.14260615673,0
35973,3.44316736133,0
35974,3.1542959669,0
35975,3.04103302892,0
35976,3.30120823675,0
35977,3.38499011049,0
35978,3.08777190356,0
35979,3.28607717755,0
35980,3.08205266718,0
35981,3.23727934663,0
35982,3.16613558036,0
35983,2.74932443783,0
35984,3.04423261114,0
35985,3.09060730803,0
35986,2.66426307974,0
35987,2.62167401877,0
35988,2.93785457448,0
35989,2.91554247866,0
35990,2.60272841192,0
35991,2.62827291229,0
35992,2.39172179247,0
35993,2.41091910087,0
35994,2.6620864531,0
35995,2.66257655677,0
35996,2.48870341129,0
35997,2.57018358613,0
35998,2.19663225985,0
35999,2.48934815906,0
36000,1.99631918132,0
36001,2.06204147586,0
36002,2.27630247212,0
36003,2.07878969059,0
36004,1.90162426177,0
36005,1.75097433768,0
36006,2.02693819438,0
36007,1.65990672455,0
36008,1.73115460438,0
36009,1.7728420598,0
36010,1.91450801136,0
36011,1.65902701197,0
36012,1.74539083626,0
36013,1.52547311416,0
36014,1.42036295884,0
36015,1.6962594504,0
36016,1.44813288478,0
36017,1.23427369631,0
36018,1.23865948245,0
36019,1.40459665852,0
36020,1.51679526136,0
36021,1.15023379888,0
36022,1.24930646779,0
36023,1.01936294675,0
36024,0.98725034959,0
36025,1.33723818682,0
36026,1.27365950284,0
36027,1.31443960772,0
36028,1.24256055852,0
36029,1.20667202587,0
36030,1.01554816156,0
36031,0.898213069434,0
36032,0.889051859613,0
36033,1.10362572729,0
36034,0.72372283955,0
36035,0.702525276448,0
36036,1.09745873019,0
36037,0.805388220646,0
36038,0.749400986958,0
36039,0.64283290638,0
36040,0.617367329085,0
36041,1.02098389734,0
36042,0.648985572361,0
36043,0.605783014311,0
36044,0.88907415188,0
36045,0.90881813001,0
36046,0.798217809334,0
36047,0.926355056808,0
36048,0.724528549778,0
36049,0.586673972265,0
36050,0.715923717951,0
36051,0.968304390158,0
36052,0.552209066087,0
36053,0.697688348036,0
36054,0.580739071656,0
36055,0.839919814776,0
36056,0.578200124382,0
36057,0.969466952587,0
36058,0.851945596418,0
36059,0.699403091547,0
36060,0.621881554442,0
36061,0.938896980476,0
36062,1.0565939138,0
36063,1.0685251039,0
36064,1.0447401025,0
36065,1.01949733046,0
36066,0.876896613819,0
36067,1.04807906914,0
36068,1.17087596822,0
36069,0.960146490577,0
36070,0.86095742548,0
36071,1.1779681308,0
36072,1.20321329563,0
36073,1.2030720583,0
36074,1.04776341669,0
36075,0.982506502985,0
36076,1.20269726661,0
36077,1.22913076137,0
36078,1.35732953957,0
36079,1.22166665982,0
36080,1.15003292616,0
36081,1.17853285497,0
36082,1.58839058348,0
36083,1.64485876536,0
36084,1.29946038445,0
36085,1.74938837961,0
36086,1.6900881448,0
36087,1.82565226415,0
36088,1.7827481681,0
36089,1.90677918784,0
36090,1.92636230803,0
36091,1.58154553231,0
36092,1.80053881166,0
36093,1.89326674569,0
36094,1.7306872804,0
36095,1.8530827865,0
36096,1.79541846324,0
36097,2.14704740435,0
36098,2.28008119775,0
36099,2.14987340014,0
36100,2.03174161969,0
36101,2.26455123344,0
36102,2.28567886645,0
36103,2.16878558539,0
36104,2.17400872492,0
36105,2.52726315106,0
36106,2.63975964069,0
36107,2.35530710862,0
36108,2.73108163273,0
36109,2.36255507215,0
36110,2.81733821827,0
36111,2.56915111749,0
36112,2.70036271484,0
36113,2.59566638966,0
36114,2.77753305192,0
36115,2.89761926524,0
36116,3.00463390186,0
36117,2.7290538912,0
36118,3.10127453864,0
36119,2.8714936585,0
36120,2.88992558364,0
36121,2.86926879561,0
36122,3.14323439627,0
36123,2.94888747596,0
36124,2.97879363642,0
36125,2.99756338423,0
36126,3.06121670686,0
36127,3.1812237952,0
36128,3.45218397036,0
36129,3.30537927952,0
36130,3.18139606094,0
36131,3.52459320317,0
36132,3.50759231011,0
36133,3.19887571872,0
36134,3.49536701217,0
36135,3.6291190838,0
36136,3.63124444585,0
36137,3.33136915281,0
36138,3.67948786793,0
36139,3.32580503077,0
36140,3.65539705388,0
36141,3.71809210831,0
36142,3.54869793986,0
36143,3.57439274525,0
36144,3.35046945338,0
36145,3.43595812711,0
36146,3.7613498479,0
36147,3.69957373587,0
36148,3.62288728992,0
36149,3.35961851553,0
36150,3.37705813007,0
36151,3.61550651936,0
36152,3.75151794532,0
36153,3.67822854349,0
36154,3.5430508196,0
36155,3.50930477377,0
36156,3.58277769268,0
36157,3.55007647703,0
36158,3.46612940721,0
36159,3.28639383586,0
36160,3.52815887674,0
36161,3.25976831042,0
36162,3.42698300654,0
36163,3.22684463638,0
36164,3.52822562779,0
36165,3.2355160811,0
36166,3.43584987061,0
36167,3.22878294261,0
36168,3.23067292283,0
36169,3.43717910124,0
36170,3.07439807908,0
36171,3.18253280993,0
36172,3.01962952234,0
36173,3.32019072695,0
36174,3.03131933252,0
36175,2.91805639454,0
36176,3.17823160237,0
36177,3.2620134761,0
36178,2.96479526918,0
36179,3.16310054317,0
36180,2.95907603279,0
36181,3.11430271225,0
36182,3.04315894598,0
36183,2.62634780345,0
36184,2.92125597676,0
36185,2.96763067364,0
36186,2.54128644536,0
36187,2.49869738439,0
36188,2.8148779401,0
36189,2.79256584428,0
36190,2.47975177754,0
36191,2.50529627791,0
36192,2.26874515809,0
36193,2.28794246648,0
36194,2.53910981872,0
36195,2.53959992238,0
36196,2.36572677691,0
36197,2.44720695175,0
36198,2.07365562547,0
36199,2.36637152468,0
36200,1.87795907368,0
36201,1.94368136822,0
36202,2.15794236448,0
36203,1.96042958294,0
36204,1.78326415413,0
36205,1.63261423004,0
36206,1.90857808674,0
36207,1.5415466169,0
36208,1.61279449674,0
36209,1.65448195216,0
36210,1.79614790372,0
36211,1.54066690433,0
36212,1.62703072861,0
36213,1.40711300652,0
36214,1.3020028512,0
36215,1.57789934276,0
36216,1.32977277714,0
36217,1.11591358867,0
36218,1.12029937481,0
36219,1.28623655088,0
36220,1.39843515372,0
36221,1.03187369124,0
36222,1.13094636015,0
36223,0.901002839105,0
36224,0.868890241949,0
36225,1.21887807918,0
36226,1.1552993952,0
36227,1.19607950008,0
36228,1.12420045088,0
36229,1.08831191823,0
36230,0.897188053923,0
36231,0.779852961793,0
36232,0.770691751972,0
36233,0.985265619648,0
36234,0.605362731909,0
36235,0.584165168807,0
36236,0.979098622547,0
36237,0.687028113005,0
36238,0.631040879317,0
36239,0.524472798739,0
36240,0.499007221445,0
36241,0.902623789698,0
36242,0.530625464721,0
36243,0.48742290667,0
36244,0.770714044239,0
36245,0.790458022369,0
36246,0.679857701693,0
36247,0.807994949167,0
36248,0.606168442137,0
36249,0.468313864625,0
36250,0.59756361031,0
36251,0.849944282517,0
36252,0.433848958446,0
36253,0.579328240396,0
36254,0.462378964015,0
36255,0.721559707135,0
36256,0.459840016741,0
36257,0.851106844947,0
36258,0.733585488777,0
36259,0.581042983907,0
36260,0.503521446801,0
36261,0.820536872835,0
36262,0.938233806164,0
36263,0.950164996258,0
36264,0.926379994856,0
36265,0.901137222823,0
36266,0.758536506179,0
36267,0.929718961495,0
36268,1.05251586058,0
36269,0.841786382936,0
36270,0.74259731784,0
36271,1.05960802316,0
36272,1.08485318799,0
36273,1.08471195066,0
36274,0.929403309049,0
36275,0.864146395344,0
36276,1.08433715897,0
36277,1.11077065373,0
36278,1.23896943193,0
36279,1.10330655218,0
36280,1.03167281852,0
36281,1.06017274732,0
36282,1.47003047584,0
36283,1.52649865772,0
36284,1.18110027681,0
36285,1.63102827197,0
36286,1.57172803716,0
36287,1.70729215651,0
36288,1.66438806046,0
36289,1.7884190802,0
36290,1.80800220039,0
36291,1.46318542467,0
36292,1.68217870402,0
36293,1.77490663805,0
36294,1.61232717276,0
36295,1.73472267886,0
36296,1.6770583556,0
36297,2.02868729671,0
36298,2.16172109011,0
36299,2.0315132925,0
36300,1.91338151205,0
36301,2.1461911258,0
36302,2.16731875881,0
36303,2.05042547775,0
36304,2.05564861728,0
36305,2.40890304342,0
36306,2.52139953305,0
36307,2.23694700098,0
36308,2.61272152509,0
36309,2.24419496451,0
36310,2.69897811062,0
36311,2.45079100985,0
36312,2.5820026072,0
36313,2.47730628202,0
36314,2.65917294428,0
36315,2.7792591576,0
36316,2.88627379422,0
36317,2.61069378356,0
36318,2.982914431,0
36319,2.75313355086,0
36320,2.771565476,0
36321,2.75090868797,0
36322,3.02487428863,0
36323,2.83052736832,0
36324,2.86043352878,0
36325,2.87920327659,0
36326,2.94285659922,0
36327,3.06286368756,0
36328,3.33382386272,0
36329,3.18701917188,0
36330,3.0630359533,0
36331,3.40623309553,0
36332,3.38923220247,0
36333,3.08051561108,0
36334,3.37700690453,0
36335,3.51075897615,0
36336,3.5128843382,0
36337,3.21300904517,0
36338,3.56112776029,0
36339,3.20744492313,0
36340,3.53703694624,0
36341,3.59973200067,0
36342,3.43033783222,0
36343,3.45603263761,0
36344,3.23210934574,0
36345,3.31759801947,0
36346,3.64298974025,0
36347,3.58121362823,0
36348,3.50452718228,0
36349,3.24125840789,0
36350,3.25869802243,0
36351,3.49714641172,0
36352,3.63315783768,0
36353,3.55986843585,0
36354,3.42469071196,0
36355,3.39094466613,0
36356,3.46441758504,0
36357,3.43171636939,0
36358,3.34776929957,0
36359,3.16803372822,0
36360,3.4097987691,0
36361,3.14140820278,0
36362,3.3086228989,0
36363,3.10848452874,0
36364,3.40986552015,0
36365,3.11715597346,0
36366,3.31748976297,0
36367,3.11042283497,0
36368,3.11231281519,0
36369,3.3188189936,0
36370,2.95603797144,0
36371,3.06417270229,0
36372,2.9012694147,0
36373,3.20183061931,0
36374,2.91295922488,0
36375,2.79969628689,0
36376,3.05987149473,0
36377,3.14365336846,0
36378,2.84643516154,0
36379,3.04474043553,0
36380,2.84071592515,0
36381,2.99594260461,0
36382,2.92479883834,0
36383,2.50798769581,0
36384,2.80289586911,0
36385,2.849270566,0
36386,2.42292633772,0
36387,2.38033727675,0
36388,2.69651783246,0
36389,2.67420573663,0
36390,2.3613916699,0
36391,2.38693617027,0
36392,2.15038505045,0
36393,2.16958235884,0
36394,2.42074971107,0
36395,2.42123981474,0
36396,2.24736666927,0
36397,2.32884684411,0
36398,1.95529551783,0
36399,2.24801141704,0
36400,1.76912361254,0
36401,1.83484590708,0
36402,2.04910690334,0
36403,1.8515941218,0
36404,1.67442869298,0
36405,1.52377876889,0
36406,1.79974262559,0
36407,1.43271115576,0
36408,1.50395903559,0
36409,1.54564649102,0
36410,1.68731244258,0
36411,1.43183144319,0
36412,1.51819526747,0
36413,1.29827754538,0
36414,1.19316739005,0
36415,1.46906388161,0
36416,1.220937316,0
36417,1.00707812752,0
36418,1.01146391367,0
36419,1.17740108974,0
36420,1.28959969257,0
36421,0.923038230095,0
36422,1.02211089901,0
36423,0.792167377962,0
36424,0.760054780806,0
36425,1.11004261803,0
36426,1.04646393406,0
36427,1.08724403893,0
36428,1.01536498974,0
36429,0.979476457085,0
36430,0.78835259278,0
36431,0.67101750065,0
36432,0.661856290829,0
36433,0.876430158505,0
36434,0.496527270766,0
36435,0.475329707664,0
36436,0.870263161404,0
36437,0.578192651862,0
36438,0.522205418174,0
36439,0.415637337596,0
36440,0.390171760302,0
36441,0.793788328555,0
36442,0.421790003578,0
36443,0.378587445527,0
36444,0.661878583096,0
36445,0.681622561226,0
36446,0.57102224055,0
36447,0.699159488024,0
36448,0.497332980994,0
36449,0.359478403482,0
36450,0.488728149167,0
36451,0.741108821374,0
36452,0.325013497303,0
36453,0.470492779253,0
36454,0.353543502872,0
36455,0.612724245992,0
36456,0.351004555598,0
36457,0.742271383804,0
36458,0.624750027634,0
36459,0.472207522764,0
36460,0.394685985658,0
36461,0.711701411692,0
36462,0.829398345021,0
36463,0.841329535115,0
36464,0.817544533713,0
36465,0.79230176168,0
36466,0.649701045036,0
36467,0.820883500352,0
36468,0.943680399438,0
36469,0.732950921793,0
36470,0.633761856697,0
36471,0.950772562013,0
36472,0.976017726845,0
36473,0.975876489517,0
36474,0.820567847906,0
36475,0.755310934201,0
36476,0.975501697827,0
36477,1.00193519259,0
36478,1.13013397079,0
36479,0.994471091034,0
36480,0.922837357375,0
36481,0.951337286182,0
36482,1.3611950147,0
36483,1.41766319658,0
36484,1.07226481567,0
36485,1.52219281083,0
36486,1.46289257602,0
36487,1.59845669536,0
36488,1.55555259932,0
36489,1.67958361906,0
36490,1.69916673924,0
36491,1.35434996352,0
36492,1.57334324288,0
36493,1.66607117691,0
36494,1.50349171161,0
36495,1.62588721771,0
36496,1.56822289445,0
36497,1.91985183557,0
36498,2.05288562897,0
36499,1.92267783135,0
36500,1.80454605091,0
36501,2.03735566466,0
36502,2.05848329766,0
36503,1.94159001661,0
36504,1.94681315614,0
36505,2.30006758227,0
36506,2.41256407191,0
36507,2.12811153983,0
36508,2.50388606395,0
36509,2.13535950337,0
36510,2.59014264948,0
36511,2.34195554871,0
36512,2.47316714606,0
36513,2.36847082088,0
36514,2.55033748313,0
36515,2.67042369645,0
36516,2.77743833308,0
36517,2.50185832242,0
36518,2.87407896986,0
36519,2.64429808972,0
36520,2.66273001485,0
36521,2.64207322682,0
36522,2.91603882749,0
36523,2.72169190718,0
36524,2.75159806764,0
36525,2.77036781544,0
36526,2.83402113808,0
36527,2.95402822641,0
36528,3.22498840158,0
36529,3.07818371073,0
36530,2.95420049216,0
36531,3.29739763438,0
36532,3.28039674132,0
36533,2.97168014993,0
36534,3.26817144339,0
36535,3.40192351501,0
36536,3.40404887706,0
36537,3.10417358403,0
36538,3.45229229915,0
36539,3.09860946199,0
36540,3.4282014851,0
36541,3.49089653953,0
36542,3.32150237108,0
36543,3.34719717647,0
36544,3.1232738846,0
36545,3.20876255833,0
36546,3.53415427911,0
36547,3.47237816708,0
36548,3.39569172114,0
36549,3.13242294675,0
36550,3.14986256129,0
36551,3.38831095058,0
36552,3.52432237654,0
36553,3.4510329747,0
36554,3.31585525081,0
36555,3.28210920499,0
36556,3.3555821239,0
36557,3.32288090824,0
36558,3.23893383843,0
36559,3.05919826707,0
36560,3.30096330796,0
36561,3.03257274163,0
36562,3.19978743776,0
36563,2.9996490676,0
36564,3.301030059,0
36565,3.00832051232,0
36566,3.20865430182,0
36567,3.00158737383,0
36568,3.00347735405,0
36569,3.20998353246,0
36570,2.8472025103,0
36571,2.95533724115,0
36572,2.79243395356,0
36573,3.09299515817,0
36574,2.80412376374,0
36575,2.69086082575,0
36576,2.95103603359,0
36577,3.03481790732,0
36578,2.7375997004,0
36579,2.93590497439,0
36580,2.73188046401,0
36581,2.88710714347,0
36582,2.8159633772,0
36583,2.39915223467,0
36584,2.69406040797,0
36585,2.74043510486,0
36586,2.31409087657,0
36587,2.2715018156,0
36588,2.58768237131,0
36589,2.56537027549,0
36590,2.25255620876,0
36591,2.27810070913,0
36592,2.0415495893,0
36593,2.0607468977,0
36594,2.31191424993,0
36595,2.3124043536,0
36596,2.13853120813,0
36597,2.22001138297,0
36598,1.84646005668,0
36599,2.13917595589,0
36600,1.45906884179,0
36601,1.52479113632,0
36602,1.73905213258,0
36603,1.54153935105,0
36604,1.36437392223,0
36605,1.21372399814,0
36606,1.48968785484,0
36607,1.12265638501,0
36608,1.19390426484,0
36609,1.23559172026,0
36610,1.37725767183,0
36611,1.12177667244,0
36612,1.20814049672,0
36613,0.988222774623,0
36614,0.8831126193,0
36615,1.15900911086,0
36616,0.910882545248,0
36617,0.697023356772,0
36618,0.701409142916,0
36619,0.867346318984,0
36620,0.979544921821,0
36621,0.612983459343,0
36622,0.712056128257,0
36623,0.48211260721,0
36624,0.450000010053,0
36625,0.799987847281,0
36626,0.736409163303,0
36627,0.777189268181,0
36628,0.705310218987,0
36629,0.669421686333,0
36630,0.478297822027,0
36631,0.360962729898,0
36632,0.351801520076,0
36633,0.566375387753,0
36634,0.186472500013,0
36635,0.165274936912,0
36636,0.560208390652,0
36637,0.268137881109,0
36638,0.212150647421,0
36639,0.105582566844,0
36640,0.080116989549,0
36641,0.483733557802,0
36642,0.111735232825,0
36643,0.0685326747742,0
36644,0.351823812343,0
36645,0.371567790473,0
36646,0.260967469797,0
36647,0.389104717272,0
36648,0.187278210241,0
36649,0.049423632729,0
36650,0.178673378415,0
36651,0.431054050621,0
36652,0.0149587265506,0
36653,0.1604380085,0
36654,0.0434887321194,0
36655,0.302669475239,0
36656,0.0409497848451,0
36657,0.432216613051,0
36658,0.314695256882,0
36659,0.162152752011,0
36660,0.0846312149053,0
36661,0.40164664094,0
36662,0.519343574268,0
36663,0.531274764362,0
36664,0.50748976296,0
36665,0.482246990927,0
36666,0.339646274283,0
36667,0.510828729599,0
36668,0.633625628686,0
36669,0.422896151041,0
36670,0.323707085944,0
36671,0.64071779126,0
36672,0.665962956092,0
36673,0.665821718764,0
36674,0.510513077154,0
36675,0.445256163448,0
36676,0.665446927074,0
36677,0.691880421834,0
36678,0.820079200033,0
36679,0.684416320281,0
36680,0.612782586623,0
36681,0.641282515429,0
36682,1.05114024394,0
36683,1.10760842583,0
36684,0.762210044917,0
36685,1.21213804008,0
36686,1.15283780526,0
36687,1.28840192461,0
36688,1.24549782857,0
36689,1.36952884831,0
36690,1.38911196849,0
36691,1.04429519277,0
36692,1.26328847213,0
36693,1.35601640615,0
36694,1.19343694086,0
36695,1.31583244696,0
36696,1.2581681237,0
36697,1.60979706482,0
36698,1.74283085821,0
36699,1.6126230606,0
36700,1.49449128016,0
36701,1.7273008939,0
36702,1.74842852691,0
36703,1.63153524585,0
36704,1.63675838538,0
36705,1.99001281152,0
36706,2.10250930116,0
36707,1.81805676908,0
36708,2.19383129319,0
36709,1.82530473262,0
36710,2.28008787873,0
36711,2.03190077796,0
36712,2.1631123753,0
36713,2.05841605012,0
36714,2.24028271238,0
36715,2.3603689257,0
36716,2.46738356232,0
36717,2.19180355166,0
36718,2.56402419911,0
36719,2.33424331896,0
36720,2.3526752441,0
36721,2.33201845607,0
36722,2.60598405674,0
36723,2.41163713643,0
36724,2.44154329689,0
36725,2.46031304469,0
36726,2.52396636732,0
36727,2.64397345566,0
36728,2.91493363083,0
36729,2.76812893998,0
36730,2.64414572141,0
36731,2.98734286363,0
36732,2.97034197057,0
36733,2.66162537918,0
36734,2.95811667263,0
36735,3.09186874426,0
36736,3.09399410631,0
36737,2.79411881328,0
36738,3.1422375284,0
36739,2.78855469124,0
36740,3.11814671434,0
36741,3.18084176877,0
36742,3.01144760032,0
36743,3.03714240571,0
36744,2.81321911384,0
36745,2.89870778758,0
36746,3.22409950836,0
36747,3.16232339633,0
36748,3.08563695038,0
36749,2.82236817599,0
36750,2.83980779053,0
36751,3.07825617982,0
36752,3.21426760578,0
36753,3.14097820395,0
36754,3.00580048006,0
36755,2.97205443423,0
36756,3.04552735314,0
36757,3.01282613749,0
36758,2.92887906768,0
36759,2.74914349632,0
36760,2.99090853721,0
36761,2.72251797088,0
36762,2.889732667,0
36763,2.68959429685,0
36764,2.99097528825,0
36765,2.69826574157,0
36766,2.89859953107,0
36767,2.69153260308,0
36768,2.69342258329,0
36769,2.8999287617,0
36770,2.53714773955,0
36771,2.64528247039,0
36772,2.48237918281,0
36773,2.78294038741,0
36774,2.49406899299,0
36775,2.380806055,0
36776,2.64098126283,0
36777,2.72476313657,0
36778,2.42754492965,0
36779,2.62585020364,0
36780,2.42182569326,0
36781,2.57705237272,0
36782,2.50590860645,0
36783,2.08909746391,0
36784,2.38400563722,0
36785,2.43038033411,0
36786,2.00403610582,0
36787,1.96144704485,0
36788,2.27762760056,0
36789,2.25531550474,0
36790,1.94250143801,0
36791,1.96804593838,0
36792,1.73149481855,0
36793,1.75069212695,0
36794,2.00185947918,0
36795,2.00234958285,0
36796,1.82847643737,0
36797,1.90995661222,0
36798,1.53640528593,0
36799,1.82912118514,0
36800,1.33994167043,0
36801,1.40566396496,0
36802,1.61992496123,0
36803,1.42241217969,0
36804,1.24524675087,0
36805,1.09459682678,0
36806,1.37056068348,0
36807,1.00352921365,0
36808,1.07477709348,0
36809,1.1164645489,0
36810,1.25813050047,0
36811,1.00264950108,0
36812,1.08901332536,0
36813,0.869095603265,0
36814,0.763985447942,0
36815,1.0398819395,0
36816,0.79175537389,0
36817,0.577896185414,0
36818,0.582281971558,0
36819,0.748219147626,0
36820,0.860417750463,0
36821,0.493856287985,0
36822,0.592928956899,0
36823,0.362985435852,0
36824,0.330872838695,0
36825,0.680860675923,0
36826,0.617281991945,0
36827,0.658062096823,0
36828,0.586183047629,0
36829,0.550294514975,0
36830,0.359170650669,0
36831,0.24183555854,0
36832,0.232674348718,0
36833,0.447248216395,0
36834,0.0673453286554,0
36835,0.0461477655535,0
36836,0.441081219294,0
36837,0.149010709751,0
36838,0.0930234760634,0
36839,-0.0135446045144,0
36840,-0.039010181809,0
36841,0.364606386444,0
36842,-0.00739193853302,0
36843,-0.0505944965839,0
36844,0.232696640985,0
36845,0.252440619115,0
36846,0.141840298439,0
36847,0.269977545914,0
36848,0.0681510388835,0
36849,-0.069703538629,0
36850,0.0595462070567,0
36851,0.311926879263,0
36852,-0.104168444807,0
36853,0.0413108371419,0
36854,-0.0756384392386,0
36855,0.183542303881,0
36856,-0.0781773865129,0
36857,0.313089441693,0
36858,0.195568085524,0
36859,0.043025580653,0
36860,-0.0344959564527,0
36861,0.282519469582,0
36862,0.40021640291,0
36863,0.412147593004,0
36864,0.388362591602,0
36865,0.363119819569,0
36866,0.220519102925,0
36867,0.391701558241,0
36868,0.514498457328,0
36869,0.303768979683,0
36870,0.204579914586,0
36871,0.521590619902,0
36872,0.546835784734,0
36873,0.546694547406,0
36874,0.391385905796,0
36875,0.32612899209,0
36876,0.546319755716,0
36877,0.572753250476,0
36878,0.700952028675,0
36879,0.565289148923,0
36880,0.493655415265,0
36881,0.522155344071,0
36882,0.932013072586,0
36883,0.988481254468,0
36884,0.643082873559,0
36885,1.09301086872,0
36886,1.03371063391,0
36887,0.719840275895,1
36888,0.622305660536,1
36889,0.531684183556,1
36890,0.448687721094,1
36891,0.373968251056,1
36892,0.30811273152,1
36893,0.251638489881,1
36894,0.204989159001,1
36895,0.168531192246,1
36896,0.142550984822,1
36897,0.127252623998,1
36898,0.122756285899,1
36899,0.129097291467,1
36900,0.146225828992,1
36901,0.174007345414,1
36902,0.212223603299,1
36903,0.260574395202,1
36904,0.318679901946,1
36905,0.386083676282,1
36906,0.462256228513,1
36907,0.54659918589,1
36908,0.638449993128,1
36909,0.737087117097,1
36910,0.841735714822,1
36911,0.951573720256,1
36912,1.06573830201,1
36913,1.18333264131,1
36914,1.30343297696,1
36915,1.42509586194,1
36916,1.54736557463,1
36917,1.66928162648,1
36918,1.78988630713,1
36919,1.90823220766,1
36920,2.02338966301,1
36921,2.13445405489,1
36922,2.24055291805,1
36923,2.3408527939,1
36924,2.43456577772,1
36925,2.52095570808,1
36926,2.59934394972,1
36927,2.66911472455,1
36928,2.72971994894,1
36929,2.78068353912,1
36930,2.82160515112,1
36931,2.85216332559,1
36932,2.8721180131,1
36933,2.88131245979,1
36934,2.87967443877,1
36935,2.86721681751,1
36936,2.84403745672,1
36937,2.81031844165,1
36938,2.76632465169,1
36939,2.71240167965,1
36940,2.6489731169,1
36941,2.57653722591,1
36942,2.49566302612,1
36943,2.40698582402,1
36944,2.31120222252,1
36945,2.20906464877,1
36946,2.1013754435,1
36947,1.98898055822,1
36948,1.87276290987,1
36949,1.75363544506,1
36950,1.63253396843,1
36951,1.51040979147,1
36952,1.38822225947,1
36953,1.26693121541,1
36954,1.1474894599,1
36955,1.03083526652,1
36956,0.917885011144,1
36957,0.809525973414,1
36958,0.706609366704,1
36959,0.609943651426,1
36960,0.52028818417,1
36961,0.438347252594,1
36962,0.364764542894,1
36963,0.300118083335,1
36964,0.244915703556,1
36965,0.199591045317,1
36966,0.164500156035,1
36967,0.139918691849,1
36968,0.126039752215,1
36969,0.12297236301,1
36970,0.130740620078,1
36971,0.149283499952,1
36972,0.178455339219,1
36973,0.218026978776,1
36974,0.267687563991,1
36975,0.327046986618,1
36976,0.395638949285,1
36977,0.472924628492,1
36978,0.558296907332,1
36979,0.651085144695,1
36980,0.750560443478,1
36981,0.855941376432,1
36982,0.966400124657,1
36983,1.08106898052,1
36984,1.19904716394,1
36985,1.31940789843,1
36986,1.44120569141,1
36987,1.56348376148,1
36988,1.68528155446,1
36989,1.80564228895,1
36990,1.92362047237,1
36991,2.03828932823,1
36992,2.14874807646,1
36993,2.25412900941,1
36994,2.3536043082,1
36995,2.44639254556,1
36996,2.5317648244,1
36997,2.60905050361,1
36998,2.67764246627,1
36999,2.7370018889,1
37000,2.70611479962,1
37001,2.74568643917,1
37002,2.77485827844,1
37003,2.79340115831,1
37004,2.80116941538,1
37005,2.79810202618,1
37006,2.78422308654,1
37007,2.75964162236,1
37008,2.72455073308,1
37009,2.67922607484,1
37010,2.62402369506,1
37011,2.5593772355,1
37012,2.4857945258,1
37013,2.40385359422,1
37014,2.31419812697,1
37015,2.21753241169,1
37016,2.11461580498,1
37017,2.00625676725,1
37018,1.89330651187,1
37019,1.77665231849,1
37020,1.65721056299,1
37021,1.53591951892,1
37022,1.41373198692,1
37023,1.29160780996,1
37024,1.17050633334,1
37025,1.05137886852,1
37026,0.935161220168,1
37027,0.82276633489,1
37028,0.715077129621,1
37029,0.612939555875,1
37030,0.517155954374,1
37031,0.428478752275,1
37032,0.347604552482,1
37033,0.27516866149,1
37034,0.211740098742,1
37035,0.157817126699,1
37036,0.113823336746,1
37037,0.0801043216763,1
37038,0.0569249608866,1
37039,0.0444673396215,1
37040,0.0428293186045,1
37041,0.052023765294,1
37042,0.0719784528028,1
37043,0.102536627276,1
37044,0.143458239269,1
37045,0.194421829455,1
37046,0.255027053842,1
37047,0.324797828677,1
37048,0.403186070312,1
37049,0.489576000672,1
37050,0.583288984494,1
37051,0.683588860338,1
37052,0.789687723499,1
37053,0.900752115383,1
37054,1.01590957073,1
37055,1.13425547127,1
37056,1.25486015191,1
37057,1.37677620376,1
37058,1.49904591645,1
37059,1.62070880143,1
37060,1.74080913708,1
37061,1.85840347638,1
37062,1.97256805814,1
37063,2.08240606357,1
37064,2.1870546613,1
37065,2.28569178526,1
37066,2.3775425925,1
37067,2.46188554988,1
37068,2.53805810211,1
37069,2.60546187645,1
37070,2.66356738319,1
37071,2.71191817509,1
37072,2.75013443298,1
37073,2.7779159494,1
37074,2.79504448693,1
37075,2.80138549249,1
37076,2.79688915439,1
37077,2.78159079357,1
37078,2.75561058615,1
37079,2.71915261939,1
37080,2.67250328851,1
37081,2.61602904687,1
37082,2.55017352734,1
37083,2.4754540573,1
37084,2.39245759484,1
37085,2.30183611786,1
37086,2.2043015025,1
37087,1.08872707875,0
37088,1.04582298271,0
37089,1.16985400245,0
37090,1.18943712264,0
37091,0.844620346917,0
37092,1.06361362627,0
37093,1.1563415603,0
37094,0.993762095004,0
37095,1.11615760111,0
37096,1.05849327784,0
37097,1.41012221896,0
37098,1.54315601236,0
37099,1.41294821474,0
37100,1.2948164343,0
37101,1.52762604805,0
37102,1.54875368106,0
37103,1.4318604,0
37104,1.43708353953,0
37105,1.79033796567,0
37106,1.9028344553,0
37107,1.61838192322,0
37108,1.99415644734,0
37109,1.62562988676,0
37110,2.08041303287,0
37111,1.8322259321,0
37112,1.96343752945,0
37113,1.85874120427,0
37114,2.04060786653,0
37115,2.16069407984,0
37116,2.26770871647,0
37117,1.99212870581,0
37118,2.36434935325,0
37119,2.13456847311,0
37120,2.15300039824,0
37121,2.13234361022,0
37122,2.40630921088,0
37123,2.21196229057,0
37124,2.24186845103,0
37125,2.26063819884,0
37126,2.32429152147,0
37127,2.44429860981,0
37128,2.71525878497,0
37129,2.56845409412,0
37130,2.44447087555,0
37131,2.78766801778,0
37132,2.77066712472,0
37133,2.46195053333,0
37134,2.75844182678,0
37135,2.8921938984,0
37136,2.89431926045,0
37137,2.59444396742,0
37138,2.94256268254,0
37139,2.58887984538,0
37140,2.91847186849,0
37141,2.98116692292,0
37142,2.81177275447,0
37143,2.83746755986,0
37144,2.61354426799,0
37145,2.69903294172,0
37146,3.0244246625,0
37147,2.96264855048,0
37148,2.88596210453,0
37149,2.62269333014,0
37150,2.64013294468,0
37151,2.87858133397,0
37152,3.01459275993,0
37153,2.94130335809,0
37154,2.80612563421,0
37155,2.77237958838,0
37156,2.84585250729,0
37157,2.81315129164,0
37158,2.72920422182,0
37159,2.54946865047,0
37160,2.79123369135,0
37161,2.52284312503,0
37162,2.69005782115,0
37163,2.48991945099,0
37164,2.7913004424,0
37165,2.49859089571,0
37166,2.69892468522,0
37167,2.49185775722,0
37168,2.49374773744,0
37169,2.70025391585,0
37170,2.33747289369,0
37171,2.44560762454,0
37172,2.28270433695,0
37173,2.58326554156,0
37174,2.29439414713,0
37175,2.18113120914,0
37176,2.44130641698,0
37177,2.52508829071,0
37178,2.22787008379,0
37179,2.42617535778,0
37180,2.2221508474,0
37181,2.37737752686,0
37182,2.30623376059,0
37183,1.88942261806,0
37184,2.18433079136,0
37185,2.23070548825,0
37186,1.80436125996,0
37187,1.76177219899,0
37188,2.07795275471,0
37189,2.05564065888,0
37190,1.74282659215,0
37191,1.76837109252,0
37192,1.5318199727,0
37193,1.55101728109,0
37194,1.80218463332,0
37195,1.80267473699,0
37196,1.62880159152,0
37197,1.71028176636,0
37198,1.33673044008,0
37199,1.62944633929,0
37200,1.29286136673,0
37201,1.35858366126,0
37202,1.57284465752,0
37203,1.37533187599,0
37204,1.19816644717,0
37205,1.04751652308,0
37206,1.32348037978,0
37207,0.95644890995,0
37208,1.02769678978,0
37209,1.0693842452,0
37210,1.21105019677,0
37211,0.955569197376,0
37212,1.04193302166,0
37213,0.822015299564,0
37214,0.71690514424,0
37215,0.992801635801,0
37216,0.744675070188,0
37217,0.530815881712,0
37218,0.535201667857,0
37219,0.701138843925,0
37220,0.813337446761,0
37221,0.446775984283,0
37222,0.545848653197,0
37223,0.31590513215,0
37224,0.283792534994,0
37225,0.633780372221,0
37226,0.570201688244,0
37227,0.610981793122,0
37228,0.539102743927,0
37229,0.503214211273,0
37230,0.312090346968,0
37231,0.194755254838,0
37232,0.185594045017,0
37233,0.400167912693,0
37234,0.0202650249538,0
37235,-0.000932538148106,0
37236,0.394000915592,0
37237,0.101930406049,0
37238,0.0459431723618,0
37239,-0.060624908216,0
37240,-0.0860904855106,0
37241,0.317526082742,0
37242,-0.0544722422346,0
37243,-0.0976748002855,0
37244,2.29296365686,1
37245,2.41915756323,1
37246,2.53153841839,1
37247,2.62849575075,1
37248,2.70864011523,1
37249,2.77082300462,1
37250,2.81415330828,1
37251,2.83801008217,1
37252,2.84205144727,1
37253,2.82621948888,1
37254,2.79074108656,1
37255,2.73612466284,1
37256,2.66315289727,1
37257,2.57287151028,1
37258,2.46657427746,1
37259,2.34578448916,1
37260,2.212233121,1
37261,2.06783402818,1
37262,1.91465651898,1
37263,1.75489570061,1
37264,1.59084102225,1
37265,1.42484346617,1
37266,1.25928185699,1
37267,1.09652877202,1
37268,0.93891654106,1
37269,0.788703823004,1
37270,0.648043238181,1
37271,0.518950520266,1
37272,0.403275629849,1
37273,0.302676243616,1
37274,0.218593999042,1
37275,0.152233835037,1
37276,0.104546724593,1
37277,0.0762160468855,1
37278,0.0676477941195,1
37279,0.0789647534686,1
37280,0.110004747475,1
37281,0.160322958131,1
37282,0.229198301332,1
37283,0.315643760363,1
37284,0.418420530316,1
37285,0.536055770761,1
37286,0.666863712257,1
37287,0.808969814237,1
37288,0.960337628071,1
37289,1.11879798036,1
37290,1.28208005821,1
37291,1.44784395111,1
37292,1.61371418292,1
37293,1.77731375364,1
37294,1.93629820292,1
37295,2.08838920732,1
37296,2.23140722975,1
37297,2.36330275334,1
37298,2.48218565195,1
37299,2.58635227659,1
37300,2.67430986954,1
37301,2.7447979563,1
37302,2.79680640877,1
37303,2.82958992085,1
37304,2.8426786891,1
37305,2.83588514518,1
37306,2.80930664384,1
37307,2.76332406776,1
37308,2.6985963693,1
37309,2.61605112746,1
37310,2.51687125516,1
37311,2.40247804755,1
37312,2.27451081419,1
37313,2.13480338694,1
37314,1.98535784026,1
37315,1.82831580056,1
37316,1.66592775561,1
37317,1.50052080401,1
37318,1.33446530675,1
37319,1.17014091879,1
37320,1.00990248746,1
37321,0.856046306356,1
37322,0.710777208387,1
37323,0.57617696943,1
37324,0.454174475497,1
37325,0.346518080865,1
37326,0.254750553327,1
37327,0.180186965587,1
37328,0.123895849635,1
37329,0.0866838841722,1
37330,0.0690843345201,1
37331,0.0713494106697,1
37332,0.0934466529932,1
37333,0.135059397405,1
37334,0.19559131331,1
37335,0.274174949309,1
37336,0.36968416419,1
37337,0.480750265075,1
37338,0.605781621445,1
37339,0.74298647397,1
37340,0.890398611277,1
37341,1.0459055467,1
37342,1.20727879125,1
37343,1.37220578889,1
37344,1.5383230566,1
37345,1.70325005424,1
37346,1.86462329878,1
37347,2.02013023421,1
37348,2.16754237152,1
37349,2.30474722404,1
37350,2.42977858041,1
37351,2.5408446813,1
37352,2.63635389618,1
37353,2.71493753218,1
37354,2.77546944808,1
37355,2.81708219249,1
37356,2.83917943482,1
37357,2.84144451097,1
37358,2.82384496131,1
37359,2.78663299585,1
37360,2.7303418799,1
37361,2.65577829216,1
37362,2.56401076462,1
37363,2.45635436999,1
37364,2.33435187606,1
37365,2.1997516371,1
37366,2.05448253913,1
37367,1.90062635803,1
37368,1.74038792669,1
37369,1.57606353873,1
37370,1.41000804148,1
37371,1.24460108988,1
37372,1.08221304493,1
37373,0.925171005224,1
37374,0.775725458549,1
37375,0.636018031297,1
37376,0.508050797938,1
37377,0.393657590328,1
37378,0.294477718024,1
37379,0.211932476183,1
37380,0.147204777731,1
37381,0.101222201645,1
37382,0.0746437003037,1
37383,0.0678501563851,1
37384,0.0809389246332,1
37385,0.113722436719,1
37386,0.165730889182,1
37387,0.236218975945,1
37388,0.324176568902,1
37389,0.428343193539,1
37390,0.547226092143,1
37391,0.679121615734,1
37392,0.822139638169,1
37393,0.974230642562,1
37394,1.13321509184,1
37395,1.29681466257,1
37396,1.46268489438,1
37397,1.62844878728,1
37398,1.79173086513,1
37399,1.95019121742,1
37400,2.02027366994,1
37401,2.16237977192,1
37402,2.29318771342,1
37403,2.41082295386,1
37404,2.51359972382,1
37405,2.60004518285,1
37406,2.66892052605,1
37407,2.71923873671,1
37408,2.75027873071,1
37409,2.76159569006,1
37410,2.75302743729,1
37411,2.72469675959,1
37412,2.67700964914,1
37413,2.61064948514,1
37414,2.52656724056,1
37415,2.42596785433,1
37416,2.31029296391,1
37417,2.181200246,1
37418,2.04053966118,1
37419,1.89032694312,1
37420,1.73271471216,1
37421,1.56996162719,1
37422,1.40440001801,1
37423,1.23840246193,1
37424,1.07434778357,1
37425,0.914586965199,1
37426,0.761409455999,1
37427,0.617010363177,1
37428,0.483458995021,1
37429,0.36266920672,1
37430,0.256371973898,1
37431,0.166090586908,1
37432,0.093118821345,1
37433,0.0385023976239,1
37434,0.00302399530354,1
37435,-0.012807963087,1
37436,-0.0087665979873,1
37437,0.0150901759016,1
37438,0.0584204795626,1
37439,0.120603368953,1
37440,0.20074773343,1
37441,0.297705065794,1
37442,0.41008592095,1
37443,0.536279827319,1
37444,0.104330975977,0
37445,0.124074954107,0
37446,0.0134746334313,0
37447,0.141611880906,0
37448,-0.0602146261246,0
37449,-0.198069203637,0
37450,-0.0688194579514,0
37451,0.183561214255,0
37452,-0.232534109815,0
37453,-0.0870548278662,0
37454,-0.204004104247,0
37455,0.0551766388732,0
37456,-0.206543051521,0
37457,0.184723776685,0
37458,0.0672024205155,0
37459,-0.0853400843551,0
37460,-0.162861621461,0
37461,0.154153804574,0
37462,0.271850737902,0
37463,0.283781927996,0
37464,0.259996926594,0
37465,0.234754154561,0
37466,0.0921534379169,0
37467,0.263335893233,0
37468,0.38613279232,0
37469,0.175403314675,0
37470,0.0762142495779,0
37471,0.393224954894,0
37472,0.418470119726,0
37473,0.418328882398,0
37474,0.263020240788,0
37475,0.197763327082,0
37476,0.417954090708,0
37477,0.444387585468,0
37478,0.572586363667,0
37479,0.436923483915,0
37480,0.365289750256,0
37481,0.393789679063,0
37482,0.803647407578,0
37483,0.86011558946,0
37484,0.514717208551,0
37485,0.964645203712,0
37486,0.905344968897,0
37487,1.04090908824,0
37488,0.998004992199,0
37489,1.12203601194,0
37490,1.14161913213,0
37491,0.796802356406,0
37492,1.01579563576,0
37493,1.10852356979,0
37494,0.945944104494,0
37495,1.06833961059,0
37496,1.01067528733,0
37497,1.36230422845,0
37498,1.49533802185,0
37499,1.36513022423,0
37500,1.24699844379,0
37501,1.47980805754,0
37502,1.50093569054,0
37503,1.38404240949,0
37504,1.38926554902,0
37505,1.74251997516,0
37506,1.85501646479,0
37507,1.57056393271,0
37508,1.94633845683,0
37509,1.57781189625,0
37510,2.03259504236,0
37511,1.78440794159,0
37512,1.91561953894,0
37513,1.81092321376,0
37514,1.99278987602,0
37515,2.11287608933,0
37516,2.21989072596,0
37517,1.9443107153,0
37518,2.31653136274,0
37519,2.0867504826,0
37520,2.10518240773,0
37521,2.08452561971,0
37522,2.35849122037,0
37523,2.16414430006,0
37524,2.19405046052,0
37525,2.21282020833,0
37526,2.27647353096,0
37527,2.3964806193,0
37528,2.66744079446,0
37529,2.52063610361,0
37530,2.39665288504,0
37531,2.73985002727,0
37532,2.7228491342,0
37533,2.41413254281,0
37534,2.71062383627,0
37535,2.84437590789,0
37536,2.84650126994,0
37537,2.54662597691,0
37538,2.89474469203,0
37539,2.54106185487,0
37540,2.87065387798,0
37541,2.93334893241,0
37542,2.76395476396,0
37543,2.78964956935,0
37544,2.56572627748,0
37545,2.65121495121,0
37546,2.97660667199,0
37547,2.91483055996,0
37548,2.83814411402,0
37549,2.57487533963,0
37550,2.59231495417,0
37551,2.83076334346,0
37552,2.96677476942,0
37553,2.89348536758,0
37554,2.75830764369,0
37555,2.72456159787,0
37556,2.79803451678,0
37557,2.76533330113,0
37558,2.68138623131,0
37559,2.50165065996,0
37560,2.74341570084,0
37561,2.47502513452,0
37562,2.64223983064,0
37563,2.44210146048,0
37564,2.74348245189,0
37565,2.4507729052,0
37566,2.6511066947,0
37567,2.44403976671,0
37568,2.44592974693,0
37569,2.65243592534,0
37570,2.28965490318,0
37571,2.39778963403,0
37572,2.23488634644,0
37573,2.53544755105,0
37574,2.24657615662,0
37575,2.13331321863,0
37576,2.39348842647,0
37577,2.4772703002,0
37578,2.18005209328,0
37579,2.37835736727,0
37580,2.17433285689,0
37581,2.32955953635,0
37582,2.25841577008,0
37583,1.84160462755,0
37584,2.13651280085,0
37585,2.18288749774,0
37586,1.75654326945,0
37587,1.71395420848,0
37588,2.0301347642,0
37589,2.00782266837,0
37590,1.69500860164,0
37591,1.72055310201,0
37592,1.48400198219,0
37593,1.50319929058,0
37594,1.75436664281,0
37595,1.75485674648,0
37596,1.58098360101,0
37597,1.66246377585,0
37598,1.28891244957,0
37599,1.58162834878,0
37600,1.01765576949,0
37601,1.08337806403,0
37602,1.29763906029,0
37603,1.10012627876,0
37604,0.922960849938,0
37605,0.772310925848,0
37606,1.04827478255,0
37607,0.681243312718,0
37608,0.75249119255,0
37609,0.794178647971,0
37610,0.935844599537,0
37611,0.680363600144,0
37612,0.766727424427,0
37613,0.546809702331,0
37614,0.441699547008,0
37615,0.717596038569,0
37616,0.469469472956,0
37617,0.25561028448,0
37618,0.259996070625,0
37619,0.425933246693,0
37620,0.538131849529,0
37621,0.171570387051,0
37622,0.270643055965,0
37623,0.040699534918,0
37624,0.00858693776162,0
37625,0.358574774989,0
37626,0.294996091012,0
37627,0.33577619589,0
37628,0.263897146695,0
37629,0.228008614041,0
37630,0.0368847497356,0
37631,-0.0804503423941,0
37632,-0.0896115522152,0
37633,0.124962315461,0
37634,-0.254940572278,0
37635,-0.27613813538,0
37636,0.11879531836,0
37637,-0.173275191183,0
37638,-0.22926242487,0
37639,-0.335830505448,0
37640,-0.361296082743,0
37641,0.0423204855104,0
37642,-0.329677839467,0
37643,-0.372880397518,0
37644,-0.0895892599484,0
37645,-0.0698452818182,0
37646,-0.180445602494,0
37647,-0.0523083550201,0
37648,-0.25413486205,0
37649,-0.391989439563,0
37650,-0.262739693877,0
37651,-0.0103590216703,0
37652,-0.426454345741,0
37653,-0.280975063792,0
37654,-0.397924340172,0
37655,-0.138743597052,0
37656,-0.400463287447,0
37657,-0.00919645924075,0
37658,-0.12671781541,0
37659,-0.279260320281,0
37660,-0.356781857386,0
37661,-0.0397664313521,0
37662,0.0779305019765,0
37663,0.0898616920707,0
37664,0.0660766906685,0
37665,0.0408339186352,0
37666,-0.101766798009,0
37667,0.0694156573073,0
37668,0.192212556394,0
37669,-0.018516921251,0
37670,-0.117705986348,0
37671,0.199304718968,0
37672,0.224549883801,0
37673,0.224408646472,0
37674,0.069100004862,0
37675,0.00384309115666,0
37676,0.224033854782,0
37677,0.250467349543,0
37678,0.378666127741,0
37679,0.243003247989,0
37680,0.171369514331,0
37681,0.199869443138,0
37682,0.609727171652,0
37683,0.666195353534,0
37684,0.320796972626,0
37685,0.770724967786,0
37686,0.711424732971,0
37687,0.846988852318,0
37688,0.804084756274,0
37689,0.928115776013,0
37690,0.9476988962,0
37691,0.60288212048,0
37692,0.821875399836,0
37693,0.914603333861,0
37694,0.752023868568,0
37695,0.874419374669,0
37696,0.816755051408,0
37697,1.16838399252,0
37698,1.30141778592,0
37699,1.17120998831,0
37700,1.05307820786,0
37701,1.28588782161,0
37702,1.30701545462,0
37703,1.19012217356,0
37704,1.19534531309,0
37705,1.54859973923,0
37706,1.66109622886,0
37707,1.37664369679,0
37708,1.7524182209,0
37709,1.38389166032,0
37710,1.83867480644,0
37711,1.59048770566,0
37712,1.72169930301,0
37713,1.61700297783,0
37714,1.79886964009,0
37715,1.91895585341,0
37716,2.02597049003,0
37717,1.75039047937,0
37718,2.12261112682,0
37719,1.89283024667,0
37720,1.91126217181,0
37721,1.89060538378,0
37722,2.16457098445,0
37723,1.97022406414,0
37724,2.0001302246,0
37725,2.0188999724,0
37726,2.08255329503,0
37727,2.20256038337,0
37728,2.47352055854,0
37729,2.32671586769,0
37730,2.20273264912,0
37731,2.54592979134,0
37732,2.52892889828,0
37733,2.22021230689,0
37734,2.51670360034,0
37735,2.65045567197,0
37736,2.65258103402,0
37737,2.35270574098,0
37738,2.70082445611,0
37739,2.34714161894,0
37740,2.67673364205,0
37741,2.73942869648,0
37742,2.57003452803,0
37743,2.59572933342,0
37744,2.37180604155,0
37745,2.45729471528,0
37746,2.78268643607,0
37747,2.72091032404,0
37748,2.64422387809,0
37749,2.3809551037,0
37750,2.39839471824,0
37751,2.63684310753,0
37752,2.77285453349,0
37753,2.69956513166,0
37754,2.56438740777,0
37755,2.53064136194,0
37756,2.60411428085,0
37757,2.5714130652,0
37758,2.48746599538,0
37759,2.30773042403,0
37760,2.54949546491,0
37761,2.28110489859,0
37762,2.44831959471,0
37763,2.24818122455,0
37764,2.54956221596,0
37765,2.25685266928,0
37766,2.45718645878,0
37767,2.25011953078,0
37768,2.252009511,0
37769,2.45851568941,0
37770,2.09573466726,0
37771,2.2038693981,0
37772,2.04096611052,0
37773,2.34152731512,0
37774,2.05265592069,0
37775,1.93939298271,0
37776,2.19956819054,0
37777,2.28335006428,0
37778,1.98613185735,0
37779,2.18443713134,0
37780,1.98041262097,0
37781,0.287654689125,1
37782,0.199342455834,1
37783,0.118556844057,1
37784,0.0459178523411,1
37785,-0.0180170429483,1
37786,-0.0727571660425,1
37787,-0.117882407519,1
37788,-0.153046448478,1
37789,-0.177979418409,1
37790,-0.192489966344,1
37791,-0.196466729399,1
37792,-0.189879187445,1
37793,-0.172777897337,1
37794,-0.145294104909,1
37795,-0.107638737713,1
37796,-0.0601007862317,1
37797,-0.0030450859871,1
37798,0.0630904824327,1
37799,0.137798353938,1
37800,0.103474643774,1
37801,0.193545669918,1
37802,0.290289641303,1
37803,0.392964085102,1
37804,0.500781014387,1
37805,0.612912975633,1
37806,0.728499399097,1
37807,0.846653203368,1
37808,0.966467603374,1
37809,1.0870230696,1
37810,1.20739438516,1
37811,1.32665774641,1
37812,1.44389785286,1
37813,1.55821493172,1
37814,1.6687316433,1
37815,1.7745998143,1
37816,1.87500694715,1
37817,1.96918245567,1
37818,2.05640357899,1
37819,2.13600092849,1
37820,2.20736362508,1
37821,2.26994398748,1
37822,2.32326173542,1
37823,2.36690767567,1
37824,2.4005468424,1
37825,2.42392106793,1
37826,2.43685096404,1
37827,2.43923729876,1
37828,2.43106175787,1
37829,2.41238708552,1
37830,2.38335660265,1
37831,2.34419310706,1
37832,2.29519716354,1
37833,2.23674479714,1
37834,2.16928460733,1
37835,2.09333432516,1
37836,2.00947683987,1
37837,1.91835572546,1
37838,1.82067030149,1
37839,1.71717026608,1
37840,1.60864994225,1
37841,1.49594218181,1
37842,1.37991197354,1
37843,1.26144980473,1
37844,1.14146482703,1
37845,1.02087787907,1
37846,0.900614419371,1
37847,0.781597423791,1
37848,0.664740302069,1
37849,0.55093988774,1
37850,0.441069555279,1
37851,0.335972517296,1
37852,0.236455353196,1
37853,0.143281818997,1
37854,0.0571669857928,1
37855,-0.0212282481432,1
37856,-0.0913022294961,1
37857,-0.152517167369,1
37858,-0.204403260623,1
37859,-0.246562303418,1
37860,-0.27867074129,1
37861,-0.300482154309,1
37862,-0.311829148256,1
37863,-0.312624639311,1
37864,-0.302862522386,1
37865,-0.282617717978,1
37866,-0.252045597187,1
37867,-0.211380789299,1
37868,-0.160935381099,1
37869,-0.101096521722,1
37870,-0.0323234514337,1
37871,0.0448560228619,1
37872,0.129849578339,1
37873,0.222004922099,1
37874,0.320614797269,1
37875,0.424922410926,1
37876,0.534127242192,1
37877,0.647391185926,1
37878,0.763844984855,1
37879,0.882594900794,1
37880,1.00272957374,1
37881,1.12332701622,1
37882,1.24346168917,1
37883,1.36221160511,1
37884,1.47866540404,1
37885,1.59192934777,1
37886,1.70113417903,1
37887,1.80544179269,1
37888,1.90405166786,1
37889,1.99620701162,1
37890,2.0812005671,1
37891,2.15838004139,1
37892,2.22715311168,1
37893,2.28699197106,1
37894,2.33743737926,1
37895,2.37810218715,1
37896,2.40867430794,1
37897,2.42891911235,1
37898,2.43868122927,1
37899,2.43788573822,1
37900,2.42653874427,1
37901,2.40472733125,1
37902,2.37261889338,1
37903,2.33045985058,1
37904,2.27857375733,1
37905,2.21735881946,1
37906,2.1472848381,1
37907,2.06888960417,1
37908,1.98277477096,1
37909,1.88960123676,1
37910,1.79008407267,1
37911,1.68498703468,1
37912,1.57511670222,1
37913,1.46131628789,1
37914,1.34445916617,1
37915,1.22544217059,1
37916,1.10517871089,1
37917,0.984591762927,1
37918,0.86460678523,1
37919,0.74614461642,1
37920,0.630114408151,1
37921,0.517406647712,1
37922,0.408886323882,1
37923,0.305386288471,1
37924,0.207700864503,1
37925,0.116579750095,1
37926,0.032722264805,1
37927,-0.04322801737,1
37928,-0.110688207182,1
37929,-0.16914057358,1
37930,-0.2181365171,1
37931,-0.25730001269,1
37932,-0.286330495564,1
37933,-0.305005167912,1
37934,-0.313180708796,1
37935,-0.310794374079,1
37936,-0.297864477965,1
37937,-0.274490252439,1
37938,-0.240851085708,1
37939,-0.197205145456,1
37940,-0.143887397515,1
37941,-0.0813070351237,1
37942,-0.00994433853126,1
37943,0.0696530109713,1
37944,0.156874134294,1
37945,0.251049642812,1
37946,0.351456775661,1
37947,0.457324946658,1
37948,0.567841658246,1
37949,0.682158737105,1
37950,0.799398843556,1
37951,0.918662204805,1
37952,1.03903352036,1
37953,1.15958898659,1
37954,1.27940338659,1
37955,1.39755719086,1
37956,1.51314361433,1
37957,1.62527557557,1
37958,1.73309250486,1
37959,1.83576694866,1
37960,1.93251092004,1
37961,2.02258194619,1
37962,2.10528876655,1
37963,2.17999663806,1
37964,2.24613220648,1
37965,2.30318790672,1
37966,2.3507258582,1
37967,2.3883812254,1
37968,2.41586501783,1
37969,2.43296630794,1
37970,2.43955384989,1
37971,2.43557708684,1
37972,2.4210665389,1
37973,2.39613356897,1
37974,2.36096952801,1
37975,2.31584428653,1
37976,2.26110416344,1
37977,2.19716926815,1
37978,2.12453027643,1
37979,2.04374466466,1
37980,1.95543243137,1
37981,2.01860876989,0
37982,1.94746500362,0
37983,1.53065386109,0
37984,1.8255620344,0
37985,1.87193673129,0
37986,1.445592503,0
37987,1.40300344203,0
37988,1.71918399774,0
37989,1.69687190192,0
37990,1.38405783518,0
37991,1.40960233555,0
37992,1.17305121573,0
37993,1.19224852412,0
37994,1.44341587636,0
37995,1.44390598003,0
37996,1.27003283455,0
37997,1.35151300939,0
37998,0.977961683109,0
37999,1.27067758232,0
38000,1.01957995699,0
38001,1.08530225153,0
38002,1.29956324779,0
38003,1.10205046625,0
38004,0.924885037433,0
38005,0.774235113343,0
38006,1.05019897005,0
38007,0.683167500213,0
38008,0.754415380045,0
38009,0.796102835466,0
38010,0.937768787032,0
38011,0.682287787639,0
38012,0.768651611922,0
38013,0.548733889826,0
38014,0.443623734503,0
38015,0.719520226064,0
38016,0.471393660451,0
38017,0.257534471975,0
38018,0.26192025812,0
38019,0.427857434188,0
38020,0.540056037024,0
38021,0.173494574546,0
38022,0.27256724346,0
38023,0.042623722413,0
38024,0.0105111252566,0
38025,0.360498962484,0
38026,0.296920278507,0
38027,0.337700383385,0
38028,0.26582133419,0
38029,0.229932801536,0
38030,0.0388089372306,0
38031,-0.0785261548991,0
38032,-0.0876873647202,0
38033,0.126886502956,0
38034,-0.253016384783,0
38035,-0.274213947885,0
38036,0.120719505855,0
38037,-0.171351003688,0
38038,-0.227338237375,0
38039,-0.333906317953,0
38040,-0.359371895248,0
38041,0.0442446730054,0
38042,-0.327753651972,0
38043,-0.370956210023,0
38044,-0.0876650724534,0
38045,-0.0679210943232,0
38046,-0.178521414999,0
38047,-0.0503841675251,0
38048,-0.252210674555,0
38049,-0.390065252068,0
38050,-0.260815506382,0
38051,-0.00843483417529,0
38052,-0.424530158246,0
38053,-0.279050876297,0
38054,-0.396000152677,0
38055,-0.136819409557,0
38056,-0.398539099952,0
38057,-0.00727227174574,0
38058,-0.124793627915,0
38059,-0.277336132786,0
38060,-0.354857669891,0
38061,-0.0378422438571,0
38062,0.0798546894715,0
38063,0.0917858795657,0
38064,0.0680008781635,0
38065,0.0427581061302,0
38066,-0.0998426105137,0
38067,0.0713398448023,0
38068,0.194136743889,0
38069,-0.016592733756,0
38070,-0.115781798853,0
38071,0.201228906463,0
38072,0.226474071296,0
38073,0.226332833967,0
38074,0.071024192357,0
38075,0.00576727865166,0
38076,0.225958042277,0
38077,0.252391537038,0
38078,0.380590315236,0
38079,0.244927435484,0
38080,0.173293701826,0
38081,0.201793630633,0
38082,0.611651359147,0
38083,0.668119541029,0
38084,0.322721160121,0
38085,0.772649155281,0
38086,0.713348920466,0
38087,0.848913039813,0
38088,0.806008943769,0
38089,0.930039963508,0
38090,0.949623083695,0
38091,0.604806307975,0
38092,0.823799587331,0
38093,0.916527521356,0
38094,0.753948056063,0
38095,0.876343562164,0
38096,0.818679238903,0
38097,1.17030818002,0
38098,1.30334197342,0
38099,1.1731341758,0
38100,1.05500239536,0
38101,1.28781200911,0
38102,1.30893964211,0
38103,1.19204636106,0
38104,1.19726950059,0
38105,1.55052392673,0
38106,1.66302041636,0
38107,1.37856788428,0
38108,1.7543424084,0
38109,1.38581584782,0
38110,1.84059899393,0
38111,1.59241189316,0
38112,1.72362349051,0
38113,1.61892716533,0
38114,1.80079382758,0
38115,1.9208800409,0
38116,2.02789467753,0
38117,1.75231466687,0
38118,2.12453531431,0
38119,1.89475443417,0
38120,1.9131863593,0
38121,1.89252957127,0
38122,2.16649517194,0
38123,1.97214825163,0
38124,2.00205441209,0
38125,2.0208241599,0
38126,2.08447748253,0
38127,2.20448457086,0
38128,2.47544474603,0
38129,2.32864005518,0
38130,2.20465683661,0
38131,2.54785397884,0
38132,2.53085308577,0
38133,2.22213649438,0
38134,2.51862778784,0
38135,2.65237985946,0
38136,2.65450522151,0
38137,2.35462992848,0
38138,2.7027486436,0
38139,2.34906580644,0
38140,2.67865782955,0
38141,2.74135288398,0
38142,2.57195871553,0
38143,2.59765352092,0
38144,2.37373022905,0
38145,2.45921890278,0
38146,2.78461062356,0
38147,2.72283451153,0
38148,2.64614806559,0
38149,2.3828792912,0
38150,2.40031890574,0
38151,2.63876729503,0
38152,2.77477872099,0
38153,2.70148931915,0
38154,2.56631159526,0
38155,2.53256554944,0
38156,2.60603846835,0
38157,2.57333725269,0
38158,2.48939018288,0
38159,2.30965461153,0
38160,2.55141965241,0
38161,2.28302908609,0
38162,2.45024378221,0
38163,2.25010541205,0
38164,2.55148640346,0
38165,2.25877685677,0
38166,2.45911064627,0
38167,2.25204371828,0
38168,2.2539336985,0
38169,2.46043987691,0
38170,2.09765885475,0
38171,2.2057935856,0
38172,2.04289029801,0
38173,2.34345150262,0
38174,2.05458010819,0
38175,1.9413171702,0
38176,2.20149237804,0
38177,2.28527425177,0
38178,1.98805604485,0
38179,2.18636131884,0
38180,1.98233680846,0
38181,2.13756348792,0
38182,2.06641972165,0
38183,1.64960857912,0
38184,1.94451675242,0
38185,1.99089144931,0
38186,1.56454722102,0
38187,1.52195816005,0
38188,1.83813871576,0
38189,1.81582661994,0
38190,1.50301255321,0
38191,1.52855705358,0
38192,1.29200593376,0
38193,1.31120324215,0
38194,1.56237059438,0
38195,1.56286069805,0
38196,1.38898755258,0
38197,1.47046772742,0
38198,1.09691640114,0
38199,1.38963230035,0
38200,1.13863749419,0
38201,1.20435978873,0
38202,1.41862078499,0
38203,1.22110800346,0
38204,1.04394257464,0
38205,0.893292650548,0
38206,1.16925650725,0
38207,0.802225037418,0
38208,0.87347291725,0
38209,0.915160372671,0
38210,1.05682632424,0
38211,0.801345324844,0
38212,0.887709149127,0
38213,0.667791427031,0
38214,2.65337775736,1
38215,2.59518947093,1
38216,2.52216109235,1
38217,2.43513004291,1
38218,2.33509431349,1
38219,2.22320102046,1
38220,2.10073325171,1
38221,1.96909535331,1
38222,1.82979682584,1
38223,1.68443501483,1
38224,1.53467679388,1
38225,1.38223945051,1
38226,1.22887099392,1
38227,1.07633011046,1
38228,0.926365996627,1
38229,0.780698300935,1
38230,0.640997404584,1
38231,0.508865267087,1
38232,0.385817056495,1
38233,0.273263774861,1
38234,0.172496078185,1
38235,0.0846694763794,1
38236,0.0107910829547,1
38237,-0.0482919336149,1
38238,-0.0919020644305,1
38239,-0.119539229208,1
38240,-0.130886510732,1
38241,-0.125813788967,1
38242,-0.104379233153,1
38243,-0.0668286347736,1
38244,-0.0135925890491,1
38245,0.0547184427267,1
38246,0.137321133388,1
38247,0.233268272361,1
38248,0.341459627393,1
38249,0.460654560986,1
38250,0.589486256871,1
38251,0.726477393384,1
38252,0.870057084008,1
38253,1.01857889084,1
38254,1.17033970439,1
38255,1.32359927327,1
38256,1.47660015977,1
38257,1.6275878925,1
38258,1.77483108503,1
38259,1.91664128984,1
38260,2.05139235984,1
38261,2.17753909549,1
38262,2.29363496376,1
38263,2.39834868557,1
38264,2.49047950166,1
38265,2.56897094182,1
38266,2.63292293946,1
38267,2.68160215274,1
38268,2.71445037388,1
38269,2.73109093013,1
38270,2.73133300311,1
38271,2.71517381697,1
38272,2.68279867016,1
38273,2.63457881066,1
38274,2.57106717883,1
38275,2.49299206678,1
38276,2.40124876705,1
38277,2.29688930617,1
38278,2.18111038107,1
38279,2.05523963642,1
38280,1.92072044044,1
38281,1.77909533376,1
38282,1.63198834093,1
38283,1.48108634768,1
38284,1.32811975723,1
38285,1.1748426477,1
38286,1.02301265796,1
38287,0.874370832633,1
38288,0.730621657469,1
38289,0.593413513863,1
38290,0.464319776766,1
38291,0.344820772688,1
38292,0.236286804693,1
38293,0.139962439045,1
38294,0.0569522336797,1
38295,-0.0117919278299,1
38296,-0.0654817515907,1
38297,-0.103501572806,1
38298,-0.125415415646,1
38299,-0.13097199261,1
38300,-0.120107586058,1
38301,-0.0929467788674,1
38302,-0.0498010258283,1
38303,0.0088349178261,1
38304,0.0822886698119,1
38305,0.169717931047,1
38306,0.27012014435,1
38307,0.382343990834,1
38308,0.505102592151,1
38309,0.636988267217,1
38310,0.776488674184,1
38311,0.922004152564,1
38312,1.07186606664,1
38313,1.22435593984,1
38314,1.37772516058,1
38315,1.53021503378,1
38316,1.68007694786,1
38317,1.82559242624,1
38318,1.96509283321,1
38319,2.09697850827,1
38320,2.21973710959,1
38321,2.33196095607,1
38322,2.43236316938,1
38323,2.51979243061,1
38324,2.5932461826,1
38325,2.65188212625,1
38326,2.69502787929,1
38327,2.72218868648,1
38328,2.73305309303,1
38329,2.72749651607,1
38330,2.70558267323,1
38331,2.66756285201,1
38332,2.61387302825,1
38333,2.54512886674,1
38334,2.46211866138,1
38335,2.36579429573,1
38336,2.25726032773,1
38337,2.13776132366,1
38338,2.00866758656,1
38339,1.87145944295,1
38340,1.72771026779,1
38341,1.57906844246,1
38342,1.42723845272,1
38343,1.2739613432,1
38344,1.12099475275,1
38345,0.97009275949,1
38346,0.822985766662,1
38347,0.68136065998,1
38348,0.546841464007,1
38349,0.42097071935,1
38350,0.30519179425,1
38351,0.200832333377,1
38352,0.109089033642,1
38353,0.0310139215933,1
38354,-0.0324977102423,1
38355,-0.0807175697385,1
38356,-0.113092716545,1
38357,-0.129251902689,1
38358,-0.129009829704,1
38359,-0.112369273457,1
38360,-0.0795210523184,1
38361,-0.0308418390349,1
38362,0.0331101586021,1
38363,0.111601598762,1
38364,0.203732414857,1
38365,0.308446136662,1
38366,0.424542004931,1
38367,0.550688740587,1
38368,0.685439810582,1
38369,0.827250015392,1
38370,0.974493207924,1
38371,1.12548094065,1
38372,1.27848182715,1
38373,1.43174139603,1
38374,1.58350220958,1
38375,1.73202401641,1
38376,1.87560370704,1
38377,2.01259484355,1
38378,2.14142653944,1
38379,2.26062147303,1
38380,2.36881282806,1
38381,2.46475996703,1
38382,2.5473626577,1
38383,2.61567368947,1
38384,2.6689097352,1
38385,2.70646033358,1
38386,2.72789488939,1
38387,2.73296761115,1
38388,2.72162032963,1
38389,2.69398316485,1
38390,2.65037303404,1
38391,2.59129001747,1
38392,2.51741162404,1
38393,2.42958502224,1
38394,2.32881732556,1
38395,2.21626404393,1
38396,2.09321583334,1
38397,1.96108369584,1
38398,1.82138279949,1
38399,1.6757151038,1
38400,1.32387777213,1
38401,1.17133688867,1
38402,1.01796843208,1
38403,0.865531088714,1
38404,0.715772867761,1
38405,0.570411056752,1
38406,0.431112529286,1
38407,0.299474630888,1
38408,0.177006862132,1
38409,0.0651135691078,1
38410,-0.0349221603181,1
38411,-0.121953209752,1
38412,-0.194981588334,1
38413,-0.253169874767,1
38414,0.36080805388,0
38415,0.636704545441,0
38416,0.388577979828,0
38417,0.174718791352,0
38418,0.179104577497,0
38419,0.345041753564,0
38420,0.457240356401,0
38421,0.0906788939229,0
38422,0.189751562837,0
38423,-0.0401919582102,0
38424,-0.0723045553666,0
38425,0.277683281861,0
38426,0.214104597883,0
38427,0.254884702761,0
38428,0.183005653567,0
38429,0.147117120913,0
38430,-0.0440067433927,0
38431,-0.161341835522,0
38432,-0.170503045343,0
38433,0.0440708223328,0
38434,-0.335832065406,0
38435,-0.357029628508,0
38436,0.0379038252316,0
38437,-0.254166684311,0
38438,-0.310153917999,0
38439,-0.416721998576,0
38440,-0.442187575871,0
38441,-0.0385710076178,0
38442,-0.410569332595,0
38443,-0.453771890646,0
38444,-0.170480753077,0
38445,-0.150736774946,0
38446,-0.261337095623,0
38447,-0.133199848148,0
38448,-0.335026355178,0
38449,-0.472880932691,0
38450,-0.343631187005,0
38451,-0.0912505147985,0
38452,-0.507345838869,0
38453,-0.36186655692,0
38454,-0.4788158333,0
38455,-0.219635090181,0
38456,-0.481354780575,0
38457,-0.090087952369,0
38458,-0.207609308538,0
38459,-0.360151813409,0
38460,-0.437673350515,0
38461,-0.12065792448,0
38462,-0.00296099115171,0
38463,0.00897019894251,0
38464,-0.0148148024598,0
38465,-0.040057574493,0
38466,-0.182658291137,0
38467,-0.011475835821,0
38468,0.111321063266,0
38469,-0.0994084143792,0
38470,-0.198597479476,0
38471,0.11841322584,0
38472,0.143658390672,0
38473,0.143517153344,0
38474,-0.0117914882662,0
38475,-0.0770484019716,0
38476,0.143142361654,0
38477,0.169575856415,0
38478,0.297774634613,0
38479,0.162111754861,0
38480,0.0904780212026,0
38481,0.118977950009,0
38482,0.528835678524,0
38483,0.585303860406,0
38484,0.239905479498,0
38485,0.689833474658,0
38486,0.630533239843,0
38487,0.76609735919,0
38488,0.723193263145,0
38489,0.847224282885,0
38490,0.866807403072,0
38491,0.521990627352,0
38492,0.740983906708,0
38493,0.833711840733,0
38494,0.67113237544,0
38495,0.793527881541,0
38496,0.73586355828,0
38497,1.0874924994,0
38498,1.22052629279,0
38499,1.09031849518,0
38500,0.972186714737,0
38501,1.20499632848,0
38502,1.22612396149,0
38503,1.10923068043,0
38504,1.11445381996,0
38505,1.4677082461,0
38506,1.58020473574,0
38507,1.29575220366,0
38508,1.67152672777,0
38509,1.3030001672,0
38510,1.75778331331,0
38511,1.50959621254,0
38512,1.64080780989,0
38513,1.5361114847,0
38514,1.71797814696,0
38515,1.83806436028,0
38516,1.9450789969,0
38517,1.66949898624,0
38518,2.04171963369,0
38519,1.81193875354,0
38520,1.83037067868,0
38521,1.80971389065,0
38522,2.08367949132,0
38523,1.88933257101,0
38524,1.91923873147,0
38525,1.93800847927,0
38526,2.0016618019,0
38527,2.12166889024,0
38528,2.39262906541,0
38529,2.24582437456,0
38530,2.12184115599,0
38531,2.46503829821,0
38532,2.44803740515,0
38533,2.13932081376,0
38534,2.43581210721,0
38535,2.56956417884,0
38536,2.57168954089,0
38537,2.27181424786,0
38538,2.61993296298,0
38539,2.26625012582,0
38540,2.59584214892,0
38541,2.65853720335,0
38542,2.4891430349,0
38543,2.51483784029,0
38544,2.29091454842,0
38545,2.37640322216,0
38546,2.70179494294,0
38547,2.64001883091,0
38548,2.56333238496,0
38549,2.30006361057,0
38550,2.31750322511,0
38551,2.5559516144,0
38552,2.69196304036,0
38553,2.61867363853,0
38554,2.48349591464,0
38555,2.44974986881,0
38556,2.52322278772,0
38557,2.49052157207,0
38558,2.40657450226,0
38559,2.2268389309,0
38560,2.46860397179,0
38561,2.20021340546,0
38562,2.36742810158,0
38563,2.16728973143,0
38564,2.46867072283,0
38565,2.17596117615,0
38566,2.37629496565,0
38567,2.16922803766,0
38568,2.17111801787,0
38569,2.37762419628,0
38570,2.01484317413,0
38571,2.12297790497,0
38572,1.96007461739,0
38573,2.26063582199,0
38574,1.97176442757,0
38575,1.85850148958,0
38576,2.11867669741,0
38577,2.20245857115,0
38578,1.90524036423,0
38579,2.10354563822,0
38580,1.89952112784,0
38581,2.0547478073,0
38582,1.98360404103,0
38583,1.56679289849,0
38584,1.8617010718,0
38585,1.90807576869,0
38586,1.4817315404,0
38587,1.43914247943,0
38588,1.75532303514,0
38589,1.73301093932,0
38590,1.42019687259,0
38591,1.44574137296,0
38592,1.20919025313,0
38593,1.22838756153,0
38594,1.47955491376,0
38595,1.48004501743,0
38596,1.30617187195,0
38597,1.3876520468,0
38598,1.01410072051,0
38599,1.30681661972,0
38600,0.815572017157,0
38601,0.881294311693,0
38602,1.09555530795,0
38603,0.898042526419,0
38604,0.720877097601,0
38605,0.57022717351,0
38606,0.846191030213,0
38607,0.47915956038,0
38608,0.550407440212,0
38609,0.592094895634,0
38610,0.733760847199,0
38611,0.478279847806,0
38612,0.564643672089,0
38613,0.344725949994,0
38614,0.23961579467,0
38615,0.515512286231,0
38616,0.267385720618,0
38617,0.0535265321425,0
38618,0.057912318287,0
38619,0.223849494355,0
38620,0.336048097191,0
38621,-0.0305133652867,0
38622,0.0685593036274,0
38623,-0.16138421742,0
38624,-0.193496814576,0
38625,0.156491022651,0
38626,0.0929123386738,0
38627,0.133692443552,0
38628,0.0618133943574,0
38629,0.0259248617033,0
38630,-0.165199002602,0
38631,-0.282534094732,0
38632,-0.291695304553,0
38633,-0.0771214368768,0
38634,-0.457024324616,0
38635,-0.478221887718,0
38636,-0.083288433978,0
38637,-0.37535894352,0
38638,-0.431346177208,0
38639,-0.537914257786,0
38640,-0.56337983508,0
38641,-0.159763266827,0
38642,-0.531761591804,0
38643,-0.574964149855,0
38644,-0.291673012286,0
38645,-0.271929034156,0
38646,-0.382529354832,0
38647,-0.254392107358,0
38648,-0.456218614388,0
38649,-0.594073191901,0
38650,-0.464823446215,0
38651,-0.212442774008,0
38652,-0.628538098079,0
38653,-0.48305881613,0
38654,-0.60000809251,0
38655,-0.34082734939,0
38656,-0.602547039784,0
38657,-0.211280211579,0
38658,-0.328801567748,0
38659,-0.481344072618,0
38660,-0.558865609724,0
38661,-0.24185018369,0
38662,-0.124153250361,0
38663,-0.112222060267,0
38664,-0.136007061669,0
38665,-0.161249833703,0
38666,-0.303850550347,0
38667,-0.132668095031,0
38668,-0.00987119594365,0
38669,-0.220600673589,0
38670,-0.319789738686,0
38671,-0.00277903336934,0
38672,0.0224661314629,0
38673,0.0223248941344,0
38674,-0.132983747476,0
38675,-0.198240661181,0
38676,0.0219501024445,0
38677,0.048383597205,0
38678,0.176582375403,0
38679,0.0409194956514,0
38680,-0.030714238007,0
38681,-0.00221430920032,0
38682,0.407643419314,0
38683,0.464111601197,0
38684,0.118713220288,0
38685,0.568641215448,0
38686,0.509340980634,0
38687,0.64490509998,0
38688,0.602001003936,0
38689,0.726032023676,0
38690,0.745615143862,0
38691,0.400798368143,0
38692,0.619791647498,0
38693,0.712519581523,0
38694,0.54994011623,0
38695,0.672335622331,0
38696,0.61467129907,0
38697,0.966300240187,0
38698,1.09933403358,0
38699,0.969126235971,0
38700,0.850994455527,0
38701,1.08380406927,0
38702,1.10493170228,0
38703,0.988038421223,0
38704,0.993261560755,0
38705,1.34651598689,0
38706,1.45901247653,0
38707,1.17455994445,0
38708,1.55033446856,0
38709,1.18180790799,0
38710,1.6365910541,0
38711,1.38840395333,0
38712,1.51961555068,0
38713,1.4149192255,0
38714,1.59678588775,0
38715,1.71687210107,0
38716,1.82388673769,0
38717,1.54830672703,0
38718,1.92052737448,0
38719,1.69074649433,0
38720,1.70917841947,0
38721,1.68852163144,0
38722,1.96248723211,0
38723,1.7681403118,0
38724,1.79804647226,0
38725,1.81681622006,0
38726,1.88046954269,0
38727,2.00047663103,0
38728,2.2714368062,0
38729,2.12463211535,0
38730,2.00064889678,0
38731,2.343846039,0
38732,2.32684514594,0
38733,2.01812855455,0
38734,2.314619848,0
38735,2.44837191963,0
38736,2.45049728168,0
38737,2.15062198865,0
38738,2.49874070377,0
38739,2.14505786661,0
38740,2.47464988971,0
38741,2.53734494414,0
38742,2.3679507757,0
38743,2.39364558108,0
38744,2.16972228921,0
38745,2.25521096295,0
38746,2.58060268373,0
38747,2.5188265717,0
38748,2.44214012575,0
38749,2.17887135136,0
38750,2.1963109659,0
38751,2.4347593552,0
38752,2.57077078115,0
38753,2.49748137932,0
38754,2.36230365543,0
38755,2.3285576096,0
38756,2.40203052851,0
38757,2.36932931286,0
38758,2.28538224305,0
38759,2.10564667169,0
38760,2.34741171258,0
38761,2.07902114625,0
38762,2.24623584238,0
38763,2.04609747222,0
38764,2.34747846362,0
38765,2.05476891694,0
38766,2.25510270644,0
38767,2.04803577845,0
38768,2.04992575867,0
38769,2.25643193708,0
38770,1.89365091492,0
38771,2.00178564576,0
38772,1.83888235818,0
38773,2.13944356278,0
38774,1.85057216836,0
38775,1.73730923037,0
38776,1.9974844382,0
38777,2.08126631194,0
38778,1.78404810502,0
38779,1.98235337901,0
38780,1.77832886863,0
38781,1.93355554809,0
38782,1.86241178182,0
38783,1.44560063928,0
38784,1.74050881259,0
38785,1.78688350948,0
38786,1.36053928119,0
38787,1.31795022022,0
38788,1.63413077593,0
38789,1.61181868011,0
38790,1.29900461338,0
38791,1.32454911375,0
38792,1.08799799392,0
38793,1.10719530232,0
38794,1.35836265455,0
38795,1.35885275822,0
38796,1.18497961274,0
38797,1.26645978759,0
38798,0.892908461302,0
38799,1.18562436051,0
38800,0.751837182505,0
38801,0.817559477041,0
38802,1.0318204733,0
38803,0.834307691767,0
38804,0.657142262949,0
38805,0.506492338858,0
38806,0.78245619556,0
38807,0.415424725728,0
38808,0.48667260556,0
38809,0.528360060981,0
38810,0.670026012547,0
38811,0.414545013154,0
38812,0.500908837437,0
38813,0.280991115342,0
38814,0.175880960018,0
38815,0.451777451579,0
38816,0.203650885966,0
38817,-0.0102083025097,0
38818,-0.00582251636513,0
38819,0.160114659703,0
38820,0.272313262539,0
38821,-0.0942481999389,0
38822,0.00482446897522,0
38823,-0.225119052072,0
38824,-0.257231649228,0
38825,0.0927561879993,0
38826,0.0291775040217,0
38827,0.0699576088996,0
38828,-0.00192144029471,0
38829,-0.0378099729488,0
38830,-0.228933837254,0
38831,-0.346268929384,0
38832,-0.355430139205,0
38833,-0.140856271529,0
38834,-0.520759159268,0
38835,-0.54195672237,0
38836,-0.14702326863,0
38837,-0.439093778173,0
38838,-0.49508101186,0
38839,-0.601649092438,0
38840,-0.627114669733,0
38841,-0.22349810148,0
38842,-0.595496426457,0
38843,-0.638698984507,0
38844,-0.355407846938,0
38845,-0.335663868808,0
38846,-0.446264189484,0
38847,-0.31812694201,0
38848,-0.51995344904,0
38849,-0.657808026553,0
38850,-0.528558280867,0
38851,-0.27617760866,0
38852,-0.692272932731,0
38853,-0.546793650782,0
38854,-0.663742927162,0
38855,-0.404562184042,0
38856,-0.666281874437,0
38857,-0.275015046231,0
38858,-0.3925364024,0
38859,-0.545078907271,0
38860,-0.622600444376,0
38861,-0.305585018342,0
38862,-0.187888085013,0
38863,-0.175956894919,0
38864,-0.199741896321,0
38865,-0.224984668355,0
38866,-0.367585384999,0
38867,-0.196402929683,0
38868,-0.0736060305958,0
38869,-0.284335508241,0
38870,-0.383524573338,0
38871,-0.0665138680215,0
38872,-0.0412687031892,0
38873,-0.0414099405177,0
38874,-0.196718582128,0
38875,-0.261975495833,0
38876,-0.0417847322076,0
38877,-0.0153512374471,0
38878,0.112847540751,0
38879,-0.0228153390007,0
38880,-0.0944490726591,0
38881,-0.0659491438525,0
38882,0.343908584662,0
38883,0.400376766544,0
38884,0.0549783856358,0
38885,0.504906380796,0
38886,0.445606145981,0
38887,0.581170265328,0
38888,0.538266169284,0
38889,0.662297189024,0
38890,0.68188030921,0
38891,0.33706353349,0
38892,0.556056812846,0
38893,0.648784746871,0
38894,0.486205281578,0
38895,0.608600787679,0
38896,0.550936464418,0
38897,0.902565405535,0
38898,1.03559919893,0
38899,0.905391401318,0
38900,0.787259620875,0
38901,1.02006923462,0
38902,1.04119686763,0
38903,0.924303586571,0
38904,0.929526726103,0
38905,1.28278115224,0
38906,1.39527764187,0
38907,1.1108251098,0
38908,1.48659963391,0
38909,1.11807307333,0
38910,1.57285621945,0
38911,1.32466911867,0
38912,1.45588071602,0
38913,1.35118439084,0
38914,1.5330510531,0
38915,1.65313726642,0
38916,1.76015190304,0
38917,1.48457189238,0
38918,1.85679253983,0
38919,1.62701165968,0
38920,1.64544358482,0
38921,1.62478679679,0
38922,1.89875239746,0
38923,1.70440547715,0
38924,1.73431163761,0
38925,1.75308138541,0
38926,1.81673470804,0
38927,1.93674179638,0
38928,2.20770197155,0
38929,2.0608972807,0
38930,1.93691406213,0
38931,2.28011120435,0
38932,2.26311031129,0
38933,1.9543937199,0
38934,2.25088501335,0
38935,2.38463708498,0
38936,2.38676244703,0
38937,2.08688715399,0
38938,2.43500586912,0
38939,2.08132303195,0
38940,2.41091505506,0
38941,2.47361010949,0
38942,2.30421594104,0
38943,2.32991074643,0
38944,2.10598745456,0
38945,2.1914761283,0
38946,2.51686784908,0
38947,2.45509173705,0
38948,2.3784052911,0
38949,2.11513651671,0
38950,2.13257613125,0
38951,2.37102452054,0
38952,2.5070359465,0
38953,2.43374654467,0
38954,2.29856882078,0
38955,2.26482277495,0
38956,2.33829569386,0
38957,2.30559447821,0
38958,2.22164740839,0
38959,2.04191183704,0
38960,2.28367687792,0
38961,2.0152863116,0
38962,2.18250100772,0
38963,1.98236263756,0
38964,2.28374362897,0
38965,1.99103408229,0
38966,2.19136787179,0
38967,1.98430094379,0
38968,1.98619092401,0
38969,2.19269710242,0
38970,1.82991608027,0
38971,1.93805081111,0
38972,1.77514752353,0
38973,2.07570872813,0
38974,1.7868373337,0
38975,1.67357439572,0
38976,1.93374960355,0
38977,2.01753147729,0
38978,1.72031327037,0
38979,1.91861854435,0
38980,1.71459403398,0
38981,1.86982071343,0
38982,1.79867694717,0
38983,1.38186580463,0
38984,1.67677397794,0
38985,1.72314867483,0
38986,1.29680444654,0
38987,1.25421538557,0
38988,1.57039594128,0
38989,1.54808384546,0
38990,1.23526977872,0
38991,1.26081427909,0
38992,1.02426315927,0
38993,1.04346046767,0
38994,1.2946278199,0
38995,1.29511792357,0
38996,1.12124477809,0
38997,1.20272495293,0
38998,0.82917362665,0
38999,1.12188952586,0
39000,0.5438682562,0
39001,0.609590550736,0
39002,0.823851546998,0
39003,0.626338765462,0
39004,0.449173336644,0
39005,0.298523412553,0
39006,0.574487269256,0
39007,0.207455799423,0
39008,0.278703679255,0
39009,0.320391134677,0
39010,0.462057086242,0
39011,0.20657608685,0
39012,0.292939911132,0
39013,0.0730221890368,0
39014,-0.0320879662864,0
39015,0.243808525274,0
39016,-0.00431804033869,0
39017,-0.218177228814,0
39018,-0.21379144267,0
39019,-0.047854266602,0
39020,0.0643443362342,0
39021,-0.302217126244,0
39022,-0.203144457329,0
39023,-0.433087978377,0
39024,-0.465200575533,0
39025,-0.115212738305,0
39026,-0.178791422283,0
39027,-0.138011317405,0
39028,-0.209890366599,0
39029,-0.245778899254,0
39030,-0.436902763559,0
39031,-0.554237855689,0
39032,-0.56339906551,0
39033,-0.348825197834,0
39034,-0.728728085573,0
39035,-0.749925648675,0
39036,-0.354992194935,0
39037,-0.647062704477,0
39038,-0.703049938165,0
39039,-0.809618018743,0
39040,-0.835083596037,0
39041,-0.431467027784,0
39042,-0.803465352761,0
39043,-0.846667910812,0
39044,-0.563376773243,0
39045,-0.543632795113,0
39046,-0.654233115789,0
39047,-0.526095868315,0
39048,-0.727922375345,0
39049,-0.865776952857,0
39050,-0.736527207172,0
39051,-0.484146534965,0
39052,-0.900241859036,0
39053,-0.754762577086,0
39054,-0.871711853467,0
39055,-0.612531110347,0
39056,-0.874250800741,0
39057,-0.482983972535,0
39058,-0.600505328705,0
39059,-0.753047833575,0
39060,-0.830569370681,0
39061,-0.513553944647,0
39062,-0.395857011318,0
39063,-0.383925821224,0
39064,-0.407710822626,0
39065,-0.432953594659,0
39066,-0.575554311303,0
39067,-0.404371855987,0
39068,-0.281574956901,0
39069,-0.492304434546,0
39070,-0.591493499642,0
39071,-0.274482794326,0
39072,-0.249237629494,0
39073,-0.249378866822,0
39074,-0.404687508433,0
39075,-0.469944422138,0
39076,-0.249753658512,0
39077,-0.223320163752,0
39078,-0.0951213855536,0
39079,-0.230784265305,0
39080,-0.302417998964,0
39081,-0.273918070157,0
39082,0.135939658357,0
39083,0.19240784024,0
39084,-0.152990540669,0
39085,0.296937454491,0
39086,0.237637219677,0
39087,0.373201339024,0
39088,0.330297242979,0
39089,0.454328262719,0
39090,0.473911382905,0
39091,0.129094607186,0
39092,0.348087886541,0
39093,0.440815820566,0
39094,0.278236355274,0
39095,0.400631861374,0
39096,0.342967538113,0
39097,0.69459647923,0
39098,0.827630272627,0
39099,0.697422475014,0
39100,0.57929069457,0
39101,0.812100308318,0
39102,-0.549795340628,1
39103,-0.492225834175,1
39104,-0.428166357043,1
39105,-0.357963797106,1
39106,-0.281998307589,1
39107,-0.200681248505,1
39108,-0.114452959098,1
39109,-0.0237803733719,1
39110,0.0708455084039,1
39111,0.168912278502,1
39112,0.269888896474,1
39113,0.373228564782,1
39114,0.478371689753,1
39115,0.584748911837,1
39116,0.691784188734,1
39117,0.798897914717,1
39118,0.905510059253,1
39119,1.01104330791,1
39120,1.11492618859,1
39121,1.21659616608,1
39122,1.31550268822,1
39123,1.41111016724,1
39124,1.50290087998,1
39125,1.5903777714,1
39126,1.67306714621,1
39127,1.75052123395,1
39128,1.8223206137,1
39129,1.88807648534,1
39130,1.94743277484,1
39131,2.00006806252,1
39132,2.04569732353,1
39133,2.08407347129,1
39134,2.11498869547,1
39135,2.13827558733,1
39136,2.15380804624,1
39137,2.16150196254,1
39138,2.16131567296,1
39139,2.15325018628,1
39140,2.13734917785,1
39141,2.11369875306,1
39142,2.08242698111,1
39143,2.04370320148,1
39144,1.99773710694,1
39145,1.94477760807,1
39146,1.88511148534,1
39147,1.81906183623,1
39148,1.74698632557,1
39149,1.66927524878,1
39150,1.58634941838,1
39151,1.49865788527,1
39152,1.40667550705,1
39153,1.31090037663,1
39154,1.21185112501,1
39155,1.11006411289,1
39156,1.00609052615,1
39157,0.900493391194,1
39158,0.793844526075,1
39159,0.686721444064,1
39160,0.579704226362,1
39161,0.473372380902,1
39162,0.368301704264,1
39163,0.265061163688,1
39164,0.164209816057,1
39165,0.0662937805598,1
39166,-0.0281567185957,1
39167,-0.118630223396,1
39168,-0.204636811611,1
39169,-0.285710749772,1
39170,-0.361413015153,1
39171,-0.431333673127,1
39172,-0.495094096993,1
39173,-0.552349018276,1
39174,-0.602788396388,1
39175,-0.646139097525,1
39176,-0.68216637371,1
39177,-0.710675133978,1
39178,-0.731511000808,1
39179,-0.744561146093,1
39180,-0.749754902112,1
39181,-0.747064144207,1
39182,-0.736503443074,1
39183,-0.718129985869,1
39184,-0.692043266526,1
39185,-0.658384546997,1
39186,-0.617336092297,1
39187,-0.569120183531,1
39188,-0.513997914213,1
39189,-0.452267776429,1
39190,-0.38426404447,1
39191,-0.310354964708,1
39192,-0.23094076151,1
39193,-0.146451469984,1
39194,-0.0573446073011,1
39195,0.0358973048,1
39196,0.132769352914,1
39197,0.23274696612,1
39198,0.33528875658,1
39199,0.439839451205,1
39200,0.504587719224,1
39201,0.611449955078,1
39202,0.718602310791,1
39203,0.825464546645,1
39204,0.931457993947,1
39205,1.03600868857,1
39206,1.13855047903,1
39207,1.23852809224,1
39208,1.33540014035,1
39209,1.42864205245,1
39210,1.51774891514,1
39211,1.60223820666,1
39212,1.68165240986,1
39213,1.75556148962,1
39214,1.82356522158,1
39215,1.88529535936,1
39216,1.94041762868,1
39217,1.98863353745,1
39218,2.02968199215,1
39219,2.06334071168,1
39220,2.08942743102,1
39221,2.10780088823,1
39222,2.11836158936,1
39223,2.12105234726,1
39224,2.11585859124,1
39225,2.10280844596,1
39226,2.08197257913,1
39227,2.05346381886,1
39228,2.01743654268,1
39229,1.97408584154,1
39230,1.92364646343,1
39231,1.86639154214,1
39232,1.80263111828,1
39233,1.7327104603,1
39234,1.65700819492,1
39235,1.57593425676,1
39236,1.48992766855,1
39237,1.39945416375,1
39238,1.30500366459,1
39239,1.20708762909,1
39240,1.10623628146,1
39241,1.00299574089,1
39242,0.897925064249,1
39243,0.791593218789,1
39244,0.684576001087,1
39245,0.577452919076,1
39246,0.470804053957,1
39247,0.365206918999,1
39248,0.26123333226,1
39249,0.159446320137,1
39250,0.0603970685261,1
39251,-0.0353780618977,1
39252,-0.127360440122,1
39253,-0.215051973231,1
39254,-0.297977803625,1
39255,-0.375688880416,1
39256,-0.447764391079,1
39257,-0.513814040191,1
39258,-0.573480162916,1
39259,-0.62643966179,1
39260,-0.672405756327,1
39261,-0.71112953596,1
39262,-0.74240130791,1
39263,-0.766051732699,1
39264,-0.781952741133,1
39265,-0.79001822781,1
39266,-0.790204517388,1
39267,-0.782510601092,1
39268,-0.766978142177,1
39269,-0.743691250315,1
39270,-0.712776026137,1
39271,-0.674399878383,1
39272,-0.628770617372,1
39273,-0.576135329689,1
39274,-0.516779040187,1
39275,-0.451023168554,1
39276,-0.379223788794,1
39277,-0.301769701057,1
39278,-0.219080326249,1
39279,-0.131603434829,1
39280,-0.0398127220932,1
39281,0.0557947569294,1
39282,0.154701279074,1
39283,0.256371256558,1
39284,0.360254137237,1
39285,0.465787385899,1
39286,0.572399530434,1
39287,0.679513256417,1
39288,0.786548533314,1
39289,0.892925755398,1
39290,0.99806888037,1
39291,1.10140854868,1
39292,1.20238516665,1
39293,1.30045193675,1
39294,1.39507781852,1
39295,1.48575040425,1
39296,1.57197869366,1
39297,1.65329575274,1
39298,1.72926124226,1
39299,1.79946380219,1
39300,1.86352327933,1
39301,1.92109278578,1
39302,0.791982762042,0
39303,0.675089480984,0
39304,0.680312620516,0
39305,1.03356704665,0
39306,1.14606353629,0
39307,0.861611004211,0
39308,1.23738552832,0
39309,0.868858967748,0
39310,1.32364211386,0
39311,1.07545501309,0
39312,1.20666661044,0
39313,1.10197028526,0
39314,1.28383694751,0
39315,1.40392316083,0
39316,1.51093779746,0
39317,1.23535778679,0
39318,1.60757843424,0
39319,1.3777975541,0
39320,1.39622947923,0
39321,1.3755726912,0
39322,1.64953829187,0
39323,1.45519137156,0
39324,1.48509753202,0
39325,1.50386727982,0
39326,1.56752060246,0
39327,1.68752769079,0
39328,1.95848786596,0
39329,1.81168317511,0
39330,1.68769995654,0
39331,2.03089709876,0
39332,2.0138962057,0
39333,1.70517961431,0
39334,2.00167090777,0
39335,2.13542297939,0
39336,2.13754834144,0
39337,1.83767304841,0
39338,2.18579176353,0
39339,1.83210892637,0
39340,2.16170094947,0
39341,2.2243960039,0
39342,2.05500183546,0
39343,2.08069664084,0
39344,1.85677334897,0
39345,1.94226202271,0
39346,2.26765374349,0
39347,2.20587763146,0
39348,2.12919118551,0
39349,1.86592241113,0
39350,1.88336202566,0
39351,2.12181041496,0
39352,2.25782184091,0
39353,2.18453243908,0
39354,2.04935471519,0
39355,2.01560866937,0
39356,2.08908158828,0
39357,2.05638037262,0
39358,1.97243330281,0
39359,1.79269773145,0
39360,2.03446277234,0
39361,1.76607220601,0
39362,1.93328690214,0
39363,1.73314853198,0
39364,2.03452952338,0
39365,1.7418199767,0
39366,1.9421537662,0
39367,1.73508683821,0
39368,1.73697681843,0
39369,1.94348299684,0
39370,1.58070197468,0
39371,1.68883670552,0
39372,1.52593341794,0
39373,1.82649462254,0
39374,1.53762322812,0
39375,1.42436029013,0
39376,1.68453549796,0
39377,1.7683173717,0
39378,1.47109916478,0
39379,1.66940443877,0
39380,1.46537992839,0
39381,1.62060660785,0
39382,1.54946284158,0
39383,1.13265169904,0
39384,1.42755987235,0
39385,1.47393456924,0
39386,1.04759034095,0
39387,1.00500127998,0
39388,1.32118183569,0
39389,1.29886973987,0
39390,0.986055673137,0
39391,1.01160017351,0
39392,0.775049053683,0
39393,0.794246362079,0
39394,1.04541371431,0
39395,1.04590381798,0
39396,0.872030672504,0
39397,0.953510847348,0
39398,0.579959521063,0
39399,0.872675420273,0
39400,0.337976386117,0
39401,0.403698680653,0
39402,0.617959676915,0
39403,0.420446895379,0
39404,0.243281466561,0
39405,0.0926315424702,0
39406,0.368595399173,0
39407,0.00156392933978,0
39408,0.0728118091719,0
39409,0.114499264594,0
39410,0.256165216159,0
39411,0.000684216766516,0
39412,0.0870480410493,0
39413,-0.132869681046,0
39414,-0.237979836369,0
39415,0.0379166551913,0
39416,-0.210209910422,0
39417,-0.424069098897,0
39418,-0.419683312753,0
39419,-0.253746136685,0
39420,-0.141547533849,0
39421,-0.508108996327,0
39422,-0.409036327413,0
39423,-0.63897984846,0
39424,-0.671092445616,0
39425,-0.321104608388,0
39426,-0.384683292366,0
39427,-0.343903187488,0
39428,-0.415782236683,0
39429,-0.451670769337,0
39430,-0.642794633642,0
39431,-0.760129725772,0
39432,-0.769290935593,0
39433,-0.554717067917,0
39434,-0.934619955656,0
39435,-0.955817518758,0
39436,-0.560884065018,0
39437,-0.85295457456,0
39438,-0.908941808248,0
39439,-1.01550988883,0
39440,-1.04097546612,0
39441,-0.637358897867,0
39442,-1.00935722284,0
39443,-1.0525597809,0
39444,-0.769268643326,0
39445,-0.749524665196,0
39446,-0.860124985872,0
39447,-0.731987738398,0
39448,-0.933814245428,0
39449,-1.07166882294,0
39450,-0.942419077255,0
39451,-0.690038405048,0
39452,-1.10613372912,0
39453,-0.96065444717,0
39454,-1.07760372355,0
39455,-0.81842298043,0
39456,-1.08014267082,0
39457,-0.688875842619,0
39458,-0.806397198788,0
39459,-0.958939703658,0
39460,-1.03646124076,0
39461,-0.71944581473,0
39462,-0.601748881401,0
39463,-0.589817691307,0
39464,-0.613602692709,0
39465,-0.638845464743,0
39466,-0.781446181386,0
39467,-0.610263726071,0
39468,-0.487466826984,0
39469,-0.698196304629,0
39470,-0.797385369725,0
39471,-0.480374664409,0
39472,-0.455129499577,0
39473,-0.455270736906,0
39474,-0.610579378516,0
39475,-0.675836292221,0
39476,-0.455645528595,0
39477,-0.429212033835,0
39478,-0.301013255637,0
39479,-0.436676135389,0
39480,-0.508309869047,0
39481,-0.47980994024,0
39482,-0.0699522117259,0
39483,-0.0134840298434,0
39484,-0.358882410752,0
39485,0.0910455844083,0
39486,0.0317453495936,0
39487,0.167309468941,0
39488,0.124405372896,0
39489,0.248436392636,0
39490,0.268019512822,0
39491,-0.0767972628973,0
39492,0.142196016458,0
39493,0.234923950483,0
39494,0.0723444851905,0
39495,0.194739991291,0
39496,0.13707566803,0
39497,0.488704609147,0
39498,0.621738402544,0
39499,0.491530604931,0
39500,0.373398824487,0
39501,0.606208438235,0
39502,0.627336071241,0
39503,0.510442790183,0
39504,0.515665929715,0
39505,0.868920355853,0
39506,0.981416845487,0
39507,0.69696431341,0
39508,1.07273883752,0
39509,0.704212276947,0
39510,1.15899542306,0
39511,0.910808322286,0
39512,1.04201991964,0
39513,0.937323594455,0
39514,1.11919025671,0
39515,1.23927647003,0
39516,1.34629110665,0
39517,1.07071109599,0
39518,1.44293174344,0
39519,1.21315086329,0
39520,1.23158278843,0
39521,1.2109260004,0
39522,1.48489160107,0
39523,1.29054468076,0
39524,1.32045084122,0
39525,1.33922058902,0
39526,1.40287391165,0
39527,1.52288099999,0
39528,1.79384117516,0
39529,1.64703648431,0
39530,1.52305326574,0
39531,1.86625040796,0
39532,1.8492495149,0
39533,1.54053292351,0
39534,1.83702421696,0
39535,1.97077628859,0
39536,1.97290165064,0
39537,1.67302635761,0
39538,2.02114507273,0
39539,1.66746223557,0
39540,1.99705425867,0
39541,2.0597493131,0
39542,1.89035514466,0
39543,1.91604995004,0
39544,1.69212665817,0
39545,1.77761533191,0
39546,2.10300705269,0
39547,2.04123094066,0
39548,1.96454449471,0
39549,1.70127572032,0
39550,1.71871533486,0
39551,1.95716372416,0
39552,2.09317515011,0
39553,2.01988574828,0
39554,1.88470802439,0
39555,1.85096197856,0
39556,1.92443489748,0
39557,1.89173368182,0
39558,1.80778661201,0
39559,1.62805104065,0
39560,1.86981608154,0
39561,1.60142551521,0
39562,1.76864021134,0
39563,1.56850184118,0
39564,1.86988283258,0
39565,1.5771732859,0
39566,1.7775070754,0
39567,1.57044014741,0
39568,1.57233012763,0
39569,1.77883630604,0
39570,1.41605528388,0
39571,1.52419001472,0
39572,1.36128672714,0
39573,1.66184793174,0
39574,1.37297653732,0
39575,1.25971359933,0
39576,1.51988880716,0
39577,1.6036706809,0
39578,1.30645247398,0
39579,1.50475774797,0
39580,1.30073323759,0
39581,1.45595991705,0
39582,1.38481615078,0
39583,0.968005008244,0
39584,1.26291318155,0
39585,1.30928787844,0
39586,0.88294365015,0
39587,0.84035458918,0
39588,1.15653514489,0
39589,1.13422304907,0
39590,0.821408982336,0
39591,0.846953482706,0
39592,0.610402362882,0
39593,0.629599671278,0
39594,0.880767023509,0
39595,0.881257127179,0
39596,0.707383981703,0
39597,0.788864156547,0
39598,0.415312830262,0
39599,0.708028729472,0
39600,0.181514428384,0
39601,0.24723672292,0
39602,0.461497719182,0
39603,0.263984937647,0
39604,0.0868195088281,0
39605,-0.0638304152625,0
39606,0.21213344144,0
39607,-0.154898028393,0
39608,-0.0836501485607,0
39609,-0.0419626931391,0
39610,0.0997032584264,0
39611,-0.155777740966,0
39612,-0.0694139166833,0
39613,-0.289331638779,0
39614,-0.394441794102,0
39615,-0.118545302541,0
39616,-0.366671868154,0
39617,-0.58053105663,0
39618,-0.576145270486,0
39619,-0.410208094418,0
39620,-0.298009491582,0
39621,-0.664570954059,0
39622,-0.565498285145,0
39623,-0.795441806192,0
39624,-0.827554403349,0
39625,-0.477566566121,0
39626,-0.541145250099,0
39627,-0.500365145221,0
39628,-0.572244194415,0
39629,-0.608132727069,0
39630,-0.799256591375,0
39631,-0.916591683505,0
39632,-0.925752893326,0
39633,-0.711179025649,0
39634,-1.09108191339,0
39635,-1.11227947649,0
39636,-0.717346022751,0
39637,-1.00941653229,0
39638,-1.06540376598,0
39639,-1.17197184656,0
39640,-1.19743742385,0
39641,-0.7938208556,0
39642,-1.16581918058,0
39643,-1.20902173863,0
39644,-0.925730601059,0
39645,-0.905986622929,0
39646,-1.0165869436,0
39647,-0.888449696131,0
39648,-1.09027620316,0
39649,-1.22813078067,0
39650,-1.09888103499,0
39651,-0.846500362781,0
39652,-1.26259568685,0
39653,-1.1171164049,0
39654,-1.23406568128,0
39655,-0.974884938163,0
39656,-1.23660462856,0
39657,-0.845337800351,0
39658,-0.962859156521,0
39659,-1.11540166139,0
39660,-1.1929231985,0
39661,-0.875907772463,0
39662,-0.758210839134,0
39663,-0.74627964904,0
39664,-0.770064650442,0
39665,-0.795307422475,0
39666,-0.937908139119,0
39667,-0.766725683803,0
39668,-0.643928784716,0
39669,-0.854658262361,0
39670,-0.953847327458,0
39671,-0.636836622142,0
39672,-0.61159145731,0
39673,-0.611732694638,0
39674,-0.767041336248,0
39675,-0.832298249954,0
39676,-0.612107486328,0
39677,-0.585673991568,0
39678,-0.457475213369,0
39679,-0.593138093121,0
39680,-0.66477182678,0
39681,-0.636271897973,0
39682,-0.226414169459,0
39683,-0.169945987576,0
39684,-0.515344368485,0
39685,-0.0654163733244,0
39686,-0.124716608139,0
39687,0.0108475112078,0
39688,-0.0320565848368,0
39689,0.091974434903,0
39690,0.11155755509,0
39691,-0.23325922063,0
39692,-0.0142659412745,0
39693,0.0784619927507,0
39694,-0.0841174725422,0
39695,0.0382780335587,0
39696,-0.0193862897023,0
39697,0.332242651414,0
39698,0.465276444811,0
39699,0.335068647198,0
39700,0.216936866755,0
39701,0.449746480502,0
39702,0.470874113509,0
39703,0.35398083245,0
39704,0.359203971982,0
39705,0.71245839812,0
39706,0.824954887754,0
39707,0.540502355678,0
39708,0.91627687979,0
39709,0.547750319214,0
39710,1.00253346533,0
39711,0.754346364554,0
39712,0.885557961903,0
39713,0.780861636723,0
39714,0.962728298979,0
39715,1.0828145123,0
39716,1.18982914892,0
39717,0.91424913826,0
39718,1.2864697857,0
39719,1.05668890556,0
39720,1.0751208307,0
39721,1.05446404267,0
39722,1.32842964334,0
39723,1.13408272303,0
39724,1.16398888348,0
39725,1.18275863129,0
39726,1.24641195392,0
39727,1.36641904226,0
39728,1.63737921743,0
39729,1.49057452658,0
39730,1.366591308,0
39731,1.70978845023,0
39732,1.69278755717,0
39733,1.38407096578,0
39734,1.68056225923,0
39735,1.81431433086,0
39736,1.81643969291,0
39737,1.51656439987,0
39738,1.864683115,0
39739,1.51100027783,0
39740,1.84059230094,0
39741,1.90328735537,0
39742,1.73389318692,0
39743,1.75958799231,0
39744,1.53566470044,0
39745,1.62115337417,0
39746,1.94654509496,0
39747,1.88476898293,0
39748,1.80808253698,0
39749,1.54481376259,0
39750,1.56225337713,0
39751,1.80070176642,0
39752,1.93671319238,0
39753,1.86342379055,0
39754,1.72824606666,0
39755,1.69450002083,0
39756,1.76797293974,0
39757,1.73527172409,0
39758,1.65132465427,0
39759,1.47158908292,0
39760,1.7133541238,0
39761,1.44496355748,0
39762,1.6121782536,0
39763,1.41203988344,0
39764,1.71342087485,0
39765,1.42071132817,0
39766,1.62104511767,0
39767,1.41397818967,0
39768,1.41586816989,0
39769,1.6223743483,0
39770,1.25959332615,0
39771,1.36772805699,0
39772,1.20482476941,0
39773,0.267790086942,1
39774,0.0472966086519,1
39775,-0.165869998951,1
39776,-0.36644427987,1
39777,-0.549471822802,1
39778,-0.710431640694,1
39779,-0.845347844226,1
39780,-0.950887850773,1
39781,-1.02444470296,1
39782,-1.06420146344,1
39783,-1.06917609533,1
39784,-1.03924571961,1
39785,-0.975149650351,1
39786,-0.878471132877,1
39787,-0.751598235772,1
39788,-0.597664862909,1
39789,-0.420473342476,1
39790,-0.22440050518,1
39791,-0.0142895715825,1
39792,0.204669480921,1
39793,0.427068116402,1
39794,0.647412837348,1
39795,0.860260880254,1
39796,1.06035465803,1
39797,1.24275162835,1
39798,1.40294638001,1
39799,1.53698192169,1
39800,1.51432800254,1
39801,1.58684057968,1
39802,1.62550908897,1
39803,1.62937837455,1
39804,1.59835286069,1
39805,1.53319891265,1
39806,1.43552590652,1
39807,1.30774647589,1
39808,1.15301691703,1
39809,0.975159224835,1
39810,0.778566685193,1
39811,0.568095355904,1
39812,0.348944116546,1
39813,0.12652625028,1
39814,-0.0936642703612,1
39815,-0.306188490794,1
39816,-0.50579682271,1
39817,-0.687558714839,1
39818,-0.846984443131,1
39819,-0.980136012013,1
39820,-1.08372442733,1
39821,-1.15519093821,1
39822,-1.19277024111,1
39823,-1.19553408479,1
39824,-1.16341419921,1
39825,-1.0972039818,1
39826,-0.998538899743,1
39827,-0.869856092001,1
39828,-0.714334169287,1
39829,-0.535814698766,1
39830,-0.338707313011,1
39831,-0.127880787099,1
39832,0.0914572256344,1
39833,0.313888828516,1
39834,0.533919709701,1
39835,0.746114857882,1
39836,0.945232813208,1
39837,1.12635513726,1
39838,1.28500790405,1
39839,1.41727221102,1
39840,1.51988098039,1
39841,1.59029965964,1
39842,1.62678882787,1
39843,1.62844716139,1
39844,1.5952336975,1
39845,1.52796884626,1
39846,1.4283141255,1
39847,1.29873111937,1
39848,1.1424206745,1
39849,0.963243835447,1
39850,0.765626472531,1
39851,0.554449957837,1
39852,0.33493058982,1
39853,0.112490744833,1
39854,-0.107375061689,1
39855,-0.319235895969,1
39856,-0.517858556087,1
39857,-0.698336837979,1
39858,-0.856212724218,1
39859,-0.987586502079,1
39860,-1.08921309085,1
39861,-1.158582199,1
39862,-1.1939803312,1
39863,-1.19453311359,1
39864,-1.16022689183,1
39865,-1.09190906834,1
39866,-0.991267170545,1
39867,-0.860787166989,1
39868,-0.703692061153,1
39869,-0.523862279602,1
39870,-0.325739821072,1
39871,-0.114218534083,1
39872,0.105476766645,1
39873,0.327919359023,1
39874,0.547614659752,1
39875,0.75913594674,1
39876,0.95725840527,1
39877,1.13708818682,1
39878,1.29418329266,1
39879,1.42466329621,1
39880,1.52530519401,1
39881,1.5936230175,1
39882,1.62792923926,1
39883,1.62737645687,1
39884,1.59197832467,1
39885,1.52260921652,1
39886,1.42098262775,1
39887,1.28960884989,1
39888,1.13173296365,1
39889,0.951254681756,1
39890,0.752632021637,1
39891,0.540771187357,1
39892,0.320905380835,1
39893,0.0984655358487,1
39894,-0.121053832169,1
39895,-0.332230346862,1
39896,-0.529847709779,1
39897,-0.70902454883,1
39898,-0.865334993697,1
39899,-0.994917999827,1
39900,-1.09457272059,1
39901,-1.16183757183,1
39902,-1.19505103572,1
39903,-1.1933927022,1
39904,-1.15690353397,1
39905,-1.08648485472,1
39906,-0.983876085351,1
39907,-0.851611778381,1
39908,-0.692959011593,1
39909,-0.511836687539,1
39910,-0.312718732214,1
39911,-0.100523584033,1
39912,0.119507297152,1
39913,0.341938900034,1
39914,0.561276912768,1
39915,0.77210343868,1
39916,0.969210824434,1
39917,1.14773029496,1
39918,1.30325221767,1
39919,1.43193502541,1
39920,1.53060010747,1
39921,1.59681032488,1
39922,1.62893021046,1
39923,1.62616636678,1
39924,1.58858706388,1
39925,1.517120553,1
39926,1.41353213768,1
39927,1.2803805688,1
39928,1.12095484051,1
39929,0.939192948378,1
39930,0.739584616462,1
39931,0.52706039603,1
39932,0.306869875389,1
39933,0.084452009122,1
39934,-0.134699230236,1
39935,-0.345170559525,1
39936,-0.541763099166,1
39937,-0.719620791365,1
39938,-0.874350350221,1
39939,-1.00212978085,1
39940,-1.09980278698,1
39941,-1.16495673502,1
39942,-1.19598224888,1
39943,-1.1921129633,1
39944,-1.15344445401,1
39945,-1.08093187688,1
39946,-0.976366374455,1
39947,-0.842330832773,1
39948,-0.682136081114,1
39949,-0.499739110797,1
39950,-0.299645333018,1
39951,-0.0867972901124,1
39952,0.133547430833,1
39953,0.355946066314,1
39954,0.574905118818,1
39955,0.785016052416,1
39956,0.981088889711,1
39957,1.15828041014,1
39958,1.31221378301,1
39959,1.43908668011,1
39960,1.53576519759,1
39961,1.59986126684,1
39962,1.62979164257,1
39963,1.62481701068,1
39964,1.58506025019,1
39965,1.51150339801,1
39966,1.40596339146,1
39967,1.27104718793,1
39968,1.11008737004,1
39969,0.927059827105,1
39970,0.726485546186,1
39971,0.513318938583,1
39972,0.292825460293,1
39973,1.37816655244,0
39974,1.08929515802,0
39975,0.97603222003,0
39976,1.23620742786,0
39977,1.3199893016,0
39978,1.02277109468,0
39979,1.22107636867,0
39980,1.01705185829,0
39981,1.17227853775,0
39982,1.10113477148,0
39983,0.684323628944,0
39984,0.97923180225,0
39985,1.02560649914,0
39986,0.599262270851,0
39987,0.556673209881,0
39988,0.872853765592,0
39989,0.85054166977,0
39990,0.537727603037,0
39991,0.563272103407,0
39992,0.326720983583,0
39993,0.345918291978,0
39994,0.59708564421,0
39995,0.59757574788,0
39996,0.423702602404,0
39997,0.505182777247,0
39998,0.131631450963,0
39999,0.424347350173,0
40000,0.106030462454,0
40001,0.17175275699,0
40002,0.386013753252,0
40003,0.188500971717,0
40004,0.0113355428981,0
40005,-0.139314381192,0
40006,0.13664947551,0
40007,-0.230381994323,0
40008,-0.159134114491,0
40009,-0.117446659069,0
40010,0.0242192924965,0
40011,-0.231261706896,0
40012,-0.144897882613,0
40013,-0.364815604709,0
40014,-0.469925760032,0
40015,-0.194029268471,0
40016,-0.442155834084,0
40017,-0.65601502256,0
40018,-0.651629236416,0
40019,-0.485692060348,0
40020,-0.373493457511,0
40021,-0.740054919989,0
40022,-0.640982251075,0
40023,-0.870925772122,0
40024,-0.903038369279,0
40025,-0.553050532051,0
40026,-0.616629216029,0
40027,-0.575849111151,0
40028,-0.647728160345,0
40029,-0.683616692999,0
40030,-0.874740557305,0
40031,-0.992075649434,0
40032,-1.00123685926,0
40033,-0.786662991579,0
40034,-1.16656587932,0
40035,-1.18776344242,0
40036,-0.792829988681,0
40037,-1.08490049822,0
40038,-1.14088773191,0
40039,-1.24745581249,0
40040,-1.27292138978,0
40041,-0.86930482153,0
40042,-1.24130314651,0
40043,-1.28450570456,0
40044,-1.00121456699,0
40045,-0.981470588859,0
40046,-1.09207090953,0
40047,-0.96393366206,0
40048,-1.16576016909,0
40049,-1.3036147466,0
40050,-1.17436500092,0
40051,-0.921984328711,0
40052,-1.33807965278,0
40053,-1.19260037083,0
40054,-1.30954964721,0
40055,-1.05036890409,0
40056,-1.31208859449,0
40057,-0.920821766281,0
40058,-1.03834312245,0
40059,-1.19088562732,0
40060,-1.26840716443,0
40061,-0.951391738392,0
40062,-0.833694805064,0
40063,-0.82176361497,0
40064,-0.845548616372,0
40065,-0.870791388405,0
40066,-1.01339210505,0
40067,-0.842209649733,0
40068,-0.719412750646,0
40069,-0.930142228291,0
40070,-1.02933129339,0
40071,-0.712320588072,0
40072,-0.68707542324,0
40073,-0.687216660568,0
40074,-0.842525302178,0
40075,-0.907782215884,0
40076,-0.687591452258,0
40077,-0.661157957498,0
40078,-0.532959179299,0
40079,-0.668622059051,0
40080,-0.740255792709,0
40081,-0.711755863903,0
40082,-0.301898135388,0
40083,-0.245429953506,0
40084,-0.590828334415,0
40085,-0.140900339254,0
40086,-0.200200574069,0
40087,-0.0646364547221,0
40088,-0.107540550767,0
40089,0.0164904689731,0
40090,0.0360735891597,0
40091,-0.30874318656,0
40092,-0.0897499072044,0
40093,0.00297802682075,0
40094,-0.159601438472,0
40095,-0.0372059323712,0
40096,-0.0948702556322,0
40097,0.256758685484,0
40098,0.389792478881,0
40099,0.259584681268,0
40100,0.141452900825,0
40101,0.374262514572,0
40102,0.395390147579,0
40103,0.27849686652,0
40104,0.283720006052,0
40105,0.63697443219,0
40106,0.749470921824,0
40107,0.465018389748,0
40108,0.840792913861,0
40109,0.472266353284,0
40110,0.927049499397,0
40111,0.678862398624,0
40112,0.810073995973,0
40113,0.705377670793,0
40114,0.887244333049,0
40115,1.00733054637,0
40116,1.11434518299,0
40117,0.83876517233,0
40118,1.21098581977,0
40119,0.981204939632,0
40120,0.999636864768,0
40121,0.978980076739,0
40122,1.25294567741,0
40123,1.0585987571,0
40124,1.08850491755,0
40125,1.10727466536,0
40126,1.17092798799,0
40127,1.29093507633,0
40128,1.5618952515,0
40129,1.41509056065,0
40130,1.29110734207,0
40131,1.6343044843,0
40132,1.61730359124,0
40133,1.30858699985,0
40134,1.6050782933,0
40135,1.73883036493,0
40136,1.74095572698,0
40137,1.44108043394,0
40138,1.78919914907,0
40139,1.4355163119,0
40140,1.76510833501,0
40141,1.82780338944,0
40142,1.65840922099,0
40143,1.68410402638,0
40144,1.46018073451,0
40145,1.54566940824,0
40146,1.87106112903,0
40147,1.809285017,0
40148,1.73259857105,0
40149,1.46932979666,0
40150,1.4867694112,0
40151,1.72521780049,0
40152,1.86122922645,0
40153,1.78793982462,0
40154,1.65276210073,0
40155,1.6190160549,0
40156,1.69248897381,0
40157,1.65978775816,0
40158,1.57584068834,0
40159,1.39610511699,0
40160,1.63787015787,0
40161,1.36947959155,0
40162,1.53669428767,0
40163,1.33655591751,0
40164,1.63793690892,0
40165,1.34522736224,0
40166,1.54556115174,0
40167,1.33849422374,0
40168,1.34038420396,0
40169,1.54689038237,0
40170,1.18410936022,0
40171,1.29224409106,0
40172,1.12934080348,0
40173,1.42990200808,0
40174,1.14103061365,0
40175,1.02776767567,0
40176,1.2879428835,0
40177,1.37172475724,0
40178,1.07450655031,0
40179,1.2728118243,0
40180,1.06878731393,0
40181,1.22401399338,0
40182,1.15287022711,0
40183,0.736059084581,0
40184,1.03096725789,0
40185,1.07734195478,0
40186,0.650997726488,0
40187,0.608408665518,0
40188,0.924589221229,0
40189,0.902277125407,0
40190,0.589463058673,0
40191,0.615007559044,0
40192,0.37845643922,0
40193,0.397653747615,0
40194,0.648821099847,0
40195,0.649311203516,0
40196,0.475438058041,0
40197,0.556918232884,0
40198,0.1833669066,0
40199,0.47608280581,0
40200,0.00214936249771,0
40201,0.0678716570339,0
40202,0.282132653296,0
40203,0.0846198717602,0
40204,-0.0925455570583,0
40205,-0.243195481149,0
40206,0.0327683755536,0
40207,-0.334263094279,0
40208,-0.263015214447,0
40209,-0.221327759025,0
40210,-0.0796618074599,0
40211,-0.335142806852,0
40212,-0.24877898257,0
40213,-0.468696704665,0
40214,-0.573806859988,0
40215,-0.297910368428,0
40216,-0.546036934041,0
40217,-0.759896122516,0
40218,-0.755510336372,0
40219,-0.589573160304,0
40220,-0.477374557468,0
40221,-0.843936019946,0
40222,-0.744863351032,0
40223,-0.974806872079,0
40224,-1.00691946924,0
40225,-0.656931632007,0
40226,-0.720510315985,0
40227,-0.679730211107,0
40228,-0.751609260302,0
40229,-0.787497792956,0
40230,-0.978621657261,0
40231,-1.09595674939,0
40232,-1.10511795921,0
40233,-0.890544091536,0
40234,-1.27044697927,0
40235,-1.29164454238,0
40236,-0.896711088637,0
40237,-1.18878159818,0
40238,-1.24476883187,0
40239,-1.35133691244,0
40240,-1.37680248974,0
40241,-0.973185921486,0
40242,-1.34518424646,0
40243,-1.38838680451,0
40244,-1.10509566695,0
40245,-1.08535168881,0
40246,-1.19595200949,0
40247,-1.06781476202,0
40248,-1.26964126905,0
40249,-1.40749584656,0
40250,-1.27824610087,0
40251,-1.02586542867,0
40252,-1.44196075274,0
40253,-1.29648147079,0
40254,-1.41343074717,0
40255,-1.15425000405,0
40256,-1.41596969444,0
40257,-1.02470286624,0
40258,-1.14222422241,0
40259,-1.29476672728,0
40260,-1.37228826438,0
40261,-1.05527283835,0
40262,-0.93757590502,0
40263,-0.925644714926,0
40264,-0.949429716328,0
40265,-0.974672488362,0
40266,-1.11727320501,0
40267,-0.94609074969,0
40268,-0.823293850603,0
40269,-1.03402332825,0
40270,-1.13321239334,0
40271,-0.816201688028,0
40272,-0.790956523196,0
40273,-0.791097760525,0
40274,-0.946406402135,0
40275,-1.01166331584,0
40276,-0.791472552214,0
40277,-0.765039057454,0
40278,-0.636840279256,0
40279,-0.772503159008,0
40280,-0.844136892666,0
40281,-0.815636963859,0
40282,1.57059077347,1
40283,1.57087275487,1
40284,1.56796327703,1
40285,1.56186894262,1
40286,1.55260358194,1
40287,1.5401882215,1
40288,1.52465103634,1
40289,1.50602728605,1
40290,1.48435923479,1
40291,1.45969605535,1
40292,1.43209371758,1
40293,1.40161486137,1
40294,1.36832865446,1
40295,1.33231063554,1
40296,1.29364254275,1
40297,1.25241212828,1
40298,1.20871295911,1
40299,1.16264420477,1
40300,1.11431041225,1
40301,1.06382126875,1
40302,1.01129135273,1
40303,0.956839873942,1
40304,0.900590402865,1
40305,0.842670590282,1
40306,0.783211877599,1
40307,0.722349198551,1
40308,0.660220672994,1
40309,0.596967293453,1
40310,0.532732605164,1
40311,0.467662380311,1
40312,0.401904287223,1
40313,0.335607555251,1
40314,0.26892263612,1
40315,0.202000862491,1
40316,0.134994104539,1
40317,0.0680544252974,1
40318,0.00133373557338,1
40319,-0.065016550793,1
40320,-0.130845860544,1
40321,-0.19600480271,1
40322,-0.260345507631,1
40323,-0.323721962531,1
40324,-0.385990342873,1
40325,-0.447009338746,1
40326,-0.506640475558,1
40327,-0.564748428277,1
40328,-0.621201328538,1
40329,-0.675871063901,1
40330,-0.728633568584,1
40331,-0.779369105015,1
40332,-0.827962535559,1
40333,-0.87430358381,1
40334,-0.918287084847,1
40335,-0.959813223892,1
40336,-0.998787762829,1
40337,-1.03512225406,1
40338,-1.06873424124,1
40339,-1.09954744637,1
40340,-1.12749194293,1
40341,-1.15250431455,1
40342,-1.17452779896,1
40343,-1.19351241674,1
40344,-1.20941508479,1
40345,-1.22219971411,1
40346,-1.23183729165,1
40347,-1.23830594619,1
40348,-1.24159099799,1
40349,-1.24168499204,1
40350,-1.23858771503,1
40351,-1.23230619583,1
40352,-1.22285468952,1
40353,-1.21025464506,1
40354,-1.19453465659,1
40355,-1.17573039855,1
40356,-1.15388454475,1
40357,-1.12904667147,1
40358,-1.101273145,1
40359,-1.07062699373,1
40360,-1.03717776505,1
40361,-1.0010013676,1
40362,-0.962179898963,1
40363,-0.92080145936,1
40364,-0.876959951722,1
40365,-0.830754868593,1
40366,-0.782291066337,1
40367,-0.731678527187,1
40368,-0.679032109651,1
40369,-0.624471287857,1
40370,-0.568119880423,1
40371,-0.510105769463,1
40372,-0.45056061038,1
40373,-0.389619533092,1
40374,-0.327420835365,1
40375,-0.264105668973,1
40376,-0.199817719368,1
40377,-0.134702879606,1
40378,-0.0689089192596,1
40379,-0.00258514907927,1
40380,0.0641179178524,1
40381,0.131048907688,1
40382,0.198055929341,1
40383,0.264986919177,1
40384,0.331689986108,1
40385,0.398013756289,1
40386,0.463807716635,1
40387,0.528922556397,1
40388,0.593210506002,1
40389,0.656525672394,1
40390,0.718724370121,1
40391,0.77966544741,1
40392,0.839210606492,1
40393,0.897224717452,1
40394,0.953576124887,1
40395,1.00813694668,1
40396,1.06078336422,1
40397,1.11139590337,1
40398,1.15985970562,1
40399,1.20606478875,1
40400,1.17818529481,1
40401,1.21956373441,1
40402,1.25838520305,1
40403,1.2945616005,1
40404,1.32801082917,1
40405,1.35865698045,1
40406,1.38643050692,1
40407,1.41126838019,1
40408,1.433114234,1
40409,1.45191849204,1
40410,1.46763848051,1
40411,1.48023852497,1
40412,1.48969003128,1
40413,1.49597155048,1
40414,1.49906882748,1
40415,1.49897483344,1
40416,1.49568978164,1
40417,1.48922112709,1
40418,1.47958354956,1
40419,1.46679892024,1
40420,1.45089625219,1
40421,1.43191163441,1
40422,1.40988815,1
40423,1.38487577837,1
40424,1.35693128181,1
40425,1.32611807669,1
40426,1.29250608951,1
40427,1.25617159828,1
40428,1.21719705934,1
40429,1.1756709203,1
40430,1.13168741926,1
40431,1.08534637101,1
40432,1.03675294046,1
40433,0.986017404033,1
40434,0.933254899349,1
40435,0.878585163986,1
40436,0.822132263725,1
40437,0.764024311006,1
40438,0.704393174195,1
40439,0.643374178321,1
40440,0.58110579798,1
40441,0.517729343079,1
40442,0.453388638158,1
40443,0.388229695992,1
40444,0.322400386241,1
40445,0.256050099875,1
40446,0.189329410151,1
40447,0.122389730909,1
40448,0.0553829729571,1
40449,-0.0115388006713,1
40450,-0.0782237198028,1
40451,-0.144520451774,1
40452,-0.210278544863,1
40453,-0.275348769715,1
40454,-0.339583458005,1
40455,-0.402836837546,1
40456,-0.464965363103,1
40457,-0.52582804215,1
40458,-0.585286754834,1
40459,-0.643206567417,1
40460,-0.699456038493,1
40461,-0.753907517279,1
40462,-0.806437433297,1
40463,-0.856926576804,1
40464,-0.905260369321,1
40465,-0.951329123658,1
40466,-0.995028292827,1
40467,-1.03625870731,1
40468,-1.07492680009,1
40469,-1.11094481901,1
40470,-1.14423102592,1
40471,-1.17470988214,1
40472,-1.2023122199,1
40473,-1.22697539934,1
40474,-1.2486434506,1
40475,-1.26726720089,1
40476,-1.28280438605,1
40477,-1.29521974649,1
40478,-1.30448510717,1
40479,-1.31057944158,1
40480,-1.31348891942,1
40481,-1.31320693802,1
40482,-0.477500236926,0
40483,-0.421032055043,0
40484,-0.766430435952,0
40485,-0.316502440792,0
40486,-0.375802675606,0
40487,-0.240238556259,0
40488,-0.283142652304,0
40489,-0.159111632564,0
40490,-0.139528512377,0
40491,-0.484345288097,0
40492,-0.265352008742,0
40493,-0.172624074716,0
40494,-0.335203540009,0
40495,-0.212808033908,0
40496,-0.270472357169,0
40497,0.0811565839471,0
40498,0.214190377344,0
40499,0.0839825797308,0
40500,-0.0341492007126,0
40501,0.198660413035,0
40502,0.219788046042,0
40503,0.102894764983,0
40504,0.108117904515,0
40505,0.461372330653,0
40506,0.573868820287,0
40507,0.28941628821,0
40508,0.665190812323,0
40509,0.296664251747,0
40510,0.75144739786,0
40511,0.503260297087,0
40512,0.634471894436,0
40513,0.529775569256,0
40514,0.711642231512,0
40515,0.831728444831,0
40516,0.938743081455,0
40517,0.663163070793,0
40518,1.03538371824,0
40519,0.805602838095,0
40520,0.824034763231,0
40521,0.803377975202,0
40522,1.07734357587,0
40523,0.882996655559,0
40524,0.912902816018,0
40525,0.931672563823,0
40526,0.995325886455,0
40527,1.11533297479,0
40528,1.38629314996,0
40529,1.23948845911,0
40530,1.11550524054,0
40531,1.45870238276,0
40532,1.4417014897,0
40533,1.13298489831,0
40534,1.42947619176,0
40535,1.56322826339,0
40536,1.56535362544,0
40537,1.26547833241,0
40538,1.61359704753,0
40539,1.25991421037,0
40540,1.58950623347,0
40541,1.6522012879,0
40542,1.48280711946,0
40543,1.50850192484,0
40544,1.28457863297,0
40545,1.37006730671,0
40546,1.69545902749,0
40547,1.63368291546,0
40548,1.55699646951,0
40549,1.29372769512,0
40550,1.31116730966,0
40551,1.54961569896,0
40552,1.68562712491,0
40553,1.61233772308,0
40554,1.47715999919,0
40555,1.44341395337,0
40556,1.51688687228,0
40557,1.48418565662,0
40558,1.40023858681,0
40559,1.22050301545,0
40560,1.46226805634,0
40561,1.19387749001,0
40562,1.36109218614,0
40563,1.16095381598,0
40564,1.46233480738,0
40565,1.1696252607,0
40566,1.3699590502,0
40567,1.16289212221,0
40568,1.16478210243,0
40569,1.37128828084,0
40570,1.00850725868,0
40571,1.11664198952,0
40572,0.953738701939,0
40573,1.25429990654,0
40574,0.965428512117,0
40575,0.852165574129,0
40576,1.11234078196,0
40577,1.1961226557,0
40578,0.898904448777,0
40579,1.09720972277,0
40580,0.893185212389,0
40581,1.04841189185,0
40582,0.977268125577,0
40583,0.560456983044,0
40584,0.85536515635,0
40585,0.901739853239,0
40586,0.475395624951,0
40587,0.43280656398,0
40588,0.748987119692,0
40589,0.72667502387,0
40590,0.413860957136,0
40591,0.439405457506,0
40592,0.202854337683,0
40593,0.222051646078,0
40594,0.47321899831,0
40595,0.473709101979,0
40596,0.299835956504,0
40597,0.381316131347,0
40598,0.00776480506266,0
40599,0.300480704272,0
40600,0.00384941506256,0
40601,0.0695717095988,0
40602,0.283832705861,0
40603,0.086319924325,0
40604,-0.0908455044934,0
40605,-0.241495428584,0
40606,0.0344684281185,0
40607,-0.332563041714,0
40608,-0.261315161882,0
40609,-0.219627706461,0
40610,-0.0779617548951,0
40611,-0.333442754288,0
40612,-0.247078930005,0
40613,-0.4669966521,0
40614,-0.572106807424,0
40615,-0.296210315863,0
40616,-0.544336881476,0
40617,-0.758196069952,0
40618,-0.753810283807,0
40619,-0.587873107739,0
40620,-0.475674504903,0
40621,-0.842235967381,0
40622,-0.743163298467,0
40623,-0.973106819514,0
40624,-1.00521941667,0
40625,-0.655231579443,0
40626,-0.71881026342,0
40627,-0.678030158542,0
40628,-0.749909207737,0
40629,-0.785797740391,0
40630,-0.976921604696,0
40631,-1.09425669683,0
40632,-1.10341790665,0
40633,-0.888844038971,0
40634,-1.26874692671,0
40635,-1.28994448981,0
40636,-0.895011036072,0
40637,-1.18708154561,0
40638,-1.2430687793,0
40639,-1.34963685988,0
40640,-1.37510243717,0
40641,-0.971485868922,0
40642,-1.3434841939,0
40643,-1.38668675195,0
40644,-1.10339561438,0
40645,-1.08365163625,0
40646,-1.19425195693,0
40647,-1.06611470945,0
40648,-1.26794121648,0
40649,-1.40579579399,0
40650,-1.27654604831,0
40651,-1.0241653761,0
40652,-1.44026070017,0
40653,-1.29478141822,0
40654,-1.4117306946,0
40655,-1.15254995148,0
40656,-1.41426964188,0
40657,-1.02300281367,0
40658,-1.14052416984,0
40659,-1.29306667471,0
40660,-1.37058821182,0
40661,-1.05357278578,0
40662,-0.935875852455,0
40663,-0.923944662361,0
40664,-0.947729663763,0
40665,-0.972972435797,0
40666,-1.11557315244,0
40667,-0.944390697125,0
40668,-0.821593798038,0
40669,-1.03232327568,0
40670,-1.13151234078,0
40671,-0.814501635463,0
40672,-0.789256470631,0
40673,-0.78939770796,0
40674,-0.94470634957,0
40675,-1.00996326328,0
40676,-0.78977249965,0
40677,-0.763339004889,0
40678,-0.635140226691,0
40679,-0.770803106443,0
40680,-0.842436840101,0
40681,-0.813936911294,0
40682,-0.40407918278,0
40683,-0.347611000898,0
40684,-0.693009381806,0
40685,-0.243081386646,0
40686,-0.302381621461,0
40687,-0.166817502114,0
40688,-0.209721598158,0
40689,-0.0856905784185,0
40690,-0.0661074582318,0
40691,-0.410924233951,0
40692,-0.191930954596,0
40693,-0.0992030205708,0
40694,-0.261782485864,0
40695,-0.139386979763,0
40696,-0.197051303024,0
40697,0.154577638093,0
40698,0.287611431489,0
40699,0.157403633876,0
40700,0.039271853433,0
40701,0.27208146718,0
40702,0.293209100187,0
40703,0.176315819129,0
40704,0.181538958661,0
40705,0.534793384799,0
40706,0.647289874433,0
40707,0.362837342356,0
40708,0.738611866469,0
40709,0.370085305893,0
40710,0.824868452005,0
40711,0.576681351232,0
40712,0.707892948581,0
40713,0.603196623401,0
40714,0.785063285658,0
40715,0.905149498976,0
40716,1.0121641356,0
40717,0.736584124939,0
40718,1.10880477238,0
40719,0.87902389224,0
40720,0.897455817376,0
40721,0.876799029348,0
40722,1.15076463001,0
40723,0.956417709705,0
40724,0.986323870163,0
40725,1.00509361797,0
40726,1.0687469406,0
40727,1.18875402894,0
40728,1.4597142041,0
40729,1.31290951326,0
40730,1.18892629468,0
40731,1.53212343691,0
40732,1.51512254385,0
40733,1.20640595246,0
40734,1.50289724591,0
40735,1.63664931754,0
40736,1.63877467959,0
40737,1.33889938655,0
40738,1.68701810167,0
40739,1.33333526451,0
40740,1.66292728762,0
40741,1.72562234205,0
40742,1.5562281736,0
40743,1.58192297899,0
40744,1.35799968712,0
40745,1.44348836085,0
40746,1.76888008164,0
40747,1.70710396961,0
40748,1.63041752366,0
40749,1.36714874927,0
40750,1.38458836381,0
40751,1.6230367531,0
40752,1.75904817906,0
40753,1.68575877723,0
40754,1.55058105334,0
40755,1.51683500751,0
40756,1.59030792642,0
40757,1.55760671077,0
40758,1.47365964095,0
40759,1.2939240696,0
40760,1.53568911048,0
40761,1.26729854416,0
40762,1.43451324028,0
40763,1.23437487012,0
40764,1.53575586153,0
40765,1.24304631484,0
40766,1.44338010435,0
40767,1.23631317635,0
40768,1.23820315657,0
40769,1.44470933498,0
40770,1.08192831282,0
40771,1.19006304367,0
40772,1.02715975608,0
40773,1.32772096069,0
40774,1.03884956626,0
40775,0.925586628275,0
40776,1.18576183611,0
40777,1.26954370984,0
40778,0.972325502923,0
40779,1.17063077691,0
40780,0.966606266534,0
40781,1.12183294599,0
40782,1.05068917972,0
40783,0.63387803719,0
40784,0.928786210495,0
40785,0.975160907384,0
40786,0.548816679096,0
40787,0.506227618126,0
40788,0.822408173838,0
40789,0.800096078015,0
40790,0.487282011282,0
40791,0.512826511652,0
40792,0.276275391828,0
40793,0.295472700224,0
40794,0.546640052455,0
40795,0.547130156125,0
40796,0.373257010649,0
40797,0.454737185493,0
40798,0.0811858592083,0
40799,0.373901758418,0
40800,0.124603196715,0
40801,0.190325491251,0
40802,0.404586487513,0
40803,0.207073705977,0
40804,0.0299082771586,0
40805,-0.120741646932,0
40806,0.155222209771,0
40807,-0.211809260062,0
40808,-0.14056138023,0
40809,-0.0988739248085,0
40810,0.042792026757,0
40811,-0.212688972636,0
40812,-0.126325148353,0
40813,-0.346242870448,0
40814,-0.451353025772,0
40815,-0.175456534211,0
40816,-0.423583099824,0
40817,-0.6374422883,0
40818,-0.633056502155,0
40819,-0.467119326087,0
40820,-0.354920723251,0
40821,-0.721482185729,0
40822,-0.622409516815,0
40823,-0.852353037862,0
40824,-0.884465635018,0
40825,-0.534477797791,0
40826,-0.598056481768,0
40827,-0.55727637689,0
40828,-0.629155426085,0
40829,-0.665043958739,0
40830,-0.856167823044,0
40831,-0.973502915174,0
40832,-0.982664124995,0
40833,-0.768090257319,0
40834,-1.14799314506,0
40835,-1.16919070816,0
40836,-0.77425725442,0
40837,-1.06632776396,0
40838,-1.12231499765,0
40839,-1.22888307823,0
40840,-1.25434865552,0
40841,-0.850732087269,0
40842,-1.22273041225,0
40843,-1.2659329703,0
40844,-0.982641832728,0
40845,-0.962897854598,0
40846,-1.07349817527,0
40847,-0.9453609278,0
40848,-1.14718743483,0
40849,-1.28504201234,0
40850,-1.15579226666,0
40851,-0.90341159445,0
40852,-1.31950691852,0
40853,-1.17402763657,0
40854,-1.29097691295,0
40855,-1.03179616983,0
40856,-1.29351586023,0
40857,-0.902249032021,0
40858,-1.01977038819,0
40859,-1.17231289306,0
40860,-1.24983443017,0
40861,-0.932819004132,0
40862,-0.815122070803,0
40863,-0.803190880709,0
40864,-0.826975882111,0
40865,-0.852218654145,0
40866,-0.994819370789,0
40867,-0.823636915473,0
40868,-0.700840016386,0
40869,-0.911569494031,0
40870,-1.01075855913,0
40871,-0.693747853811,0
40872,-0.668502688979,0
40873,-0.668643926308,0
40874,-0.823952567918,0
40875,-0.889209481623,0
40876,-0.669018717998,0
40877,-0.642585223237,0
40878,-0.514386445039,0
40879,-0.650049324791,0
40880,-0.721683058449,0
40881,-0.693183129642,0
40882,-0.283325401128,0
40883,-0.226857219246,0
40884,-0.572255600154,0
40885,-0.122327604994,0
40886,-0.181627839808,0
40887,-0.0460637204616,0
40888,-0.0889678165063,0
40889,0.0350632032336,0
40890,0.0546463234202,0
40891,-0.290170452299,0
40892,-0.0711771729439,0
40893,0.0215507610813,0
40894,-0.141028704212,0
40895,-0.0186331981107,0
40896,-0.0762975213717,0
40897,0.275331419745,0
40898,0.408365213141,0
40899,0.278157415529,0
40900,0.160025635085,0
40901,0.392835248832,0
40902,0.413962881839,0
40903,0.297069600781,0
40904,0.302292740313,0
40905,0.655547166451,0
40906,0.768043656085,0
40907,0.483591124008,0
40908,0.859365648121,0
40909,0.490839087545,0
40910,0.945622233657,0
40911,0.697435132884,0
40912,0.828646730233,0
40913,0.723950405053,0
40914,0.90581706731,0
40915,1.02590328063,0
40916,1.13291791725,0
40917,0.857337906591,0
40918,1.22955855404,0
40919,0.999777673892,0
40920,1.01820959903,0
40921,0.997552811,0
40922,1.27151841167,0
40923,1.07717149136,0
40924,1.10707765182,0
40925,1.12584739962,0
40926,1.18950072225,0
40927,1.30950781059,0
40928,1.58046798576,0
40929,1.43366329491,0
40930,1.30968007634,0
40931,1.65287721856,0
40932,1.6358763255,0
40933,1.32715973411,0
40934,1.62365102756,0
40935,1.75740309919,0
40936,1.75952846124,0
40937,1.4596531682,0
40938,1.80777188333,0
40939,1.45408904616,0
40940,1.78368106927,0
40941,1.8463761237,0
40942,1.67698195525,0
40943,1.70267676064,0
40944,1.47875346877,0
40945,1.56424214251,0
40946,1.88963386329,0
40947,1.82785775126,0
40948,1.75117130531,0
40949,1.48790253092,0
40950,1.50534214546,0
40951,1.74379053475,0
40952,1.87980196071,0
40953,1.80651255888,0
40954,1.67133483499,0
40955,1.63758878916,0
40956,1.71106170807,0
40957,1.67836049242,0
40958,1.5944134226,0
40959,1.41467785125,0
40960,1.65644289213,0
40961,1.38805232581,0
40962,1.55526702193,0
40963,1.35512865177,0
40964,1.65650964318,0
40965,1.3638000965,0
40966,1.564133886,0
40967,1.357066958,0
40968,1.35895693822,0
40969,1.56546311663,0
40970,1.20268209448,0
40971,1.31081682532,0
40972,1.14791353774,0
40973,1.44847474234,0
40974,1.15960334791,0
40975,1.04634040993,0
40976,1.30651561776,0
40977,1.3902974915,0
40978,1.09307928458,0
40979,1.29138455856,0
40980,1.08736004819,0
40981,1.24258672764,0
40982,1.17144296138,0
40983,0.754631818842,0
40984,1.04953999215,0
40985,1.09591468904,0
40986,0.669570460748,0
40987,0.626981399778,0
40988,0.94316195549,0
40989,0.920849859668,0
40990,0.608035792934,0
40991,0.633580293304,0
40992,0.39702917348,0
40993,0.416226481876,0
40994,0.667393834107,0
40995,0.667883937777,0
40996,0.494010792301,0
40997,0.575490967145,0
40998,0.20193964086,0
40999,0.49465554007,0
41000,0.177719367042,0
41001,0.243441661579,0
41002,0.457702657841,0
41003,0.260189876305,0
41004,0.0830244474865,0
41005,-0.0676254766041,0
41006,0.208338380098,0
41007,-0.158693089734,0
41008,-0.0874452099023,0
41009,-0.0457577544807,0
41010,0.0959081970848,0
41011,-0.159572802308,0
41012,-0.0732089780249,0
41013,-0.293126700121,0
41014,-0.398236855444,0
41015,-0.122340363883,0
41016,-0.370466929496,0
41017,-0.584326117972,0
41018,-0.579940331827,0
41019,-0.414003155759,0
41020,-0.301804552923,0
41021,-0.668366015401,0
41022,-0.569293346487,0
41023,-0.799236867534,0
41024,-0.83134946469,0
41025,-0.481361627463,0
41026,-0.54494031144,0
41027,-0.504160206562,0
41028,-0.576039255757,0
41029,-0.611927788411,0
41030,-0.803051652716,0
41031,-0.920386744846,0
41032,-0.929547954667,0
41033,-0.714974086991,0
41034,-1.09487697473,0
41035,-1.11607453783,0
41036,-0.721141084092,0
41037,-1.01321159363,0
41038,-1.06919882732,0
41039,-1.1757669079,0
41040,-1.20123248519,0
41041,-0.797615916942,0
41042,-1.16961424192,0
41043,-1.21281679997,0
41044,-0.9295256624,0
41045,-0.90978168427,0
41046,-1.02038200495,0
41047,-0.892244757472,0
41048,-1.0940712645,0
41049,-1.23192584201,0
41050,-1.10267609633,0
41051,-0.850295424122,0
41052,-1.26639074819,0
41053,-1.12091146624,0
41054,-1.23786074262,0
41055,-0.978679999504,0
41056,-1.2403996899,0
41057,-0.849132861693,0
41058,-0.966654217862,0
41059,-1.11919672273,0
41060,-1.19671825984,0
41061,-0.879702833804,0
41062,-0.762005900475,0
41063,-0.750074710381,0
41064,-0.773859711784,0
41065,-0.799102483817,0
41066,-0.941703200461,0
41067,-0.770520745145,0
41068,-0.647723846058,0
41069,-0.858453323703,0
41070,-0.9576423888,0
41071,-0.640631683484,0
41072,-0.615386518651,0
41073,-0.61552775598,0
41074,-0.77083639759,0
41075,-0.836093311295,0
41076,-0.61590254767,0
41077,-0.589469052909,0
41078,-0.461270274711,0
41079,-0.596933154463,0
41080,-0.668566888121,0
41081,-0.640066959314,0
41082,-0.2302092308,0
41083,-0.173741048918,0
41084,-0.519139429826,0
41085,-0.0692114346659,0
41086,-0.128511669481,0
41087,0.00705244986628,0
41088,-0.0358516461784,0
41089,0.0881793735615,0
41090,0.107762493748,0
41091,-0.237054281972,0
41092,-0.018061002616,0
41093,0.0746669314091,0
41094,-0.0879125338837,0
41095,0.0344829722172,0
41096,-0.0231813510439,0
41097,0.328447590073,0
41098,0.461481383469,0
41099,0.331273585856,0
41100,0.213141805413,0
41101,0.44595141916,0
41102,0.467079052167,0
41103,0.350185771109,0
41104,0.355408910641,0
41105,0.708663336778,0
41106,0.821159826413,0
41107,0.536707294336,0
41108,0.912481818449,0
41109,0.543955257873,0
41110,0.998738403985,0
41111,0.750551303212,0
41112,0.881762900561,0
41113,0.777066575381,0
41114,0.958933237638,0
41115,1.07901945096,0
41116,1.18603408758,0
41117,0.910454076919,0
41118,1.28267472436,0
41119,1.05289384422,0
41120,1.07132576936,0
41121,1.05066898133,0
41122,1.32463458199,0
41123,1.13028766168,0
41124,1.16019382214,0
41125,1.17896356995,0
41126,1.24261689258,0
41127,1.36262398092,0
41128,1.63358415608,0
41129,1.48677946524,0
41130,1.36279624666,0
41131,1.70599338889,0
41132,1.68899249583,0
41133,1.38027590444,0
41134,1.67676719789,0
41135,1.81051926952,0
41136,1.81264463157,0
41137,1.51276933853,0
41138,1.86088805365,0
41139,1.50720521649,0
41140,1.8367972396,0
41141,1.89949229403,0
41142,1.73009812558,0
41143,1.75579293097,0
41144,1.5318696391,0
41145,1.61735831283,0
41146,1.94275003362,0
41147,1.88097392159,0
41148,1.80428747564,0
41149,1.54101870125,0
41150,1.55845831579,0
41151,1.79690670508,0
41152,1.93291813104,0
41153,1.85962872921,0
41154,1.72445100532,0
41155,1.69070495949,0
41156,1.7641778784,0
41157,1.73147666275,0
41158,1.64752959293,0
41159,1.46779402158,0
41160,1.70955906246,0
41161,1.44116849614,0
41162,1.60838319226,0
41163,1.4082448221,0
41164,1.70962581351,0
41165,1.41691626682,0
41166,1.61725005633,0
41167,1.41018312833,0
41168,1.41207310855,0
41169,1.61857928696,0
41170,1.2557982648,0
41171,1.36393299565,0
41172,1.20102970806,0
41173,1.50159091267,0
41174,1.21271951824,0
41175,1.09945658026,0
41176,1.35963178809,0
41177,1.44341366182,0
41178,1.1461954549,0
41179,1.34450072889,0
41180,1.14047621851,0
41181,1.29570289797,0
41182,1.2245591317,0
41183,0.807747989169,0
41184,1.10265616248,0
41185,1.14903085936,0
41186,0.722686631076,0
41187,0.680097570106,0
41188,0.996278125818,0
41189,0.973966029995,0
41190,0.661151963262,0
41191,0.686696463632,0
41192,0.450145343808,0
41193,0.469342652204,0
41194,0.720510004435,0
41195,0.721000108105,0
41196,0.547126962629,0
41197,0.628607137473,0
41198,0.255055811188,0
41199,0.547771710398,0
41200,0.0490311000597,0
41201,0.114753394596,0
41202,0.329014390858,0
41203,0.131501609322,0
41204,-0.0456638194963,0
41205,-0.196313743587,0
41206,0.0796501131156,0
41207,-0.287381356717,0
41208,-0.216133476885,0
41209,-0.174446021463,0
41210,-0.0327800698979,0
41211,-0.28826106929,0
41212,-0.201897245008,0
41213,-0.421814967103,0
41214,-0.526925122426,0
41215,-0.251028630866,0
41216,-0.499155196479,0
41217,-0.713014384954,0
41218,-0.70862859881,0
41219,-0.542691422742,0
41220,-0.430492819906,0
41221,-0.797054282384,0
41222,-0.69798161347,0
41223,-0.927925134517,0
41224,-0.960037731673,0
41225,-0.610049894445,0
41226,-0.673628578423,0
41227,-0.632848473545,0
41228,-0.70472752274,0
41229,-0.740616055394,0
41230,-0.931739919699,0
41231,-1.04907501183,0
41232,-1.05823622165,0
41233,-0.843662353974,0
41234,-1.22356524171,0
41235,-1.24476280481,0
41236,-0.849829351075,0
41237,-1.14189986062,0
41238,-1.19788709431,0
41239,-1.30445517488,0
41240,-1.32992075218,0
41241,-0.926304183924,0
41242,-1.2983025089,0
41243,-1.34150506695,0
41244,-1.05821392938,0
41245,-1.03846995125,0
41246,-1.14907027193,0
41247,-1.02093302445,0
41248,-1.22275953148,0
41249,-1.360614109,0
41250,-1.23136436331,0
41251,-0.978983691105,0
41252,-1.39507901518,0
41253,-1.24959973323,0
41254,-1.36654900961,0
41255,-1.10736826649,0
41256,-1.36908795688,0
41257,-0.977821128675,0
41258,-1.09534248484,0
41259,-1.24788498972,0
41260,-1.32540652682,0
41261,-1.00839110079,0
41262,-0.890694167458,0
41263,-0.878762977364,0
41264,-0.902547978766,0
41265,-0.9277907508,0
41266,-1.07039146744,0
41267,-0.899209012127,0
41268,-0.776412113041,0
41269,-0.987141590686,0
41270,-1.08633065578,0
41271,-0.769319950466,0
41272,-0.744074785634,0
41273,-0.744216022963,0
41274,-0.899524664573,0
41275,-0.964781578278,0
41276,-0.744590814652,0
41277,-0.718157319892,0
41278,-0.589958541694,0
41279,-0.725621421446,0
41280,-0.797255155104,0
41281,-0.768755226297,0
41282,-0.358897497783,0
41283,-0.3024293159,0
41284,-0.647827696809,0
41285,-0.197899701649,0
41286,-0.257199936463,0
41287,-0.121635817116,0
41288,-0.164539913161,0
41289,-0.0405088934213,0
41290,-0.0209257732347,0
41291,-0.365742548954,0
41292,-0.146749269599,0
41293,-0.0540213355736,0
41294,-0.216600800866,0
41295,-0.0942052947656,0
41296,-0.151869618027,0
41297,0.19975932309,0
41298,0.332793116487,0
41299,0.202585318874,0
41300,0.0844535384302,0
41301,0.317263152178,0
41302,0.338390785184,0
41303,0.221497504126,0
41304,0.226720643658,0
41305,0.579975069796,0
41306,0.69247155943,0
41307,0.408019027353,0
41308,0.783793551466,0
41309,0.41526699089,0
41310,0.870050137002,0
41311,0.621863036229,0
41312,0.753074633579,0
41313,0.648378308398,0
41314,0.830244970655,0
41315,0.950331183973,0
41316,1.0573458206,0
41317,0.781765809936,0
41318,1.15398645738,0
41319,0.924205577237,0
41320,0.942637502373,0
41321,0.921980714345,0
41322,1.19594631501,0
41323,1.0015993947,0
41324,1.03150555516,0
41325,1.05027530297,0
41326,1.1139286256,0
41327,1.23393571393,0
41328,1.5048958891,0
41329,1.35809119825,0
41330,1.23410797968,0
41331,1.57730512191,0
41332,1.56030422884,0
41333,1.25158763745,0
41334,1.54807893091,0
41335,1.68183100253,0
41336,1.68395636458,0
41337,1.38408107155,0
41338,1.73219978667,0
41339,1.37851694951,0
41340,1.70810897262,0
41341,1.77080402705,0
41342,1.6014098586,0
41343,1.62710466399,0
41344,1.40318137212,0
41345,1.48867004585,0
41346,1.81406176663,0
41347,1.7522856546,0
41348,1.67559920866,0
41349,1.41233043427,0
41350,1.42977004881,0
41351,1.6682184381,0
41352,1.80422986406,0
41353,1.73094046222,0
41354,1.59576273833,0
41355,1.56201669251,0
41356,1.63548961142,0
41357,1.60278839576,0
41358,1.51884132595,0
41359,1.3391057546,0
41360,1.58087079548,0
41361,1.31248022916,0
41362,1.47969492528,0
41363,1.27955655512,0
41364,1.58093754653,0
41365,1.28822799984,0
41366,1.48856178934,0
41367,1.28149486135,0
41368,1.28338484157,0
41369,1.48989101998,0
41370,1.12710999782,0
41371,1.23524472867,0
41372,1.07234144108,0
41373,1.37290264569,0
41374,1.08403125126,0
41375,0.970768313272,0
41376,1.23094352111,0
41377,1.31472539484,0
41378,1.01750718792,0
41379,1.21581246191,0
41380,1.01178795153,0
41381,1.16701463099,0
41382,1.09587086472,0
41383,0.679059722187,0
41384,0.973967895492,0
41385,1.02034259238,0
41386,0.593998364093,0
41387,0.551409303123,0
41388,0.867589858835,0
41389,0.845277763013,0
41390,0.532463696279,0
41391,0.558008196649,0
41392,0.321457076825,0
41393,0.340654385221,0
41394,0.591821737452,0
41395,0.592311841122,0
41396,0.418438695646,0
41397,0.49991887049,0
41398,0.126367544205,0
41399,0.419083443415,0
41400,-0.170962774051,0
41401,-0.105240479515,0
41402,0.109020516747,0
41403,-0.0884922647884,0
41404,-0.265657693607,0
41405,-0.416307617697,0
41406,-0.140343760995,0
41407,-0.507375230828,0
41408,-0.436127350996,0
41409,-0.394439895574,0
41410,-0.252773944009,0
41411,-0.508254943401,0
41412,-0.421891119118,0
41413,-0.641808841214,0
41414,-0.746918996537,0
41415,-0.471022504976,0
41416,-0.719149070589,0
41417,-0.933008259065,0
41418,-0.928622472921,0
41419,-0.762685296853,0
41420,-0.650486694016,0
41421,-1.01704815649,0
41422,-0.91797548758,0
41423,-1.14791900863,0
41424,-1.18003160578,0
41425,-0.830043768556,0
41426,-0.893622452534,0
41427,-0.852842347656,0
41428,-0.92472139685,0
41429,-0.960609929504,0
41430,-1.15173379381,0
41431,-1.26906888594,0
41432,-1.27823009576,0
41433,-1.06365622808,0
41434,-1.44355911582,0
41435,-1.46475667893,0
41436,-1.06982322519,0
41437,-1.36189373473,0
41438,-1.41788096842,0
41439,-1.52444904899,0
41440,-1.54991462629,0
41441,-1.14629805804,0
41442,-1.51829638301,0
41443,-1.56149894106,0
41444,-1.27820780349,0
41445,-1.25846382536,0
41446,-1.36906414604,0
41447,-1.24092689857,0
41448,-1.4427534056,0
41449,-1.58060798311,0
41450,-1.45135823742,0
41451,-1.19897756522,0
41452,-1.61507288929,0
41453,-1.46959360734,0
41454,-1.58654288372,0
41455,-1.3273621406,0
41456,-1.58908183099,0
41457,-1.19781500279,0
41458,-1.31533635896,0
41459,-1.46787886383,0
41460,-1.54540040093,0
41461,-1.2283849749,0
41462,-1.11068804157,0
41463,-1.09875685147,0
41464,-1.12254185288,0
41465,-1.14778462491,0
41466,-1.29038534155,0
41467,-1.11920288624,0
41468,-0.996405987151,0
41469,-1.2071354648,0
41470,-1.30632452989,0
41471,-0.989313824577,0
41472,-0.964068659745,0
41473,-0.964209897073,0
41474,-1.11951853868,0
41475,-1.18477545239,0
41476,-0.964584688763,0
41477,-0.938151194003,0
41478,-0.809952415804,0
41479,-0.945615295556,0
41480,-1.01724902921,0
41481,-0.988749100408,0
41482,-0.578891371893,0
41483,-0.522423190011,0
41484,-0.86782157092,0
41485,-0.417893575759,0
41486,-0.477193810574,0
41487,-0.341629691227,0
41488,-0.384533787272,0
41489,-0.260502767532,0
41490,-0.240919647345,0
41491,-0.585736423065,0
41492,-0.366743143709,0
41493,-0.274015209684,0
41494,-0.436594674977,0
41495,-0.314199168876,0
41496,-0.371863492137,0
41497,-0.0202345510207,0
41498,0.112799242376,0
41499,-0.017408555237,0
41500,-0.13554033568,0
41501,0.0972692780669,0
41502,0.118396911074,0
41503,0.00150363001533,0
41504,0.0067267695473,0
41505,0.359981195685,0
41506,0.472477685319,0
41507,0.188025153243,0
41508,0.563799677355,0
41509,0.195273116779,0
41510,0.650056262892,0
41511,0.401869162119,0
41512,0.533080759468,0
41513,0.428384434288,0
41514,0.610251096544,0
41515,0.730337309863,0
41516,0.837351946487,0
41517,0.561771935825,0
41518,0.93399258327,0
41519,0.704211703127,0
41520,0.722643628263,0
41521,0.701986840234,0
41522,0.975952440901,0
41523,0.781605520591,0
41524,0.81151168105,0
41525,0.830281428855,0
41526,0.893934751487,0
41527,1.01394183982,0
41528,1.28490201499,0
41529,1.13809732414,0
41530,1.01411410557,0
41531,1.35731124779,0
41532,1.34031035473,0
41533,1.03159376334,0
41534,1.3280850568,0
41535,1.46183712842,0
41536,1.46396249047,0
41537,1.16408719744,0
41538,1.51220591256,0
41539,1.1585230754,0
41540,1.48811509851,0
41541,1.55081015294,0
41542,1.38141598449,0
41543,1.40711078988,0
41544,1.18318749801,0
41545,1.26867617174,0
41546,1.59406789252,0
41547,1.53229178049,0
41548,1.45560533455,0
41549,1.19233656016,0
41550,1.2097761747,0
41551,1.44822456399,0
41552,1.58423598995,0
41553,1.51094658811,0
41554,1.37576886422,0
41555,1.3420228184,0
41556,1.41549573731,0
41557,1.38279452165,0
41558,1.29884745184,0
41559,1.11911188048,0
41560,1.36087692137,0
41561,1.09248635504,0
41562,1.25970105117,0
41563,1.05956268101,0
41564,1.36094367242,0
41565,1.06823412573,0
41566,1.26856791523,0
41567,1.06150098724,0
41568,1.06339096746,0
41569,1.26989714587,0
41570,0.90711612371,0
41571,1.01525085456,0
41572,0.852347566971,0
41573,1.15290877158,0
41574,0.864037377149,0
41575,0.750774439162,0
41576,1.010949647,0
41577,1.09473152073,0
41578,0.79751331381,0
41579,0.995818587799,0
41580,0.791794077421,0
41581,0.947020756879,0
41582,0.87587699061,0
41583,0.459065848076,0
41584,0.753974021382,0
41585,0.800348718271,0
41586,0.374004489983,0
41587,0.331415429013,0
41588,0.647595984724,0
41589,0.625283888902,0
41590,0.312469822168,0
41591,0.338014322539,0
41592,0.101463202715,0
41593,0.12066051111,0
41594,0.371827863342,0
41595,0.372317967011,0
41596,0.198444821536,0
41597,0.279924996379,0
41598,-0.0936263299052,0
41599,0.199089569305,0
41600,0.0123366214831,0
41601,0.0780589160193,0
41602,0.292319912281,0
41603,0.0948071307456,0
41604,-0.0823582980729,0
41605,-0.233008222163,0
41606,0.042955634539,0
41607,-0.324075835294,0
41608,-0.252827955462,0
41609,-0.21114050004,0
41610,-0.0694745484745,0
41611,-0.324955547867,0
41612,-0.238591723584,0
41613,-0.45850944568,0
41614,-0.563619601003,0
41615,-0.287723109442,0
41616,-0.535849675055,0
41617,-0.749708863531,0
41618,-0.745323077387,0
41619,-0.579385901319,0
41620,-0.467187298482,0
41621,-0.83374876096,0
41622,-0.734676092046,0
41623,-0.964619613093,0
41624,-0.99673221025,0
41625,-0.646744373022,0
41626,-0.710323057,0
41627,-0.669542952122,0
41628,-0.741422001316,0
41629,-0.77731053397,0
41630,-0.968434398276,0
41631,-1.08576949041,0
41632,-1.09493070023,0
41633,-0.88035683255,0
41634,-1.26025972029,0
41635,-1.28145728339,0
41636,-0.886523829652,0
41637,-1.17859433919,0
41638,-1.23458157288,0
41639,-1.34114965346,0
41640,-1.36661523075,0
41641,-0.962998662501,0
41642,-1.33499698748,0
41643,-1.37819954553,0
41644,-1.09490840796,0
41645,-1.07516442983,0
41646,-1.18576475051,0
41647,-1.05762750303,0
41648,-1.25945401006,0
41649,-1.39730858757,0
41650,-1.26805884189,0
41651,-1.01567816968,0
41652,-1.43177349375,0
41653,-1.2862942118,0
41654,-1.40324348818,0
41655,-1.14406274506,0
41656,-1.40578243546,0
41657,-1.01451560725,0
41658,-1.13203696342,0
41659,-1.28457946829,0
41660,-1.3621010054,0
41661,-1.04508557936,0
41662,-0.927388646035,0
41663,-0.915457455941,0
41664,-0.939242457343,0
41665,-0.964485229376,0
41666,-1.10708594602,0
41667,-0.935903490704,0
41668,-0.813106591617,0
41669,-1.02383606926,0
41670,-1.12302513436,0
41671,-0.806014429043,0
41672,-0.780769264211,0
41673,-0.780910501539,0
41674,-0.936219143149,0
41675,-1.00147605685,0
41676,-0.781285293229,0
41677,-0.754851798469,0
41678,-0.62665302027,0
41679,-0.762315900022,0
41680,-0.83394963368,0
41681,-0.805449704874,0
41682,-0.395591976359,0
41683,-0.339123794477,0
41684,-0.684522175386,0
41685,-0.234594180225,0
41686,-0.29389441504,0
41687,-0.158330295693,0
41688,-0.201234391738,0
41689,-0.0772033719979,0
41690,-0.0576202518113,0
41691,-0.402437027531,0
41692,-0.183443748175,0
41693,-0.0907158141502,0
41694,-0.253295279443,0
41695,-0.130899773342,0
41696,-0.188564096603,0
41697,0.163064844513,0
41698,0.29609863791,0
41699,0.165890840297,0
41700,0.0477590598536,0
41701,0.280568673601,0
41702,0.301696306608,0
41703,0.184803025549,0
41704,0.190026165081,0
41705,0.543280591219,0
41706,0.655777080853,0
41707,0.371324548777,0
41708,0.74709907289,0
41709,0.378572512313,0
41710,0.833355658426,0
41711,0.585168557653,0
41712,0.716380155002,0
41713,0.611683829822,0
41714,0.793550492078,0
41715,0.913636705397,0
41716,1.02065134202,0
41717,0.745071331359,0
41718,1.1172919788,0
41719,0.887511098661,0
41720,0.905943023797,0
41721,0.885286235768,0
41722,1.15925183644,0
41723,0.964904916125,0
41724,0.994811076584,0
41725,1.01358082439,0
41726,1.07723414702,0
41727,1.19724123536,0
41728,1.46820141052,0
41729,1.32139671968,0
41730,1.1974135011,0
41731,1.54061064333,0
41732,1.52360975027,0
41733,1.21489315888,0
41734,1.51138445233,0
41735,1.64513652396,0
41736,1.64726188601,0
41737,1.34738659297,0
41738,1.69550530809,0
41739,1.34182247093,0
41740,1.67141449404,0
41741,1.73410954847,0
41742,1.56471538002,0
41743,1.59041018541,0
41744,1.36648689354,0
41745,1.45197556727,0
41746,1.77736728806,0
41747,1.71559117603,0
41748,1.63890473008,0
41749,1.37563595569,0
41750,1.39307557023,0
41751,1.63152395952,0
41752,1.76753538548,0
41753,1.69424598365,0
41754,1.55906825976,0
41755,1.52532221393,0
41756,1.59879513284,0
41757,1.56609391719,0
41758,1.48214684737,0
41759,1.30241127602,0
41760,1.5441763169,0
41761,1.27578575058,0
41762,1.4430004467,0
41763,1.24286207654,0
41764,1.54424306795,0
41765,1.25153352127,0
41766,1.45186731077,0
41767,1.24480038277,0
41768,1.24669036299,0
41769,1.4531965414,0
41770,1.09041551924,0
41771,1.19855025009,0
41772,1.0356469625,0
41773,1.33620816711,0
41774,1.04733677268,0
41775,0.934073834696,0
41776,1.19424904253,0
41777,1.27803091626,0
41778,0.980812709344,0
41779,1.17911798333,0
41780,0.975093472955,0
41781,1.13032015241,0
41782,1.05917638614,0
41783,0.64236524361,0
41784,0.937273416916,0
41785,0.983648113805,0
41786,0.557303885517,0
41787,0.514714824547,0
41788,0.830895380258,0
41789,0.808583284436,0
41790,0.495769217702,0
41791,0.521313718073,0
41792,0.284762598249,0
41793,0.303959906644,0
41794,0.555127258876,0
41795,0.555617362545,0
41796,0.38174421707,0
41797,0.463224391913,0
41798,0.0896730656289,0
41799,0.382388964839,0
41800,0.0280168183077,0
41801,0.0937391128439,0
41802,0.308000109106,0
41803,0.11048732757,0
41804,-0.0666781012483,0
41805,-0.217328025339,0
41806,0.0586358313636,0
41807,-0.308395638469,0
41808,-0.237147758637,0
41809,-0.195460303215,0
41810,-0.05379435165,0
41811,-0.309275351043,0
41812,-0.22291152676,0
41813,-0.442829248855,0
41814,-0.547939404178,0
41815,-0.272042912618,0
41816,-0.520169478231,0
41817,-0.734028666707,0
41818,-0.729642880562,0
41819,-0.563705704494,0
41820,-0.451507101658,0
41821,-0.818068564136,0
41822,-0.718995895222,0
41823,-0.948939416269,0
41824,-0.981052013425,0
41825,-0.631064176198,0
41826,-0.694642860175,0
41827,-0.653862755297,0
41828,-0.725741804492,0
41829,-0.761630337146,0
41830,-0.952754201451,0
41831,-1.07008929358,0
41832,-1.0792505034,0
41833,-0.864676635726,0
41834,-1.24457952347,0
41835,-1.26577708657,0
41836,-0.870843632827,0
41837,-1.16291414237,0
41838,-1.21890137606,0
41839,-1.32546945663,0
41840,-1.35093503393,0
41841,-0.947318465676,0
41842,-1.31931679065,0
41843,-1.3625193487,0
41844,-1.07922821114,0
41845,-1.059484233,0
41846,-1.17008455368,0
41847,-1.04194730621,0
41848,-1.24377381324,0
41849,-1.38162839075,0
41850,-1.25237864506,0
41851,-0.999997972857,0
41852,-1.41609329693,0
41853,-1.27061401498,0
41854,-1.38756329136,0
41855,-1.12838254824,0
41856,-1.39010223863,0
41857,-0.998835410428,0
41858,-1.1163567666,0
41859,-1.26889927147,0
41860,-1.34642080857,0
41861,-1.02940538254,0
41862,-0.91170844921,0
41863,-0.899777259116,0
41864,-0.923562260518,0
41865,-0.948805032552,0
41866,-1.0914057492,0
41867,-0.92022329388,0
41868,-0.797426394793,0
41869,-1.00815587244,0
41870,-1.10734493753,0
41871,-0.790334232218,0
41872,-0.765089067386,0
41873,-0.765230304715,0
41874,-0.920538946325,0
41875,-0.98579586003,0
41876,-0.765605096404,0
41877,-0.739171601644,0
41878,-0.610972823446,0
41879,-0.746635703198,0
41880,-0.818269436856,0
41881,-0.789769508049,0
41882,-0.379911779535,0
41883,-0.323443597652,0
41884,-0.668841978561,0
41885,-0.218913983401,0
41886,-0.278214218215,0
41887,-0.142650098869,0
41888,-0.185554194913,0
41889,-0.0615231751733,0
41890,-0.0419400549867,0
41891,-0.386756830706,0
41892,-0.167763551351,0
41893,-0.0750356173257,0
41894,-0.237615082619,0
41895,-0.115219576518,0
41896,-0.172883899779,0
41897,0.178745041338,0
41898,0.311778834735,0
41899,0.181571037122,0
41900,0.0634392566782,0
41901,0.296248870426,0
41902,0.317376503432,0
41903,0.200483222374,0
41904,0.205706361906,0
41905,0.558960788044,0
41906,0.671457277678,0
41907,0.387004745601,0
41908,0.762779269714,0
41909,0.394252709138,0
41910,0.84903585525,0
41911,0.600848754477,0
41912,0.732060351826,0
41913,0.627364026646,0
41914,0.809230688903,0
41915,0.929316902221,0
41916,1.03633153885,0
41917,0.760751528184,0
41918,1.13297217563,0
41919,0.903191295485,0
41920,0.921623220621,0
41921,0.900966432593,0
41922,1.17493203326,0
41923,0.98058511295,0
41924,1.01049127341,0
41925,1.02926102121,0
41926,1.09291434385,0
41927,1.21292143218,0
41928,1.48388160735,0
41929,1.3370769165,0
41930,1.21309369793,0
41931,1.55629084015,0
41932,1.53928994709,0
41933,1.2305733557,0
41934,1.52706464916,0
41935,1.66081672078,0
41936,1.66294208283,0
41937,1.3630667898,0
41938,1.71118550492,0
41939,1.35750266776,0
41940,1.68709469086,0
41941,1.74978974529,0
41942,1.58039557685,0
41943,1.60609038223,0
41944,1.38216709036,0
41945,1.4676557641,0
41946,1.79304748488,0
41947,1.73127137285,0
41948,1.6545849269,0
41949,1.39131615252,0
41950,1.40875576705,0
41951,1.64720415635,0
41952,1.7832155823,0
41953,1.70992618047,0
41954,1.57474845658,0
41955,1.54100241076,0
41956,1.61447532967,0
41957,1.58177411401,0
41958,1.4978270442,0
41959,1.31809147284,0
41960,1.55985651373,0
41961,1.2914659474,0
41962,1.45868064353,0
41963,1.25854227337,0
41964,1.55992326477,0
41965,1.26721371809,0
41966,1.46754750759,0
41967,1.2604805796,0
41968,1.26237055982,0
41969,1.46887673823,0
41970,1.10609571607,0
41971,1.21423044691,0
41972,1.05132715933,0
41973,1.35188836393,0
41974,1.06301696951,0
41975,0.94975403152,0
41976,1.20992923935,0
41977,1.29371111309,0
41978,0.996492906168,0
41979,1.19479818016,0
41980,0.99077366978,0
41981,1.14600034924,0
41982,1.07485658297,0
41983,0.658045440435,0
41984,0.95295361374,0
41985,0.999328310629,0
41986,0.572984082341,0
41987,0.530395021371,0
41988,0.846575577083,0
41989,0.824263481261,0
41990,0.511449414527,0
41991,0.536993914897,0
41992,0.300442795073,0
41993,0.319640103469,0
41994,0.5708074557,0
41995,0.57129755937,0
41996,0.397424413894,0
41997,0.478904588738,0
41998,0.105353262453,0
41999,0.398069161663,0
42000,0.00116632410261,0
42001,0.0668886186388,0
42002,0.281149614901,0
42003,0.0836368333651,0
42004,-0.0935285954534,0
42005,-0.244178519544,0
42006,0.0317853371585,0
42007,-0.335246132674,0
42008,-0.263998252842,0
42009,-0.222310797421,0
42010,-0.080644845855,0
42011,-0.336125845248,0
42012,-0.249762020965,0
42013,-0.46967974306,0
42014,-0.574789898384,0
42015,-0.298893406823,0
42016,-0.547019972436,0
42017,-0.760879160912,0
42018,-0.756493374767,0
42019,-0.590556198699,0
42020,-0.478357595863,0
42021,-0.844919058341,0
42022,-0.745846389427,0
42023,-0.975789910474,0
42024,-1.00790250763,0
42025,-0.657914670403,0
42026,-0.72149335438,0
42027,-0.680713249502,0
42028,-0.752592298697,0
42029,-0.788480831351,0
42030,-0.979604695656,0
42031,-1.09693978779,0
42032,-1.10610099761,0
42033,-0.891527129931,0
42034,-1.27143001767,0
42035,-1.29262758077,0
42036,-0.897694127032,0
42037,-1.18976463657,0
42038,-1.24575187026,0
42039,-1.35231995084,0
42040,-1.37778552813,0
42041,-0.974168959881,0
42042,-1.34616728486,0
42043,-1.38936984291,0
42044,-1.10607870534,0
42045,-1.08633472721,0
42046,-1.19693504789,0
42047,-1.06879780041,0
42048,-1.27062430744,0
42049,-1.40847888495,0
42050,-1.27922913927,0
42051,-1.02684846706,0
42052,-1.44294379113,0
42053,-1.29746450918,0
42054,-1.41441378556,0
42055,-1.15523304244,0
42056,-1.41695273284,0
42057,-1.02568590463,0
42058,-1.1432072608,0
42059,-1.29574976567,0
42060,-1.37327130278,0
42061,-1.05625587674,0
42062,-0.938558943415,0
42063,-0.926627753321,0
42064,-0.950412754723,0
42065,-0.975655526757,0
42066,-1.1182562434,0
42067,-0.947073788085,0
42068,-0.824276888998,0
42069,-1.03500636664,0
42070,-1.13419543174,0
42071,-0.817184726423,0
42072,-0.791939561591,0
42073,-0.79208079892,0
42074,-0.94738944053,0
42075,-1.01264635424,0
42076,-0.79245559061,0
42077,-0.766022095849,0
42078,-0.637823317651,0
42079,-0.773486197403,0
42080,-0.845119931061,0
42081,-0.816620002254,0
42082,-0.40676227374,0
42083,-0.350294091858,0
42084,-0.695692472766,0
42085,-0.245764477606,0
42086,-0.30506471242,0
42087,-0.169500593074,0
42088,-0.212404689118,0
42089,-0.0883736693784,0
42090,-0.0687905491918,0
42091,-0.413607324911,0
42092,-0.194614045556,0
42093,-0.101886111531,0
42094,-0.264465576824,0
42095,-0.142070070723,0
42096,-0.199734393984,0
42097,0.151894547133,0
42098,0.284928340529,0
42099,0.154720542917,0
42100,0.0365887624731,0
42101,0.26939837622,0
42102,0.290526009227,0
42103,0.173632728169,0
42104,0.178855867701,0
42105,0.532110293839,0
42106,0.644606783473,0
42107,0.360154251396,0
42108,0.735928775509,0
42109,0.367402214933,0
42110,0.822185361045,0
42111,0.573998260272,0
42112,0.705209857621,0
42113,0.600513532441,0
42114,0.782380194698,0
42115,0.902466408016,0
42116,1.00948104464,0
42117,0.733901033979,0
42118,1.10612168142,0
42119,0.87634080128,0
42120,0.894772726416,0
42121,0.874115938388,0
42122,1.14808153905,0
42123,0.953734618745,0
42124,0.983640779203,0
42125,1.00241052701,0
42126,1.06606384964,0
42127,1.18607093798,0
42128,1.45703111314,0
42129,0.597888896647,1
42130,0.548775271712,1
42131,0.499201341421,1
42132,0.449226344604,1
42133,0.398909999345,1
42134,0.34831243163,1
42135,0.297494103491,1
42136,0.24651574076,1
42137,0.195438260507,1
42138,0.144322698238,1
42139,0.0932301349713,1
42140,0.042221624238,1
42141,-0.00864188086818,1
42142,-0.0592996005299,1
42143,-0.109691000835,1
42144,-0.159755866111,1
42145,-0.209434370884,1
42146,-0.258667151363,1
42147,-0.307395376381,1
42148,-0.355560817691,1
42149,-0.403105919554,1
42150,-0.449973867509,1
42151,-0.496108656265,1
42152,-0.54145515663,1
42153,-0.585959181382,1
42154,-0.629567550023,1
42155,-0.672228152328,1
42156,-0.713890010616,1
42157,-0.754503340661,1
42158,-0.794019611188,1
42159,-0.832391601863,1
42160,-0.86957345972,1
42161,-0.905520753952,1
42162,-0.940190529006,1
42163,-0.973541355914,1
42164,-1.00553338179,1
42165,-1.03612837748,1
42166,-1.0652897832,1
42167,-1.09298275225,1
42168,-1.11917419267,1
42169,-1.14383280676,1
42170,-1.16692912846,1
42171,-1.18843555863,1
42172,-1.20832639795,1
42173,-1.22657787768,1
42174,-1.24316818804,1
42175,-1.25807750429,1
42176,-1.27128801039,1
42177,-1.28278392035,1
42178,-1.292551497,1
42179,-1.3005790685,1
42180,-1.30685704222,1
42181,-1.31137791625,1
42182,-1.31413628831,1
42183,-1.31512886227,1
42184,-1.31435445204,1
42185,-1.31181398301,1
42186,-1.30751049094,1
42187,-1.30144911833,1
42188,-1.29363710826,1
42189,-1.28408379578,1
42190,-1.2728005967,1
42191,-1.25980099399,1
42192,-1.24510052163,1
42193,-1.22871674611,1
42194,-1.21066924536,1
42195,-1.19097958541,1
42196,-1.1696712946,1
42197,-1.14676983547,1
42198,-1.12230257434,1
42199,-1.09629874858,1
42200,-1.22189915779,1
42201,-1.19291722232,1
42202,-1.16249730049,1
42203,-1.13067574285,1
42204,-1.09749057488,1
42205,-1.06298145151,1
42206,-1.02718960972,1
42207,-0.990157819312,1
42208,-0.95193033177,1
42209,-0.912552827383,1
42210,-0.872072360666,1
42211,-0.830537304127,1
42212,-0.787997290468,1
42213,-0.744503153273,1
42214,-0.700106866265,1
42215,-0.654861481199,1
42216,-0.608821064468,1
42217,-0.562040632495,1
42218,-0.514576085992,1
42219,-0.466484143158,1
42220,-0.417822271908,1
42221,-0.368648621195,1
42222,-0.319021951531,1
42223,-0.269001564764,1
42224,-0.21864723322,1
42225,-0.168019128275,1
42226,-0.117177748453,1
42227,-0.0661838471324,1
42228,-0.0150983599486,1
42229,0.0360176680212,1
42230,0.0871031552051,1
42231,0.138097056526,1
42232,0.188938436348,1
42233,0.239566541293,1
42234,0.289920872837,1
42235,0.339941259603,1
42236,0.389567929268,1
42237,0.43874157998,1
42238,0.487403451231,1
42239,0.535495394064,1
42240,0.582959940568,1
42241,0.629740372541,1
42242,0.675780789272,1
42243,0.721026174338,1
42244,0.765422461346,1
42245,0.808916598541,1
42246,0.8514566122,1
42247,0.892991668738,1
42248,0.933472135456,1
42249,0.972849639843,1
42250,1.01107712738,1
42251,1.04810891779,1
42252,1.08390075958,1
42253,1.11840988295,1
42254,1.15159505092,1
42255,1.18341660856,1
42256,1.21383653039,1
42257,1.24281846586,1
42258,1.27032778274,1
42259,1.29633160849,1
42260,1.32079886963,1
42261,1.34370032875,1
42262,1.36500861956,1
42263,1.38469827951,1
42264,1.40274578027,1
42265,1.41912955579,1
42266,1.43383002814,1
42267,1.44682963086,1
42268,1.45811282994,1
42269,1.46766614242,1
42270,1.47547815248,1
42271,1.4815395251,1
42272,1.48584301717,1
42273,1.48838348619,1
42274,1.48915789642,1
42275,1.48816532246,1
42276,1.4854069504,1
42277,1.48088607638,1
42278,1.47460810266,1
42279,1.46658053116,1
42280,1.4568129545,1
42281,1.44531704455,1
42282,1.43210653844,1
42283,1.41719722219,1
42284,1.40060691183,1
42285,1.38235543211,1
42286,1.36246459279,1
42287,1.34095816262,1
42288,1.31786184091,1
42289,1.29320322683,1
42290,1.26701178641,1
42291,1.23931881735,1
42292,1.21015741164,1
42293,1.17956241595,1
42294,1.14757039007,1
42295,1.11421956316,1
42296,1.07954978811,1
42297,1.04360249388,1
42298,1.00642063602,1
42299,0.968048645344,1
42300,0.928532374817,1
42301,0.887919044772,1
42302,0.846257186484,1
42303,0.803596584179,1
42304,0.759988215538,1
42305,0.715484190786,1
42306,0.670137690421,1
42307,0.624002901664,1
42308,0.57713495371,1
42309,0.529589851847,1
42310,0.481424410536,1
42311,0.432696185519,1
42312,0.38346340504,1
42313,0.333784900267,1
42314,0.283720034991,1
42315,0.233328634686,1
42316,0.182670915024,1
42317,0.131807409918,1
42318,0.0807988991845,1
42319,0.0297063359174,1
42320,-0.0214092263508,1
42321,-0.0724867066046,1
42322,-0.123465069335,1
42323,-0.174283397474,1
42324,-0.22488096519,1
42325,-0.275197310448,1
42326,-0.325172307265,1
42327,-0.374746237556,1
42328,-0.423859862491,1
42329,1.15711669621,0
42330,1.03313347764,0
42331,1.37633061987,0
42332,1.3593297268,0
42333,1.05061313541,0
42334,1.34710442887,0
42335,1.48085650049,0
42336,1.48298186254,0
42337,1.18310656951,0
42338,1.53122528463,0
42339,1.17754244747,0
42340,1.50713447058,0
42341,1.56982952501,0
42342,1.40043535656,0
42343,1.42613016195,0
42344,1.20220687008,0
42345,1.28769554381,0
42346,1.61308726459,0
42347,1.55131115256,0
42348,1.47462470662,0
42349,1.21135593223,0
42350,1.22879554677,0
42351,1.46724393606,0
42352,1.60325536202,0
42353,1.52996596018,0
42354,1.39478823629,0
42355,1.36104219047,0
42356,1.43451510938,0
42357,1.40181389372,0
42358,1.31786682391,0
42359,1.13813125256,0
42360,1.37989629344,0
42361,1.11150572712,0
42362,1.27872042324,0
42363,1.07858205308,0
42364,1.37996304449,0
42365,1.0872534978,0
42366,1.2875872873,0
42367,1.08052035931,0
42368,1.08241033953,0
42369,1.28891651794,0
42370,0.926135495781,0
42371,1.03427022663,0
42372,0.871366939041,0
42373,1.17192814365,0
42374,0.88305674922,0
42375,0.769793811232,0
42376,1.02996901907,0
42377,1.1137508928,0
42378,0.81653268588,0
42379,1.01483795987,0
42380,0.810813449491,0
42381,0.966040128949,0
42382,0.89489636268,0
42383,0.478085220146,0
42384,0.772993393452,0
42385,0.819368090341,0
42386,0.393023862053,0
42387,0.350434801083,0
42388,0.666615356794,0
42389,0.644303260972,0
42390,0.331489194239,0
42391,0.357033694609,0
42392,0.120482574785,0
42393,0.13967988318,0
42394,0.390847235412,0
42395,0.391337339082,0
42396,0.217464193606,0
42397,0.29894436845,0
42398,-0.0746069578348,0
42399,0.218108941375,0
42400,-0.199141213315,0
42401,-0.133418918779,0
42402,0.0808420774826,0
42403,-0.116670704053,0
42404,-0.293836132871,0
42405,-0.444486056962,0
42406,-0.16852220026,0
42407,-0.535553670092,0
42408,-0.46430579026,0
42409,-0.422618334839,0
42410,-0.280952383273,0
42411,-0.536433382666,0
42412,-0.450069558383,0
42413,-0.669987280478,0
42414,-0.775097435802,0
42415,-0.499200944241,0
42416,-0.747327509854,0
42417,-0.96118669833,0
42418,-0.956800912185,0
42419,-0.790863736117,0
42420,-0.678665133281,0
42421,-1.04522659576,0
42422,-0.946153926845,0
42423,-1.17609744789,0
42424,-1.20821004505,0
42425,-0.858222207821,0
42426,-0.921800891798,0
42427,-0.88102078692,0
42428,-0.952899836115,0
42429,-0.988788368769,0
42430,-1.17991223307,0
42431,-1.2972473252,0
42432,-1.30640853503,0
42433,-1.09183466735,0
42434,-1.47173755509,0
42435,-1.49293511819,0
42436,-1.09800166445,0
42437,-1.39007217399,0
42438,-1.44605940768,0
42439,-1.55262748826,0
42440,-1.57809306555,0
42441,-1.1744764973,0
42442,-1.54647482228,0
42443,-1.58967738033,0
42444,-1.30638624276,0
42445,-1.28664226463,0
42446,-1.3972425853,0
42447,-1.26910533783,0
42448,-1.47093184486,0
42449,-1.60878642237,0
42450,-1.47953667669,0
42451,-1.22715600448,0
42452,-1.64325132855,0
42453,-1.4977720466,0
42454,-1.61472132298,0
42455,-1.35554057986,0
42456,-1.61726027026,0
42457,-1.22599344205,0
42458,-1.34351479822,0
42459,-1.49605730309,0
42460,-1.5735788402,0
42461,-1.25656341416,0
42462,-1.13886648083,0
42463,-1.12693529074,0
42464,-1.15072029214,0
42465,-1.17596306417,0
42466,-1.31856378082,0
42467,-1.1473813255,0
42468,-1.02458442642,0
42469,-1.23531390406,0
42470,-1.33450296916,0
42471,-1.01749226384,0
42472,-0.992247099009,0
42473,-0.992388336338,0
42474,-1.14769697795,0
42475,-1.21295389165,0
42476,-0.992763128028,0
42477,-0.966329633267,0
42478,-0.838130855069,0
42479,-0.973793734821,0
42480,-1.04542746848,0
42481,-1.01692753967,0
42482,-0.607069811158,0
42483,-0.550601629276,0
42484,-0.896000010184,0
42485,-0.446072015024,0
42486,-0.505372249839,0
42487,-0.369808130492,0
42488,-0.412712226536,0
42489,-0.288681206796,0
42490,-0.26909808661,0
42491,-0.61391486233,0
42492,-0.394921582974,0
42493,-0.302193648949,0
42494,-0.464773114242,0
42495,-0.342377608141,0
42496,-0.400041931402,0
42497,-0.0484129902853,0
42498,0.0846208031114,0
42499,-0.0455869945016,0
42500,-0.163718774945,0
42501,0.0690908388024,0
42502,0.0902184718091,0
42503,-0.0266748092492,0
42504,-0.0214516697172,0
42505,0.33180275642,0
42506,0.444299246055,0
42507,0.159846713978,0
42508,0.535621238091,0
42509,0.167094677515,0
42510,0.621877823627,0
42511,0.373690722854,0
42512,0.504902320203,0
42513,0.400205995023,0
42514,0.58207265728,0
42515,0.702158870598,0
42516,0.809173507222,0
42517,0.533593496561,0
42518,0.905814144005,0
42519,0.676033263862,0
42520,0.694465188998,0
42521,0.67380840097,0
42522,0.947774001637,0
42523,0.753427081327,0
42524,0.783333241785,0
42525,0.80210298959,0
42526,0.865756312223,0
42527,0.98576340056,0
42528,1.25672357573,0
42529,1.10991888488,0
42530,0.985935666305,0
42531,1.32913280853,0
42532,1.31213191547,0
42533,1.00341532408,0
42534,1.29990661753,0
42535,1.43365868916,0
42536,1.43578405121,0
42537,1.13590875817,0
42538,1.4840274733,0
42539,1.13034463613,0
42540,1.45993665924,0
42541,1.52263171367,0
42542,1.35323754522,0
42543,1.37893235061,0
42544,1.15500905874,0
42545,1.24049773248,0
42546,1.56588945326,0
42547,1.50411334123,0
42548,1.42742689528,0
42549,1.16415812089,0
42550,1.18159773543,0
42551,1.42004612472,0
42552,1.55605755068,0
42553,1.48276814885,0
42554,1.34759042496,0
42555,1.31384437913,0
42556,1.38731729804,0
42557,1.35461608239,0
42558,1.27066901257,0
42559,1.09093344122,0
42560,1.3326984821,0
42561,1.06430791578,0
42562,1.2315226119,0
42563,1.03138424174,0
42564,1.33276523315,0
42565,1.04005568647,0
42566,1.24038947597,0
42567,1.03332254797,0
42568,1.03521252819,0
42569,1.2417187066,0
42570,0.878937684446,0
42571,0.987072415291,0
42572,0.824169127706,0
42573,1.12473033231,0
42574,0.835858937885,0
42575,0.722595999897,0
42576,0.982771207731,0
42577,1.06655308147,0
42578,0.769334874545,0
42579,0.967640148534,0
42580,0.763615638156,0
42581,0.918842317614,0
42582,0.847698551345,0
42583,0.430887408812,0
42584,0.725795582117,0
42585,0.772170279006,0
42586,0.345826050718,0
42587,0.303236989748,0
42588,0.61941754546,0
42589,0.597105449637,0
42590,0.284291382904,0
42591,0.309835883274,0
42592,0.0732847634503,0
42593,0.0924820718456,0
42594,0.343649424077,0
42595,0.344139527747,0
42596,0.170266382271,0
42597,0.251746557115,0
42598,-0.12180476917,0
42599,0.17091113004,0
42600,-0.0582365046059,0
42601,0.00748578993033,0
42602,0.221746786192,0
42603,0.0242340046566,0
42604,-0.152931424162,0
42605,-0.303581348252,0
42606,-0.02761749155,0
42607,-0.394648961383,0
42608,-0.323401081551,0
42609,-0.281713626129,0
42610,-0.140047674564,0
42611,-0.395528673956,0
42612,-0.309164849673,0
42613,-0.529082571769,0
42614,-0.634192727092,0
42615,-0.358296235531,0
42616,-0.606422801144,0
42617,-0.82028198962,0
42618,-0.815896203476,0
42619,-0.649959027408,0
42620,-0.537760424571,0
42621,-0.904321887049,0
42622,-0.805249218135,0
42623,-1.03519273918,0
42624,-1.06730533634,0
42625,-0.717317499111,0
42626,-0.780896183089,0
42627,-0.740116078211,0
42628,-0.811995127405,0
42629,-0.847883660059,0
42630,-1.03900752436,0
42631,-1.15634261649,0
42632,-1.16550382632,0
42633,-0.950929958639,0
42634,-1.33083284638,0
42635,-1.35203040948,0
42636,-0.95709695574,0
42637,-1.24916746528,0
42638,-1.30515469897,0
42639,-1.41172277955,0
42640,-1.43718835684,0
42641,-1.03357178859,0
42642,-1.40557011357,0
42643,-1.44877267162,0
42644,-1.16548153405,0
42645,-1.14573755592,0
42646,-1.25633787659,0
42647,-1.12820062912,0
42648,-1.33002713615,0
42649,-1.46788171366,0
42650,-1.33863196798,0
42651,-1.08625129577,0
42652,-1.50234661984,0
42653,-1.35686733789,0
42654,-1.47381661427,0
42655,-1.21463587115,0
42656,-1.47635556155,0
42657,-1.08508873334,0
42658,-1.20261008951,0
42659,-1.35515259438,0
42660,-1.43267413149,0
42661,-1.11565870545,0
42662,-0.997961772124,0
42663,-0.98603058203,0
42664,-1.00981558343,0
42665,-1.03505835547,0
42666,-1.17765907211,0
42667,-1.00647661679,0
42668,-0.883679717706,0
42669,-1.09440919535,0
42670,-1.19359826045,0
42671,-0.876587555132,0
42672,-0.8513423903,0
42673,-0.851483627628,0
42674,-1.00679226924,0
42675,-1.07204918294,0
42676,-0.851858419318,0
42677,-0.825424924558,0
42678,-0.697226146359,0
42679,-0.832889026111,0
42680,-0.904522759769,0
42681,-0.876022830963,0
42682,-0.466165102448,0
42683,-0.409696920566,0
42684,-0.755095301475,0
42685,-0.305167306314,0
42686,-0.364467541129,0
42687,-0.228903421782,0
42688,-0.271807517827,0
42689,-0.147776498087,0
42690,-0.1281933779,0
42691,-0.47301015362,0
42692,-0.254016874264,0
42693,-0.161288940239,0
42694,-0.323868405532,0
42695,-0.201472899431,0
42696,-0.259137222692,0
42697,0.0924917184243,0
42698,0.225525511821,0
42699,0.095317714208,0
42700,-0.0228140662354,0
42701,0.209995547512,0
42702,0.231123180519,0
42703,0.11422989946,0
42704,0.119453038992,0
42705,0.47270746513,0
42706,0.585203954764,0
42707,0.300751422688,0
42708,0.676525946801,0
42709,0.307999386224,0
42710,0.762782532337,0
42711,0.514595431564,0
42712,0.645807028913,0
42713,0.541110703733,0
42714,0.722977365989,0
42715,0.843063579308,0
42716,0.950078215932,0
42717,0.67449820527,0
42718,1.04671885271,0
42719,0.816937972572,0
42720,0.835369897708,0
42721,0.814713109679,0
42722,1.08867871035,0
42723,0.894331790036,0
42724,0.924237950495,0
42725,0.9430076983,0
42726,1.00666102093,0
42727,1.12666810927,0
42728,1.39762828444,0
42729,1.25082359359,0
42730,1.12684037501,0
42731,1.47003751724,0
42732,1.45303662418,0
42733,1.14432003279,0
42734,1.44081132624,0
42735,1.57456339787,0
42736,1.57668875992,0
42737,1.27681346688,0
42738,1.62493218201,0
42739,1.27124934484,0
42740,1.60084136795,0
42741,1.66353642238,0
42742,1.49414225393,0
42743,1.51983705932,0
42744,1.29591376745,0
42745,1.38140244118,0
42746,1.70679416197,0
42747,1.64501804994,0
42748,1.56833160399,0
42749,1.3050628296,0
42750,1.32250244414,0
42751,1.56095083343,0
42752,1.69696225939,0
42753,1.62367285756,0
42754,1.48849513367,0
42755,1.45474908784,0
42756,1.52822200675,0
42757,1.4955207911,0
42758,1.41157372128,0
42759,1.23183814993,0
42760,1.47360319081,0
42761,1.20521262449,0
42762,1.37242732061,0
42763,1.17228895045,0
42764,1.47366994186,0
42765,1.18096039518,0
42766,1.38129418468,0
42767,1.17422725668,0
42768,1.1761172369,0
42769,1.38262341531,0
42770,1.01984239316,0
42771,1.127977124,0
42772,0.965073836416,0
42773,1.26563504102,0
42774,0.976763646594,0
42775,0.863500708607,0
42776,1.12367591644,0
42777,1.20745779018,0
42778,0.910239583255,0
42779,1.10854485724,0
42780,0.904520346866,0
42781,1.05974702632,0
42782,0.988603260055,0
42783,0.571792117521,0
42784,0.866700290827,0
42785,0.913074987716,0
42786,0.486730759428,0
42787,0.444141698458,0
42788,0.760322254169,0
42789,0.738010158347,0
42790,0.425196091613,0
42791,0.450740591984,0
42792,0.21418947216,0
42793,0.233386780555,0
42794,0.484554132787,0
42795,0.485044236456,0
42796,0.311171090981,0
42797,0.392651265824,0
42798,0.0190999395399,0
42799,0.31181583875,0
42800,0.0086057541264,0
42801,0.0743280486626,0
42802,0.288589044924,0
42803,0.0910762633889,0
42804,-0.0860891654296,0
42805,-0.23673908952,0
42806,0.0392247671823,0
42807,-0.327806702651,0
42808,-0.256558822818,0
42809,-0.214871367397,0
42810,-0.0732054158312,0
42811,-0.328686415224,0
42812,-0.242322590941,0
42813,-0.462240313037,0
42814,-0.56735046836,0
42815,-0.291453976799,0
42816,-0.539580542412,0
42817,-0.753439730888,0
42818,-0.749053944743,0
42819,-0.583116768675,0
42820,-0.470918165839,0
42821,-0.837479628317,0
42822,-0.738406959403,0
42823,-0.96835048045,0
42824,-1.00046307761,0
42825,-0.650475240379,0
42826,-0.714053924356,0
42827,-0.673273819479,0
42828,-0.745152868673,0
42829,-0.781041401327,0
42830,-0.972165265633,0
42831,-1.08950035776,0
42832,-1.09866156758,0
42833,-0.884087699907,0
42834,-1.26399058765,0
42835,-1.28518815075,0
42836,-0.890254697008,0
42837,-1.18232520655,0
42838,-1.23831244024,0
42839,-1.34488052082,0
42840,-1.37034609811,0
42841,-0.966729529858,0
42842,-1.33872785483,0
42843,-1.38193041289,0
42844,-1.09863927532,0
42845,-1.07889529719,0
42846,-1.18949561786,0
42847,-1.06135837039,0
42848,-1.26318487742,0
42849,-1.40103945493,0
42850,-1.27178970925,0
42851,-1.01940903704,0
42852,-1.43550436111,0
42853,-1.29002507916,0
42854,-1.40697435554,0
42855,-1.14779361242,0
42856,-1.40951330281,0
42857,-1.01824647461,0
42858,-1.13576783078,0
42859,-1.28831033565,0
42860,-1.36583187275,0
42861,-1.04881644672,0
42862,-0.931119513392,0
42863,-0.919188323297,0
42864,-0.9429733247,0
42865,-0.968216096733,0
42866,-1.11081681338,0
42867,-0.939634358061,0
42868,-0.816837458974,0
42869,-1.02756693662,0
42870,-1.12675600172,0
42871,-0.8097452964,0
42872,-0.784500131567,0
42873,-0.784641368896,0
42874,-0.939950010506,0
42875,-1.00520692421,0
42876,-0.785016160586,0
42877,-0.758582665825,0
42878,-0.630383887627,0
42879,-0.766046767379,0
42880,-0.837680501037,0
42881,-0.809180572231,0
42882,-0.399322843716,0
42883,-0.342854661834,0
42884,-0.688253042742,0
42885,-0.238325047582,0
42886,-0.297625282397,0
42887,-0.16206116305,0
42888,-0.204965259094,0
42889,-0.0809342393546,0
42890,-0.061351119168,0
42891,-0.406167894888,0
42892,-0.187174615532,0
42893,-0.094446681507,0
42894,-0.2570261468,0
42895,-0.134630640699,0
42896,-0.19229496396,0
42897,0.159333977157,0
42898,0.292367770553,0
42899,0.16215997294,0
42900,0.0440281924969,0
42901,0.276837806244,0
42902,0.297965439251,0
42903,0.181072158193,0
42904,0.186295297725,0
42905,0.539549723862,0
42906,0.652046213497,0
42907,0.36759368142,0
42908,0.743368205533,0
42909,0.374841644957,0
42910,0.829624791069,0
42911,0.581437690296,0
42912,0.712649287645,0
42913,0.607952962465,0
42914,0.789819624722,0
42915,0.90990583804,0
42916,1.01692047466,0
42917,0.741340464003,0
42918,1.11356111145,0
42919,0.883780231304,0
42920,0.90221215644,0
42921,0.881555368412,0
42922,1.15552096908,0
42923,0.961174048769,0
42924,0.991080209227,0
42925,1.00984995703,0
42926,1.07350327966,0
42927,1.193510368,0
42928,1.46447054317,0
42929,1.31766585232,0
42930,1.19368263375,0
42931,1.53687977597,0
42932,1.51987888291,0
42933,1.21116229152,0
42934,1.50765358497,0
42935,1.6414056566,0
42936,1.64353101865,0
42937,1.34365572562,0
42938,1.69177444074,0
42939,1.33809160358,0
42940,1.66768362668,0
42941,1.73037868111,0
42942,1.56098451266,0
42943,1.58667931805,0
42944,1.36275602618,0
42945,1.44824469992,0
42946,1.7736364207,0
42947,1.71186030867,0
42948,1.63517386272,0
42949,1.37190508833,0
42950,1.38934470287,0
42951,1.62779309217,0
42952,1.76380451812,0
42953,1.69051511629,0
42954,1.5553373924,0
42955,1.52159134657,0
42956,1.59506426548,0
42957,1.56236304983,0
42958,1.47841598002,0
42959,1.29868040866,0
42960,1.54044544955,0
42961,1.27205488322,0
42962,1.43926957934,0
42963,1.23913120919,0
42964,1.54051220059,0
42965,1.24780265391,0
42966,1.44813644341,0
42967,1.24106951542,0
42968,1.24295949564,0
42969,1.44946567405,0
42970,1.08668465189,0
42971,1.19481938273,0
42972,1.03191609515,0
42973,1.33247729975,0
42974,1.04360590533,0
42975,0.930342967339,0
42976,1.19051817517,0
42977,1.27430004891,0
42978,0.977081841987,0
42979,1.17538711598,0
42980,0.971362605598,0
42981,1.12658928506,0
42982,1.05544551879,0
42983,0.638634376253,0
42984,0.933542549559,0
42985,0.979917246448,0
42986,0.55357301816,0
42987,0.51098395719,0
42988,0.827164512901,0
42989,0.804852417079,0
42990,0.492038350346,0
42991,0.517582850716,0
42992,0.281031730892,0
42993,0.300229039287,0
42994,0.551396391519,0
42995,0.551886495189,0
42996,0.378013349713,0
42997,0.459493524556,0
42998,0.0859421982721,0
42999,0.378658097482,0
43000,-0.01822569949,0
43001,0.0474965950462,0
43002,0.261757591308,0
43003,0.0642448097725,0
43004,-0.112920619046,0
43005,-0.263570543137,0
43006,0.0123933135659,0
43007,-0.354638156267,0
43008,-0.283390276435,0
43009,-0.241702821013,0
43010,-0.100036869448,0
43011,-0.35551786884,0
43012,-0.269154044557,0
43013,-0.489071766653,0
43014,-0.594181921976,0
43015,-0.318285430415,0
43016,-0.566411996028,0
43017,-0.780271184504,0
43018,-0.77588539836,0
43019,-0.609948222292,0
43020,-0.497749619456,0
43021,-0.864311081933,0
43022,-0.765238413019,0
43023,-0.995181934066,0
43024,-1.02729453122,0
43025,-0.677306693995,0
43026,-0.740885377973,0
43027,-0.700105273095,0
43028,-0.771984322289,0
43029,-0.807872854943,0
43030,-0.998996719249,0
43031,-1.11633181138,0
43032,-1.1254930212,0
43033,-0.910919153523,0
43034,-1.29082204126,0
43035,-1.31201960436,0
43036,-0.917086150625,0
43037,-1.20915666017,0
43038,-1.26514389385,0
43039,-1.37171197443,0
43040,-1.39717755173,0
43041,-0.993560983474,0
43042,-1.36555930845,0
43043,-1.4087618665,0
43044,-1.12547072893,0
43045,-1.1057267508,0
43046,-1.21632707148,0
43047,-1.088189824,0
43048,-1.29001633103,0
43049,-1.42787090855,0
43050,-1.29862116286,0
43051,-1.04624049065,0
43052,-1.46233581473,0
43053,-1.31685653278,0
43054,-1.43380580916,0
43055,-1.17462506604,0
43056,-1.43634475643,0
43057,-1.04507792823,0
43058,-1.16259928439,0
43059,-1.31514178927,0
43060,-1.39266332637,0
43061,-1.07564790034,0
43062,-0.957950967008,0
43063,-0.946019776914,0
43064,-0.969804778316,0
43065,-0.995047550349,0
43066,-1.13764826699,0
43067,-0.966465811677,0
43068,-0.84366891259,0
43069,-1.05439839024,0
43070,-1.15358745533,0
43071,-0.836576750016,0
43072,-0.811331585184,0
43073,-0.811472822512,0
43074,-0.966781464122,0
43075,-1.03203837783,0
43076,-0.811847614202,0
43077,-0.785414119442,0
43078,-0.657215341243,0
43079,-0.792878220995,0
43080,-0.864511954654,0
43081,-0.836012025847,0
43082,-0.426154297333,0
43083,-0.36968611545,0
43084,-0.715084496359,0
43085,-0.265156501198,0
43086,-0.324456736013,0
43087,-0.188892616666,0
43088,-0.231796712711,0
43089,-0.107765692971,0
43090,-0.0881825727844,0
43091,-0.432999348504,0
43092,-0.214006069148,0
43093,-0.121278135123,0
43094,-0.283857600416,0
43095,-0.161462094315,0
43096,-0.219126417576,0
43097,0.13250252354,0
43098,0.265536316937,0
43099,0.135328519324,0
43100,0.0171967388805,0
43101,0.250006352628,0
43102,0.271133985635,0
43103,0.154240704576,0
43104,0.159463844108,0
43105,0.512718270246,0
43106,0.62521475988,0
43107,0.340762227804,0
43108,0.716536751916,0
43109,0.34801019134,0
43110,0.802793337453,0
43111,0.55460623668,0
43112,0.685817834029,0
43113,0.581121508849,0
43114,0.762988171105,0
43115,0.883074384424,0
43116,0.990089021048,0
43117,0.714509010386,0
43118,1.08672965783,0
43119,0.856948777688,0
43120,0.875380702824,0
43121,0.854723914795,0
43122,1.12868951546,0
43123,0.934342595152,0
43124,0.964248755611,0
43125,0.983018503416,0
43126,1.04667182605,0
43127,1.16667891439,0
43128,1.43763908955,0
43129,1.2908343987,0
43130,1.16685118013,0
43131,1.51004832236,0
43132,1.49304742929,0
43133,1.1843308379,0
43134,1.48082213136,0
43135,1.61457420298,0
43136,1.61669956503,0
43137,1.316824272,0
43138,1.66494298712,0
43139,1.31126014996,0
43140,1.64085217307,0
43141,1.7035472275,0
43142,1.53415305905,0
43143,1.55984786444,0
43144,1.33592457257,0
43145,1.4214132463,0
43146,1.74680496708,0
43147,1.68502885505,0
43148,1.60834240911,0
43149,1.34507363472,0
43150,1.36251324926,0
43151,1.60096163855,0
43152,1.73697306451,0
43153,1.66368366267,0
43154,1.52850593878,0
43155,1.49475989296,0
43156,1.56823281187,0
43157,1.53553159621,0
43158,1.4515845264,0
43159,1.27184895505,0
43160,1.51361399593,0
43161,1.24522342961,0
43162,1.41243812573,0
43163,1.21229975557,0
43164,1.51368074698,0
43165,1.22097120029,0
43166,1.42130498979,0
43167,1.2142380618,0
43168,1.21612804202,0
43169,1.42263422043,0
43170,1.05985319827,0
43171,1.16798792912,0
43172,1.00508464153,0
43173,1.30564584614,0
43174,1.01677445171,0
43175,0.903511513723,0
43176,1.16368672156,0
43177,1.24746859529,0
43178,0.950250388371,0
43179,1.14855566236,0
43180,0.944531151982,0
43181,1.09975783144,0
43182,1.02861406517,0
43183,0.611802922637,0
43184,0.906711095943,0
43185,0.953085792832,0
43186,0.526741564544,0
43187,0.484152503573,0
43188,0.800333059285,0
43189,0.778020963463,0
43190,0.465206896729,0
43191,0.4907513971,0
43192,0.254200277276,0
43193,0.273397585671,0
43194,0.524564937903,0
43195,0.525055041572,0
43196,0.351181896097,0
43197,0.43266207094,0
43198,0.0591107446558,0
43199,0.351826643866,0
43200,-0.198703823792,0
43201,-0.132981529255,0
43202,0.0812794670065,0
43203,-0.116233314529,0
43204,-0.293398743348,0
43205,-0.444048667438,0
43206,-0.168084810736,0
43207,-0.535116280569,0
43208,-0.463868400736,0
43209,-0.422180945315,0
43210,-0.280514993749,0
43211,-0.535995993142,0
43212,-0.449632168859,0
43213,-0.669549890955,0
43214,-0.774660046278,0
43215,-0.498763554717,0
43216,-0.74689012033,0
43217,-0.960749308806,0
43218,-0.956363522661,0
43219,-0.790426346593,0
43220,-0.678227743757,0
43221,-1.04478920623,0
43222,-0.945716537321,0
43223,-1.17566005837,0
43224,-1.20777265552,0
43225,-0.857784818297,0
43226,-0.921363502274,0
43227,-0.880583397397,0
43228,-0.952462446591,0
43229,-0.988350979245,0
43230,-1.17947484355,0
43231,-1.29680993568,0
43232,-1.3059711455,0
43233,-1.09139727783,0
43234,-1.47130016556,0
43235,-1.49249772867,0
43236,-1.09756427493,0
43237,-1.38963478447,0
43238,-1.44562201816,0
43239,-1.55219009873,0
43240,-1.57765567603,0
43241,-1.17403910778,0
43242,-1.54603743275,0
43243,-1.5892399908,0
43244,-1.30594885323,0
43245,-1.2862048751,0
43246,-1.39680519578,0
43247,-1.26866794831,0
43248,-1.47049445534,0
43249,-1.60834903285,0
43250,-1.47909928716,0
43251,-1.22671861496,0
43252,-1.64281393903,0
43253,-1.49733465708,0
43254,-1.61428393346,0
43255,-1.35510319034,0
43256,-1.61682288073,0
43257,-1.22555605253,0
43258,-1.3430774087,0
43259,-1.49561991357,0
43260,-1.57314145067,0
43261,-1.25612602464,0
43262,-1.13842909131,0
43263,-1.12649790122,0
43264,-1.15028290262,0
43265,-1.17552567465,0
43266,-1.31812639129,0
43267,-1.14694393598,0
43268,-1.02414703689,0
43269,-1.23487651454,0
43270,-1.33406557963,0
43271,-1.01705487432,0
43272,-0.991809709485,0
43273,-0.991950946814,0
43274,-1.14725958842,0
43275,-1.21251650213,0
43276,-0.992325738504,0
43277,-0.965892243743,0
43278,-0.837693465545,0
43279,-0.973356345297,0
43280,-1.04499007896,0
43281,-1.01649015015,0
43282,-0.606632421634,0
43283,-0.550164239752,0
43284,-0.89556262066,0
43285,-0.4456346255,0
43286,-0.504934860315,0
43287,-0.369370740968,0
43288,-0.412274837012,0
43289,-0.288243817273,0
43290,-0.268660697086,0
43291,-0.613477472806,0
43292,-0.39448419345,0
43293,-0.301756259425,0
43294,-0.464335724718,0
43295,-0.341940218617,0
43296,-0.399604541878,0
43297,-0.0479756007614,0
43298,0.0850581926353,0
43299,-0.0451496049777,0
43300,-0.163281385421,0
43301,0.0695282283262,0
43302,0.090655861333,0
43303,-0.0262374197253,0
43304,-0.0210142801934,0
43305,0.332240145944,0
43306,0.444736635579,0
43307,0.160284103502,0
43308,0.536058627615,0
43309,0.167532067039,0
43310,0.622315213151,0
43311,0.374128112378,0
43312,0.505339709727,0
43313,0.400643384547,0
43314,0.582510046804,0
43315,0.702596260122,0
43316,0.809610896746,0
43317,0.534030886085,0
43318,0.906251533529,0
43319,0.676470653386,0
43320,0.694902578522,0
43321,0.674245790494,0
43322,0.948211391161,0
43323,0.753864470851,0
43324,0.783770631309,0
43325,0.802540379114,0
43326,0.866193701746,0
43327,0.986200790084,0
43328,1.25716096525,0
43329,1.1103562744,0
43330,0.986373055829,0
43331,1.32957019805,0
43332,1.31256930499,0
43333,1.0038527136,0
43334,1.30034400706,0
43335,1.43409607868,0
43336,1.43622144073,0
43337,1.1363461477,0
43338,1.48446486282,0
43339,1.13078202566,0
43340,1.46037404877,0
43341,1.5230691032,0
43342,1.35367493475,0
43343,1.37936974014,0
43344,1.15544644826,0
43345,1.240935122,0
43346,1.56632684278,0
43347,1.50455073075,0
43348,1.42786428481,0
43349,1.16459551042,0
43350,1.18203512496,0
43351,1.42048351425,0
43352,1.55649494021,0
43353,1.48320553837,0
43354,1.34802781448,0
43355,1.31428176866,0
43356,1.38775468757,0
43357,1.35505347191,0
43358,1.2711064021,0
43359,1.09137083074,0
43360,1.33313587163,0
43361,1.0647453053,0
43362,1.23196000143,0
43363,1.03182163127,0
43364,1.33320262267,0
43365,1.04049307599,0
43366,1.24082686549,0
43367,1.0337599375,0
43368,1.03564991772,0
43369,1.24215609613,0
43370,0.87937507397,0
43371,0.987509804815,0
43372,0.82460651723,0
43373,1.12516772184,0
43374,0.836296327409,0
43375,0.723033389421,0
43376,0.983208597255,0
43377,1.06699047099,0
43378,0.769772264069,0
43379,0.968077538058,0
43380,0.76405302768,0
43381,0.919279707138,0
43382,0.848135940869,0
43383,0.431324798335,0
43384,0.726232971641,0
43385,0.77260766853,0
43386,0.346263440242,0
43387,0.303674379272,0
43388,0.619854934983,0
43389,0.597542839161,0
43390,0.284728772428,0
43391,0.310273272798,0
43392,0.0737221529742,0
43393,0.0929194613695,0
43394,0.344086813601,0
43395,0.344576917271,0
43396,0.170703771795,0
43397,0.252183946639,0
43398,-0.121367379646,0
43399,0.171348519564,0
43400,-0.0227149262948,0
43401,0.0430073682414,0
43402,0.257268364503,0
43403,0.0597555829677,0
43404,-0.117409845851,0
43405,-0.268059769941,0
43406,0.00790408676109,0
43407,-0.359127383072,0
43408,-0.28787950324,0
43409,-0.246192047818,0
43410,-0.104526096252,0
43411,-0.360007095645,0
43412,-0.273643271362,0
43413,-0.493560993458,0
43414,-0.598671148781,0
43415,-0.32277465722,0
43416,-0.570901222833,0
43417,-0.784760411309,0
43418,-0.780374625164,0
43419,-0.614437449097,0
43420,-0.50223884626,0
43421,-0.868800308738,0
43422,-0.769727639824,0
43423,-0.999671160871,0
43424,-1.03178375803,0
43425,-0.6817959208,0
43426,-0.745374604778,0
43427,-0.7045944999,0
43428,-0.776473549094,0
43429,-0.812362081748,0
43430,-1.00348594605,0
43431,-1.12082103818,0
43432,-1.129982248,0
43433,-0.915408380328,0
43434,-1.29531126807,0
43435,-1.31650883117,0
43436,-0.921575377429,0
43437,-1.21364588697,0
43438,-1.26963312066,0
43439,-1.37620120124,0
43440,-1.40166677853,0
43441,-0.998050210279,0
43442,-1.37004853526,0
43443,-1.41325109331,0
43444,-1.12995995574,0
43445,-1.11021597761,0
43446,-1.22081629828,0
43447,-1.09267905081,0
43448,-1.29450555784,0
43449,-1.43236013535,0
43450,-1.30311038967,0
43451,-1.05072971746,0
43452,-1.46682504153,0
43453,-1.32134575958,0
43454,-1.43829503596,0
43455,-1.17911429284,0
43456,-1.44083398324,0
43457,-1.04956715503,0
43458,-1.1670885112,0
43459,-1.31963101607,0
43460,-1.39715255318,0
43461,-1.08013712714,0
43462,-0.962440193813,0
43463,-0.950509003719,0
43464,-0.974294005121,0
43465,-0.999536777154,0
43466,-1.1421374938,0
43467,-0.970955038482,0
43468,-0.848158139395,0
43469,-1.05888761704,0
43470,-1.15807668214,0
43471,-0.841065976821,0
43472,-0.815820811989,0
43473,-0.815962049317,0
43474,-0.971270690927,0
43475,-1.03652760463,0
43476,-0.816336841007,0
43477,-0.789903346246,0
43478,-0.661704568048,0
43479,-0.7973674478,0
43480,-0.869001181458,0
43481,-0.840501252652,0
43482,-0.430643524137,0
43483,-0.374175342255,0
43484,-0.719573723164,0
43485,-0.269645728003,0
43486,-0.328945962818,0
43487,-0.193381843471,0
43488,-0.236285939516,0
43489,-0.112254919776,0
43490,-0.0926717995892,0
43491,-0.437488575309,0
43492,-0.218495295953,0
43493,-0.125767361928,0
43494,-0.288346827221,0
43495,-0.16595132112,0
43496,-0.223615644381,0
43497,0.128013296735,0
43498,0.261047090132,0
43499,0.130839292519,0
43500,0.0127075120757,0
43501,0.245517125823,0
43502,0.26664475883,0
43503,0.149751477771,0
43504,0.154974617303,0
43505,0.508229043441,0
43506,0.620725533075,0
43507,0.336273000999,0
43508,0.712047525112,0
43509,0.343520964535,0
43510,0.798304110648,0
43511,0.550117009875,0
43512,0.681328607224,0
43513,0.576632282044,0
43514,0.758498944301,0
43515,0.878585157619,0
43516,0.985599794243,0
43517,0.710019783582,0
43518,1.08224043103,0
43519,0.852459550883,0
43520,0.870891476019,0
43521,0.85023468799,0
43522,1.12420028866,0
43523,0.929853368347,0
43524,0.959759528806,0
43525,0.978529276611,0
43526,1.04218259924,0
43527,1.16218968758,0
43528,1.43314986275,0
43529,1.2863451719,0
43530,1.16236195333,0
43531,1.50555909555,0
43532,1.48855820249,0
43533,1.1798416111,0
43534,1.47633290455,0
43535,1.61008497618,0
43536,1.61221033823,0
43537,1.31233504519,0
43538,1.66045376032,0
43539,1.30677092315,0
43540,1.63636294626,0
43541,1.69905800069,0
43542,1.52966383224,0
43543,1.55535863763,0
43544,1.33143534576,0
43545,1.4169240195,0
43546,1.74231574028,0
43547,1.68053962825,0
43548,1.6038531823,0
43549,1.34058440791,0
43550,1.35802402245,0
43551,1.59647241174,0
43552,1.7324838377,0
43553,1.65919443587,0
43554,1.52401671198,0
43555,1.49027066615,0
43556,1.56374358506,0
43557,1.53104236941,0
43558,1.44709529959,0
43559,1.26735972824,0
43560,1.50912476912,0
43561,1.2407342028,0
43562,1.40794889892,0
43563,1.20781052876,0
43564,1.50919152017,0
43565,1.21648197349,0
43566,1.41681576299,0
43567,1.20974883499,0
43568,1.21163881521,0
43569,1.41814499362,0
43570,1.05536397147,0
43571,1.16349870231,0
43572,1.00059541473,0
43573,1.30115661933,0
43574,1.01228522491,0
43575,0.899022286918,0
43576,1.15919749475,0
43577,1.24297936849,0
43578,0.945761161566,0
43579,1.14406643555,0
43580,0.940041925177,0
43581,1.09526860463,0
43582,1.02412483837,0
43583,0.607313695832,0
43584,0.902221869138,0
43585,0.948596566027,0
43586,0.522252337739,0
43587,0.479663276769,0
43588,0.79584383248,0
43589,0.773531736658,0
43590,0.460717669924,0
43591,0.486262170295,0
43592,0.249711050471,0
43593,0.268908358866,0
43594,0.520075711098,0
43595,0.520565814767,0
43596,0.346692669292,0
43597,0.428172844135,0
43598,0.0546215178509,0
43599,0.347337417061,0
43600,0.157637530121,0
43601,0.223359824657,0
43602,0.437620820919,0
43603,0.240108039384,0
43604,0.0629426105652,0
43605,-0.0877073135253,0
43606,0.188256543177,0
43607,-0.178774926656,0
43608,-0.107527046824,0
43609,-0.0658395914019,0
43610,0.0758263601636,0
43611,-0.179654639229,0
43612,-0.0932908149462,0
43613,-0.313208537042,0
43614,-0.418318692365,0
43615,-0.142422200804,0
43616,-0.390548766417,0
43617,-0.604407954893,0
43618,-0.600022168748,0
43619,-0.434084992681,0
43620,-0.321886389844,0
43621,-0.688447852322,0
43622,-0.589375183408,0
43623,-0.819318704455,0
43624,-0.851431301612,0
43625,-0.501443464384,0
43626,-0.565022148362,0
43627,-0.524242043484,0
43628,-0.596121092678,0
43629,-0.632009625332,0
43630,-0.823133489638,0
43631,-0.940468581767,0
43632,-0.949629791588,0
43633,-0.735055923912,0
43634,-1.11495881165,0
43635,-1.13615637475,0
43636,-0.741222921013,0
43637,-1.03329343056,0
43638,-1.08928066424,0
43639,-1.19584874482,0
43640,-1.22131432212,0
43641,-0.817697753863,0
43642,-1.18969607884,0
43643,-1.23289863689,0
43644,-0.949607499322,0
43645,-0.929863521191,0
43646,-1.04046384187,0
43647,-0.912326594393,0
43648,-1.11415310142,0
43649,-1.25200767894,0
43650,-1.12275793325,0
43651,-0.870377261044,0
43652,-1.28647258511,0
43653,-1.14099330317,0
43654,-1.25794257955,0
43655,-0.998761836426,0
43656,-1.26048152682,0
43657,-0.869214698614,0
43658,-0.986736054783,0
43659,-1.13927855965,0
43660,-1.21680009676,0
43661,-0.899784670725,0
43662,-0.782087737397,0
43663,-0.770156547303,0
43664,-0.793941548705,0
43665,-0.819184320738,0
43666,-0.961785037382,0
43667,-0.790602582066,0
43668,-0.667805682979,0
43669,-0.878535160624,0
43670,-0.977724225721,0
43671,-0.660713520405,0
43672,-0.635468355573,0
43673,-0.635609592901,0
43674,-0.790918234511,0
43675,-0.856175148217,0
43676,-0.635984384591,0
43677,-0.60955088983,0
43678,-0.481352111632,0
43679,-0.617014991384,0
43680,-0.688648725042,0
43681,-0.660148796236,0
43682,-0.250291067721,0
43683,-0.193822885839,0
43684,-0.539221266748,0
43685,-0.0892932715872,0
43686,-0.148593506402,0
43687,-0.013029387055,0
43688,-0.0559334830997,0
43689,0.0680975366402,0
43690,0.0876806568268,0
43691,-0.257136118893,0
43692,-0.0381428395373,0
43693,0.0545850944878,0
43694,-0.107994370805,0
43695,0.0144011352959,0
43696,-0.0432631879651,0
43697,0.308365753151,0
43698,0.441399546548,0
43699,0.311191748935,0
43700,0.193059968492,0
43701,0.425869582239,0
43702,0.446997215246,0
43703,0.330103934187,0
43704,0.335327073719,0
43705,0.688581499857,0
43706,0.801077989492,0
43707,0.516625457415,0
43708,0.892399981528,0
43709,0.523873420951,0
43710,0.978656567064,0
43711,0.730469466291,0
43712,0.86168106364,0
43713,0.75698473846,0
43714,0.938851400717,0
43715,1.05893761403,0
43716,1.16595225066,0
43717,0.890372239998,0
43718,1.26259288744,0
43719,1.0328120073,0
43720,1.05124393243,0
43721,1.03058714441,0
43722,1.30455274507,0
43723,1.11020582476,0
43724,1.14011198522,0
43725,1.15888173303,0
43726,1.22253505566,0
43727,1.342542144,0
43728,1.61350231916,0
43729,1.46669762832,0
43730,1.34271440974,0
43731,1.68591155197,0
43732,1.66891065891,0
43733,1.36019406752,0
43734,1.65668536097,0
43735,1.79043743259,0
43736,1.79256279464,0
43737,1.49268750161,0
43738,1.84080621673,0
43739,1.48712337957,0
43740,1.81671540268,0
43741,1.87941045711,0
43742,1.71001628866,0
43743,1.73571109405,0
43744,1.51178780218,0
43745,1.59727647591,0
43746,1.92266819669,0
43747,1.86089208467,0
43748,1.78420563872,0
43749,1.52093686433,0
43750,1.53837647887,0
43751,1.77682486816,0
43752,1.91283629412,0
43753,1.83954689228,0
43754,1.7043691684,0
43755,1.67062312257,0
43756,1.74409604148,0
43757,1.71139482583,0
43758,1.62744775601,0
43759,1.44771218466,0
43760,1.68947722554,0
43761,1.42108665922,0
43762,1.58830135534,0
43763,1.38816298518,0
43764,1.68954397659,0
43765,1.3968344299,0
43766,1.59716821941,0
43767,1.39010129141,0
43768,1.39199127163,0
43769,1.59849745004,0
43770,1.23571642788,0
43771,1.34385115873,0
43772,1.18094787114,0
43773,1.48150907575,0
43774,1.19263768132,0
43775,1.07937474333,0
43776,1.33954995117,0
43777,1.4233318249,0
43778,1.12611361798,0
43779,1.32441889197,0
43780,1.12039438159,0
43781,1.27562106105,0
43782,1.20447729478,0
43783,0.787666152248,0
43784,1.08257432555,0
43785,1.12894902244,0
43786,0.702604794155,0
43787,0.660015733185,0
43788,0.976196288896,0
43789,0.953884193074,0
43790,0.64107012634,0
43791,0.666614626711,0
43792,0.430063506887,0
43793,0.449260815282,0
43794,0.700428167514,0
43795,0.700918271183,0
43796,0.527045125708,0
43797,0.608525300551,0
43798,0.234973974267,0
43799,0.527689873477,0
43800,0.180951370975,0
43801,0.246673665511,0
43802,0.460934661773,0
43803,0.263421880237,0
43804,0.0862564514186,0
43805,-0.064393472672,0
43806,0.21157038403,0
43807,-0.155461085802,0
43808,-0.0842132059702,0
43809,-0.0425257505486,0
43810,0.0991402010169,0
43811,-0.156340798376,0
43812,-0.0699769740928,0
43813,-0.289894696188,0
43814,-0.395004851512,0
43815,-0.119108359951,0
43816,-0.367234925564,0
43817,-0.58109411404,0
43818,-0.576708327895,0
43819,-0.410771151827,0
43820,-0.298572548991,0
43821,-0.665134011469,0
43822,-0.566061342555,0
43823,-0.796004863602,0
43824,-0.828117460758,0
43825,-0.478129623531,0
43826,-0.541708307508,0
43827,-0.50092820263,0
43828,-0.572807251825,0
43829,-0.608695784479,0
43830,-0.799819648784,0
43831,-0.917154740914,0
43832,-0.926315950735,0
43833,-0.711742083059,0
43834,-1.0916449708,0
43835,-1.1128425339,0
43836,-0.71790908016,0
43837,-1.0099795897,0
43838,-1.06596682339,0
43839,-1.17253490397,0
43840,-1.19800048126,0
43841,-0.79438391301,0
43842,-1.16638223799,0
43843,-1.20958479604,0
43844,-0.926293658468,0
43845,-0.906549680338,0
43846,-1.01715000101,0
43847,-0.88901275354,0
43848,-1.09083926057,0
43849,-1.22869383808,0
43850,-1.0994440924,0
43851,-0.84706342019,0
43852,-1.26315874426,0
43853,-1.11767946231,0
43854,-1.23462873869,0
43855,-0.975447995572,0
43856,-1.23716768597,0
43857,-0.845900857761,0
43858,-0.96342221393,0
43859,-1.1159647188,0
43860,-1.19348625591,0
43861,-0.876470829872,0
43862,-0.758773896543,0
43863,-0.746842706449,0
43864,-0.770627707851,0
43865,-0.795870479885,0
43866,-0.938471196529,0
43867,-0.767288741213,0
43868,-0.644491842126,0
43869,-0.855221319771,0
43870,-0.954410384868,0
43871,-0.637399679551,0
43872,-0.612154514719,0
43873,-0.612295752048,0
43874,-0.767604393658,0
43875,-0.832861307363,0
43876,-0.612670543738,0
43877,-0.586237048977,0
43878,-0.458038270779,0
43879,-0.593701150531,0
43880,-0.665334884189,0
43881,-0.636834955382,0
43882,-0.226977226868,0
43883,-0.170509044986,0
43884,-0.515907425894,0
43885,-0.0659794307338,0
43886,-0.125279665548,0
43887,0.0102844537984,0
43888,-0.0326196422463,0
43889,0.0914113774936,0
43890,0.11099449768,0
43891,-0.233822278039,0
43892,-0.014828998684,0
43893,0.0778989353412,0
43894,-0.0846805299516,0
43895,0.0377149761492,0
43896,-0.0199493471118,0
43897,0.331679594005,0
43898,0.464713387401,0
43899,0.334505589788,0
43900,0.216373809345,0
43901,0.449183423092,0
43902,0.470311056099,0
43903,0.353417775041,0
43904,0.358640914573,0
43905,0.711895340711,0
43906,0.824391830345,0
43907,0.539939298268,0
43908,0.915713822381,0
43909,0.547187261805,0
43910,1.00197040792,0
43911,0.753783307144,0
43912,0.884994904493,0
43913,0.780298579313,0
43914,0.96216524157,0
43915,1.08225145489,0
43916,1.18926609151,0
43917,0.913686080851,0
43918,1.2859067283,0
43919,1.05612584815,0
43920,1.07455777329,0
43921,1.05390098526,0
43922,1.32786658593,0
43923,1.13351966562,0
43924,1.16342582608,0
43925,1.18219557388,0
43926,1.24584889651,0
43927,1.36585598485,0
43928,1.63681616002,0
43929,1.49001146917,0
43930,1.3660282506,0
43931,1.70922539282,0
43932,1.69222449976,0
43933,1.38350790837,0
43934,1.67999920182,0
43935,1.81375127345,0
43936,1.8158766355,0
43937,1.51600134246,0
43938,1.86412005759,0
43939,1.51043722042,0
43940,1.84002924353,0
43941,1.90272429796,0
43942,1.73333012951,0
43943,1.7590249349,0
43944,1.53510164303,0
43945,1.62059031677,0
43946,1.94598203755,0
43947,1.88420592552,0
43948,1.80751947957,0
43949,1.54425070518,0
43950,1.56169031972,0
43951,1.80013870901,0
43952,1.93615013497,0
43953,1.86286073314,0
43954,1.72768300925,0
43955,1.69393696342,0
43956,1.76740988233,0
43957,1.73470866668,0
43958,1.65076159686,0
43959,1.47102602551,0
43960,1.71279106639,0
43961,1.44440050007,0
43962,1.61161519619,0
43963,1.41147682603,0
43964,1.71285781744,0
43965,1.42014827076,0
43966,1.62048206026,0
43967,1.41341513226,0
43968,1.41530511248,0
43969,1.62181129089,0
43970,1.25903026874,0
43971,1.36716499958,0
43972,1.204261712,0
43973,1.5048229166,0
43974,1.21595152217,0
43975,1.10268858419,0
43976,1.36286379202,0
43977,1.44664566576,0
43978,1.14942745884,0
43979,1.34773273282,0
43980,1.14370822245,0
43981,1.2989349019,0
43982,1.22779113564,0
43983,0.810979993102,0
43984,1.10588816641,0
43985,1.1522628633,0
43986,0.725918635008,0
43987,0.683329574038,0
43988,0.99951012975,0
43989,0.977198033927,0
43990,0.664383967194,0
43991,0.689928467564,0
43992,0.45337734774,0
43993,0.472574656136,0
43994,0.723742008367,0
43995,0.724232112037,0
43996,0.550358966561,0
43997,0.631839141405,0
43998,0.25828781512,0
43999,0.55100371433,0
44000,0.345169376521,0
44001,0.410891671057,0
44002,0.625152667319,0
44003,0.427639885783,0
44004,0.250474456965,0
44005,0.0998245328742,0
44006,0.375788389577,0
44007,0.00875691974377,0
44008,0.0800047995759,0
44009,0.121692254998,0
44010,0.263358206563,0
44011,0.00787720717051,0
44012,0.0942410314533,0
44013,-0.125676690642,0
44014,-0.230786845965,0
44015,0.0451096455953,0
44016,-0.203016920018,0
44017,-0.416876108493,0
44018,-0.412490322349,0
44019,-0.246553146281,0
44020,-0.134354543445,0
44021,-0.500916005923,0
44022,-0.401843337009,0
44023,-0.631786858056,0
44024,-0.663899455212,0
44025,-0.313911617984,0
44026,-0.377490301962,0
44027,-0.336710197084,0
44028,-0.408589246279,0
44029,-0.444477778933,0
44030,-0.635601643238,0
44031,-0.752936735368,0
44032,-0.762097945189,0
44033,-0.547524077513,0
44034,-0.927426965252,0
44035,-0.948624528354,0
44036,-0.553691074614,0
44037,-0.845761584156,0
44038,-0.901748817844,0
44039,-1.00831689842,0
44040,-1.03378247572,0
44041,-0.630165907463,0
44042,-1.00216423244,0
44043,-1.04536679049,0
44044,-0.762075652922,0
44045,-0.742331674792,0
44046,-0.852931995468,0
44047,-0.724794747994,0
44048,-0.926621255024,0
44049,-1.06447583254,0
44050,-0.935226086851,0
44051,-0.682845414644,0
44052,-1.09894073871,0
44053,-0.953461456766,0
44054,-1.07041073315,0
44055,-0.811229990026,0
44056,-1.07294968042,0
44057,-0.681682852215,0
44058,-0.799204208384,0
44059,-0.951746713254,0
44060,-1.02926825036,0
44061,-0.712252824326,0
44062,-0.594555890997,0
44063,-0.582624700903,0
44064,-0.606409702305,0
44065,-0.631652474339,0
44066,-0.774253190982,0
44067,-0.603070735667,0
44068,-0.48027383658,0
44069,-0.691003314225,0
44070,-0.790192379321,0
44071,-0.473181674005,0
44072,-0.447936509173,0
44073,-0.448077746502,0
44074,-0.603386388112,0
44075,-0.668643301817,0
44076,-0.448452538191,0
44077,-0.422019043431,0
44078,-0.293820265233,0
44079,-0.429483144985,0
44080,-0.501116878643,0
44081,-0.472616949836,0
44082,-0.0627592213219,0
44083,-0.00629103943943,0
44084,-0.351689420348,0
44085,0.0982385748123,0
44086,0.0389383399976,0
44087,0.174502459344,0
44088,0.1315983633,0
44089,0.25562938304,0
44090,0.275212503226,0
44091,-0.0696042724933,0
44092,0.149389006862,0
44093,0.242116940887,0
44094,0.0795374755945,0
44095,0.201932981695,0
44096,0.144268658434,0
44097,0.495897599551,0
44098,0.628931392948,0
44099,0.498723595335,0
44100,0.380591814891,0
44101,0.613401428639,0
44102,0.634529061645,0
44103,0.517635780587,0
44104,0.522858920119,0
44105,0.876113346257,0
44106,0.988609835891,0
44107,0.704157303814,0
44108,1.07993182793,0
44109,0.711405267351,0
44110,1.16618841346,0
44111,0.91800131269,0
44112,1.04921291004,0
44113,0.944516584859,0
44114,1.12638324712,0
44115,1.24646946043,0
44116,1.35348409706,0
44117,1.0779040864,0
44118,1.45012473384,0
44119,1.2203438537,0
44120,1.23877577883,0
44121,1.21811899081,0
44122,1.49208459147,0
44123,1.29773767116,0
44124,1.32764383162,0
44125,1.34641357943,0
44126,1.41006690206,0
44127,1.5300739904,0
44128,1.80103416556,0
44129,1.65422947471,0
44130,1.53024625614,0
44131,1.87344339837,0
44132,1.85644250531,0
44133,1.54772591392,0
44134,1.84421720737,0
44135,1.97796927899,0
44136,1.98009464104,0
44137,1.68021934801,0
44138,2.02833806313,0
44139,1.67465522597,0
44140,2.00424724908,0
44141,2.06694230351,0
44142,1.89754813506,0
44143,1.92324294045,0
44144,1.69931964858,0
44145,1.78480832231,0
44146,2.11020004309,0
44147,2.04842393107,0
44148,1.97173748512,0
44149,1.70846871073,0
44150,1.72590832527,0
44151,1.96435671456,0
44152,2.10036814052,0
44153,2.02707873868,0
44154,1.8919010148,0
44155,1.85815496897,0
44156,1.93162788788,0
44157,1.89892667223,0
44158,1.81497960241,0
44159,1.63524403106,0
44160,1.87700907194,0
44161,1.60861850562,0
44162,1.77583320174,0
44163,1.57569483158,0
44164,1.87707582299,0
44165,1.5843662763,0
44166,1.78470006581,0
44167,1.57763313781,0
44168,1.57952311803,0
44169,1.78602929644,0
44170,1.42324827428,0
44171,1.53138300513,0
44172,1.36847971754,0
44173,1.66904092215,0
44174,1.38016952772,0
44175,1.26690658973,0
44176,1.52708179757,0
44177,1.6108636713,0
44178,1.31364546438,0
44179,1.51195073837,0
44180,1.30792622799,0
44181,1.46315290745,0
44182,1.39200914118,0
44183,0.975197998648,0
44184,1.27010617195,0
44185,1.31648086884,0
44186,0.890136640554,0
44187,0.847547579584,0
44188,1.1637281353,0
44189,1.14141603947,0
44190,0.82860197274,0
44191,0.85414647311,0
44192,0.617595353286,0
44193,0.636792661682,0
44194,0.887960013913,0
44195,0.888450117583,0
44196,0.714576972107,0
44197,0.796057146951,0
44198,0.422505820666,0
44199,0.715221719876,0
44200,0.372863640815,0
44201,0.438585935351,0
44202,0.652846931613,0
44203,0.455334150077,0
44204,0.278168721259,0
44205,0.127518797168,0
44206,0.403482653871,0
44207,0.0364511840378,0
44208,0.10769906387,0
44209,0.149386519292,0
44210,0.291052470857,0
44211,0.0355714714646,0
44212,0.121935295747,0
44213,-0.0979824263482,0
44214,-0.203092581671,0
44215,0.0728039098894,0
44216,-0.175322655724,0
44217,-0.389181844199,0
44218,-0.384796058055,0
44219,-0.218858881987,0
44220,-0.106660279151,0
44221,-0.473221741629,0
44222,-0.374149072715,0
44223,-0.604092593762,0
44224,-0.636205190918,0
44225,-0.28621735369,0
44226,-0.349796037668,0
44227,-0.30901593279,0
44228,-0.380894981984,0
44229,-0.416783514639,0
44230,-0.607907378944,0
44231,-0.725242471074,0
44232,-0.734403680895,0
44233,-0.519829813219,0
44234,-0.899732700958,0
44235,-0.92093026406,0
44236,-0.52599681032,0
44237,-0.818067319862,0
44238,-0.87405455355,0
44239,-0.980622634128,0
44240,-1.00608821142,0
44241,-0.602471643169,0
44242,-0.974469968146,0
44243,-1.0176725262,0
44244,-0.734381388628,0
44245,-0.714637410498,0
44246,-0.825237731174,0
44247,-0.6971004837,0
44248,-0.89892699073,0
44249,-1.03678156824,0
44250,-0.907531822557,0
44251,-0.65515115035,0
44252,-1.07124647442,0
44253,-0.925767192471,0
44254,-1.04271646885,0
44255,-0.783535725732,0
44256,-1.04525541613,0
44257,-0.65398858792,0
44258,-0.77150994409,0
44259,-0.92405244896,0
44260,-1.00157398607,0
44261,-0.684558560032,0
44262,-0.566861626703,0
44263,-0.554930436609,0
44264,-0.578715438011,0
44265,-0.603958210044,0
44266,-0.746558926688,0
44267,-0.575376471372,0
44268,-0.452579572286,0
44269,-0.663309049931,0
44270,-0.762498115027,0
44271,-0.445487409711,0
44272,-0.420242244879,0
44273,-0.420383482207,0
44274,-0.575692123818,0
44275,-0.640949037523,0
44276,-0.420758273897,0
44277,-0.394324779137,0
44278,-0.266126000939,0
44279,-0.40178888069,0
44280,-0.473422614349,0
44281,-0.444922685542,0
44282,-0.0350649570278,0
44283,0.0214032248546,0
44284,-0.323995156054,0
44285,0.125932839106,0
44286,0.0666326042917,0
44287,0.202196723639,0
44288,0.159292627594,0
44289,0.283323647334,0
44290,0.30290676752,0
44291,-0.0419100081993,0
44292,0.177083271156,0
44293,0.269811205181,0
44294,0.107231739889,0
44295,0.229627245989,0
44296,0.171962922728,0
44297,0.523591863845,0
44298,0.656625657242,0
44299,0.526417859629,0
44300,0.408286079185,0
44301,0.641095692933,0
44302,0.662223325939,0
44303,0.545330044881,0
44304,0.550553184413,0
44305,0.903807610551,0
44306,1.01630410019,0
44307,0.731851568108,0
44308,1.10762609222,0
44309,0.739099531645,0
44310,1.19388267776,0
44311,0.945695576985,0
44312,1.07690717433,0
44313,0.972210849153,0
44314,1.15407751141,0
44315,1.27416372473,0
44316,1.38117836135,0
44317,1.10559835069,0
44318,1.47781899814,0
44319,1.24803811799,0
44320,1.26647004313,0
44321,1.2458132551,0
44322,1.51977885577,0
44323,1.32543193546,0
44324,1.35533809592,0
44325,1.37410784372,0
44326,1.43776116635,0
44327,1.55776825469,0
44328,1.82872842986,0
44329,1.68192373901,0
44330,1.55794052044,0
44331,1.90113766266,0
44332,1.8841367696,0
44333,1.57542017821,0
44334,1.87191147166,0
44335,2.00566354329,0
44336,2.00778890534,0
44337,1.7079136123,0
44338,2.05603232743,0
44339,1.70234949026,0
44340,2.03194151337,0
44341,2.0946365678,0
44342,1.92524239935,0
44343,1.95093720474,0
44344,1.72701391287,0
44345,1.81250258661,0
44346,2.13789430739,0
44347,2.07611819536,0
44348,1.99943174941,0
44349,1.73616297502,0
44350,1.75360258956,0
44351,1.99205097885,0
44352,2.12806240481,0
44353,2.05477300298,0
44354,1.91959527909,0
44355,1.88584923326,0
44356,1.95932215217,0
44357,1.92662093652,0
44358,1.8426738667,0
44359,1.66293829535,0
44360,1.90470333623,0
44361,1.63631276991,0
44362,1.80352746603,0
44363,1.60338909587,0
44364,1.90477008728,0
44365,1.6120605406,0
44366,1.8123943301,0
44367,1.6053274021,0
44368,1.60721738232,0
44369,1.81372356073,0
44370,1.45094253858,0
44371,1.55907726942,0
44372,1.39617398184,0
44373,1.69673518644,0
44374,1.40786379202,0
44375,1.29460085403,0
44376,1.55477606186,0
44377,1.6385579356,0
44378,1.34133972868,0
44379,1.53964500266,0
44380,1.33562049229,0
44381,1.49084717174,0
44382,1.41970340548,0
44383,1.00289226294,0
44384,1.29780043625,0
44385,1.34417513314,0
44386,0.917830904849,0
44387,0.875241843878,0
44388,1.19142239959,0
44389,1.16911030377,0
44390,0.856296237034,0
44391,0.881840737404,0
44392,0.645289617581,0
44393,0.664486925976,0
44394,0.915654278207,0
44395,0.916144381877,0
44396,0.742271236401,0
44397,0.823751411245,0
44398,0.450200084961,0
44399,0.74291598417,0
44400,0.381557573627,0
44401,0.447279868163,0
44402,0.661540864425,0
44403,0.46402808289,0
44404,0.286862654071,0
44405,0.136212729981,0
44406,0.412176586683,0
44407,0.0451451168503,0
44408,0.116392996682,0
44409,0.158080452104,0
44410,0.29974640367,0
44411,0.044265404277,0
44412,0.13062922856,0
44413,-0.0892884935358,0
44414,-0.194398648859,0
44415,0.0814978427019,0
44416,-0.166628722911,0
44417,-0.380487911387,0
44418,-0.376102125242,0
44419,-0.210164949175,0
44420,-0.0979663463383,0
44421,-0.464527808816,0
44422,-0.365455139902,0
44423,-0.595398660949,0
44424,-0.627511258106,0
44425,-0.277523420878,0
44426,-0.341102104856,0
44427,-0.300321999978,0
44428,-0.372201049172,0
44429,-0.408089581826,0
44430,-0.599213446132,0
44431,-0.716548538261,0
44432,-0.725709748082,0
44433,-0.511135880406,0
44434,-0.891038768145,0
44435,-0.912236331247,0
44436,-0.517302877507,0
44437,-0.80937338705,0
44438,-0.865360620738,0
44439,-0.971928701315,0
44440,-0.99739427861,0
44441,-0.593777710357,0
44442,-0.965776035334,0
44443,-1.00897859338,0
44444,-0.725687455816,0
44445,-0.705943477685,0
44446,-0.816543798362,0
44447,-0.688406550887,0
44448,-0.890233057917,0
44449,-1.02808763543,0
44450,-0.898837889744,0
44451,-0.646457217538,0
44452,-1.06255254161,0
44453,-0.917073259659,0
44454,-1.03402253604,0
44455,-0.77484179292,0
44456,-1.03656148331,0
44457,-0.645294655108,0
44458,-0.762816011277,0
44459,-0.915358516148,0
44460,-0.992880053254,0
44461,-0.675864627219,0
44462,-0.558167693891,0
44463,-0.546236503797,0
44464,-0.570021505199,0
44465,-0.595264277232,0
44466,-0.737864993876,0
44467,-0.56668253856,0
44468,-0.443885639473,0
44469,-0.654615117118,0
44470,-0.753804182215,0
44471,-0.436793476899,0
44472,-0.411548312067,0
44473,-0.411689549395,0
44474,-0.566998191005,0
44475,-0.632255104711,0
44476,-0.412064341085,0
44477,-0.385630846324,0
44478,-0.257432068126,0
44479,-0.393094947878,0
44480,-0.464728681536,0
44481,-0.43622875273,0
44482,-0.0263710242153,0
44483,0.0300971576671,0
44484,-0.315301223242,0
44485,0.134626771919,0
44486,0.0753265371042,0
44487,0.210890656451,0
44488,0.167986560406,0
44489,0.292017580146,0
44490,0.311600700333,0
44491,-0.0332160753868,0
44492,0.185777203969,0
44493,0.278505137994,0
44494,0.115925672701,0
44495,0.238321178802,0
44496,0.180656855541,0
44497,0.532285796657,0
44498,0.665319590054,0
44499,0.535111792441,0
44500,0.416980011998,0
44501,0.649789625745,0
44502,0.670917258752,0
44503,0.554023977693,0
44504,0.559247117225,0
44505,0.912501543363,0
44506,1.024998033,0
44507,0.740545500921,0
44508,1.11632002503,0
44509,0.747793464458,0
44510,1.20257661057,0
44511,0.954389509797,0
44512,1.08560110715,0
44513,0.980904781966,0
44514,1.16277144422,0
44515,1.28285765754,0
44516,1.38987229417,0
44517,1.1142922835,0
44518,1.48651293095,0
44519,1.2567320508,0
44520,1.27516397594,0
44521,1.25450718791,0
44522,1.52847278858,0
44523,1.33412586827,0
44524,1.36403202873,0
44525,1.38280177653,0
44526,1.44645509917,0
44527,1.5664621875,0
44528,1.83742236267,0
44529,1.69061767182,0
44530,1.56663445325,0
44531,1.90983159547,0
44532,1.89283070241,0
44533,1.58411411102,0
44534,1.88060540447,0
44535,2.0143574761,0
44536,2.01648283815,0
44537,1.71660754512,0
44538,2.06472626024,0
44539,1.71104342308,0
44540,2.04063544618,0
44541,2.10333050061,0
44542,1.93393633217,0
44543,1.95963113755,0
44544,1.73570784568,0
44545,1.82119651942,0
44546,2.1465882402,0
44547,2.08481212817,0
44548,2.00812568222,0
44549,1.74485690784,0
44550,1.76229652237,0
44551,2.00074491167,0
44552,2.13675633762,0
44553,2.06346693579,0
44554,1.9282892119,0
44555,1.89454316608,0
44556,1.96801608499,0
44557,1.93531486933,0
44558,1.85136779952,0
44559,1.67163222816,0
44560,1.91339726905,0
44561,1.64500670272,0
44562,1.81222139885,0
44563,1.61208302869,0
44564,1.91346402009,0
44565,1.62075447341,0
44566,1.82108826291,0
44567,1.61402133492,0
44568,1.61591131514,0
44569,1.82241749355,0
44570,1.45963647139,0
44571,1.56777120223,0
44572,1.40486791465,0
44573,1.70542911925,0
44574,1.41655772483,0
44575,1.30329478684,0
44576,1.56346999467,0
44577,1.64725186841,0
44578,1.35003366149,0
44579,1.54833893548,0
44580,1.3443144251,0
44581,1.49954110456,0
44582,1.42839733829,0
44583,1.01158619575,0
44584,1.30649436906,0
44585,1.35286906595,0
44586,0.926524837661,0
44587,0.883935776691,0
44588,1.2001163324,0
44589,1.17780423658,0
44590,0.864990169846,0
44591,0.890534670217,0
44592,0.653983550393,0
44593,0.673180858788,0
44594,0.92434821102,0
44595,0.924838314689,0
44596,0.750965169214,0
44597,0.832445344057,0
44598,0.458894017773,0
44599,0.751609916983,0
44600,0.469819406643,0
44601,0.535541701179,0
44602,0.749802697441,0
44603,0.552289915905,0
44604,0.375124487087,0
44605,0.224474562996,0
44606,0.500438419699,0
44607,0.133406949866,0
44608,0.204654829698,0
44609,0.24634228512,0
44610,0.388008236685,0
44611,0.132527237293,0
44612,0.218891061576,0
44613,-0.00102666052,0
44614,-0.106136815843,0
44615,0.169759675718,0
44616,-0.0783668898955,0
44617,-0.292226078371,0
44618,-0.287840292227,0
44619,-0.121903116159,0
44620,-0.00970451332256,0
44621,-0.3762659758,0
44622,-0.277193306886,0
44623,-0.507136827933,0
44624,-0.53924942509,0
44625,-0.189261587862,0
44626,-0.25284027184,0
44627,-0.212060166962,0
44628,-0.283939216156,0
44629,-0.31982774881,0
44630,-0.510951613116,0
44631,-0.628286705246,0
44632,-0.637447915067,0
44633,-0.42287404739,0
44634,-0.80277693513,0
44635,-0.823974498232,0
44636,-0.429041044492,0
44637,-0.721111554034,0
44638,-0.777098787722,0
44639,-0.883666868299,0
44640,-0.909132445594,0
44641,-0.505515877341,0
44642,-0.877514202318,0
44643,-0.920716760369,0
44644,-0.6374256228,0
44645,-0.61768164467,0
44646,-0.728281965346,0
44647,-0.600144717872,0
44648,-0.801971224902,0
44649,-0.939825802414,0
44650,-0.810576056728,0
44651,-0.558195384522,0
44652,-0.974290708592,0
44653,-0.828811426643,0
44654,-0.945760703024,0
44655,-0.686579959904,0
44656,-0.948299650298,0
44657,-0.557032822092,0
44658,-0.674554178262,0
44659,-0.827096683132,0
44660,-0.904618220238,0
44661,-0.587602794204,0
44662,-0.469905860875,0
44663,-0.457974670781,0
44664,-0.481759672183,0
44665,-0.507002444216,0
44666,-0.64960316086,0
44667,-0.478420705544,0
44668,-0.355623806457,0
44669,-0.566353284102,0
44670,-0.665542349199,0
44671,-0.348531643883,0
44672,-0.323286479051,0
44673,-0.323427716379,0
44674,-0.478736357989,0
44675,-0.543993271695,0
44676,-0.323802508069,0
44677,-0.297369013309,0
44678,-0.16917023511,0
44679,-0.304833114862,0
44680,-0.376466848521,0
44681,-0.347966919714,0
44682,0.0618908088004,0
44683,0.118358990683,0
44684,-0.227039390226,0
44685,0.222888604935,0
44686,0.16358837012,0
44687,0.299152489467,0
44688,0.256248393422,0
44689,0.380279413162,0
44690,0.399862533349,0
44691,0.055045757629,0
44692,0.274039036984,0
44693,0.36676697101,0
44694,0.204187505717,0
44695,0.326583011818,0
44696,0.268918688557,0
44697,0.620547629673,0
44698,0.75358142307,0
44699,0.623373625457,0
44700,0.505241845013,0
44701,0.738051458761,0
44702,0.759179091768,0
44703,0.642285810709,0
44704,0.647508950241,0
44705,1.00076337638,0
44706,1.11325986601,0
44707,0.828807333937,0
44708,1.20458185805,0
44709,0.836055297473,0
44710,1.29083844359,0
44711,1.04265134281,0
44712,1.17386294016,0
44713,1.06916661498,0
44714,1.25103327724,0
44715,1.37111949056,0
44716,1.47813412718,0
44717,1.20255411652,0
44718,1.57477476396,0
44719,1.34499388382,0
44720,1.36342580896,0
44721,1.34276902093,0
44722,1.6167346216,0
44723,1.42238770129,0
44724,1.45229386174,0
44725,1.47106360955,0
44726,1.53471693218,0
44727,1.65472402052,0
44728,1.92568419568,0
44729,1.77887950484,0
44730,1.65489628626,0
44731,1.99809342849,0
44732,1.98109253543,0
44733,1.67237594404,0
44734,1.96886723749,0
44735,2.10261930912,0
44736,2.10474467117,0
44737,1.80486937813,0
44738,2.15298809325,0
44739,1.79930525609,0
44740,2.1288972792,0
44741,2.19159233363,0
44742,2.02219816518,0
44743,2.04789297057,0
44744,1.8239696787,0
44745,1.90945835243,0
44746,2.23485007322,0
44747,2.17307396119,0
44748,2.09638751524,0
44749,1.83311874085,0
44750,1.85055835539,0
44751,2.08900674468,0
44752,2.22501817064,0
44753,2.15172876881,0
44754,2.01655104492,0
44755,1.98280499909,0
44756,2.056277918,0
44757,2.02357670235,0
44758,1.93962963253,0
44759,1.75989406118,0
44760,2.00165910206,0
44761,1.73326853574,0
44762,1.90048323186,0
44763,1.7003448617,0
44764,2.00172585311,0
44765,1.70901630642,0
44766,1.90935009593,0
44767,1.70228316793,0
44768,1.70417314815,0
44769,1.91067932656,0
44770,1.5478983044,0
44771,1.65603303525,0
44772,1.49312974766,0
44773,1.79369095227,0
44774,1.50481955784,0
44775,1.39155661986,0
44776,1.65173182769,0
44777,1.73551370142,0
44778,1.4382954945,0
44779,1.63660076849,0
44780,1.43257625811,0
44781,1.58780293757,0
44782,1.5166591713,0
44783,1.09984802877,0
44784,1.39475620208,0
44785,1.44113089896,0
44786,1.01478667068,0
44787,0.972197609706,0
44788,1.28837816542,0
44789,1.2660660696,0
44790,0.953252002862,0
44791,0.978796503233,0
44792,0.742245383409,0
44793,0.761442691804,0
44794,1.01261004404,0
44795,1.01310014771,0
44796,0.83922700223,0
44797,0.920707177073,0
44798,0.547155850789,0
44799,0.839871749999,0
44800,0.253849080939,0
44801,0.319571375475,0
44802,0.533832371737,0
44803,0.336319590201,0
44804,0.159154161383,0
44805,0.00850423729211,0
44806,0.284468093995,0
44807,-0.0825633758383,0
44808,-0.0113154960061,0
44809,0.0303719594155,0
44810,0.172037910981,0
44811,-0.0834430884115,0
44812,0.00292073587128,0
44813,-0.216996986224,0
44814,-0.322107141548,0
44815,-0.0462106499867,0
44816,-0.2943372156,0
44817,-0.508196404076,0
44818,-0.503810617931,0
44819,-0.337873441863,0
44820,-0.225674839027,0
44821,-0.592236301505,0
44822,-0.493163632591,0
44823,-0.723107153638,0
44824,-0.755219750794,0
44825,-0.405231913567,0
44826,-0.468810597544,0
44827,-0.428030492666,0
44828,-0.499909541861,0
44829,-0.535798074515,0
44830,-0.72692193882,0
44831,-0.84425703095,0
44832,-0.853418240771,0
44833,-0.638844373095,0
44834,-1.01874726083,0
44835,-1.03994482394,0
44836,-0.645011370196,0
44837,-0.937081879738,0
44838,-0.993069113426,0
44839,-1.099637194,0
44840,-1.1251027713,0
44841,-0.721486203045,0
44842,-1.09348452802,0
44843,-1.13668708607,0
44844,-0.853395948504,0
44845,-0.833651970374,0
44846,-0.94425229105,0
44847,-0.816115043576,0
44848,-1.01794155061,0
44849,-1.15579612812,0
44850,-1.02654638243,0
44851,-0.774165710226,0
44852,-1.1902610343,0
44853,-1.04478175235,0
44854,-1.16173102873,0
44855,-0.902550285608,0
44856,-1.164269976,0
44857,-0.773003147797,0
44858,-0.890524503966,0
44859,-1.04306700884,0
44860,-1.12058854594,0
44861,-0.803573119908,0
44862,-0.685876186579,0
44863,-0.673944996485,0
44864,-0.697729997887,0
44865,-0.722972769921,0
44866,-0.865573486565,0
44867,-0.694391031249,0
44868,-0.571594132162,0
44869,-0.782323609807,0
44870,-0.881512674904,0
44871,-0.564501969587,0
44872,-0.539256804755,0
44873,-0.539398042084,0
44874,-0.694706683694,0
44875,-0.759963597399,0
44876,-0.539772833774,0
44877,-0.513339339013,0
44878,-0.385140560815,0
44879,-0.520803440567,0
44880,-0.592437174225,0
44881,-0.563937245418,0
44882,-0.154079516904,0
44883,-0.0976113350215,0
44884,-0.44300971593,0
44885,0.00691827923023,0
44886,-0.0523819555844,0
44887,0.0831821637624,0
44888,0.0402780677178,0
44889,0.164309087458,0
44890,0.183892207644,0
44891,-0.160924568075,0
44892,0.0580687112801,0
44893,0.150796645305,0
44894,-0.0117828199876,0
44895,0.110612686113,0
44896,0.0529483628523,0
44897,0.404577303969,0
44898,0.537611097365,0
44899,0.407403299753,0
44900,0.289271519309,0
44901,0.522081133056,0
44902,0.543208766063,0
44903,0.426315485005,0
44904,0.431538624537,0
44905,0.784793050675,0
44906,0.897289540309,0
44907,0.612837008232,0
44908,0.988611532345,0
44909,0.620084971769,0
44910,1.07486811788,0
44911,0.826681017108,0
44912,0.957892614457,0
44913,0.853196289277,0
44914,1.03506295153,0
44915,1.15514916485,0
44916,1.26216380148,0
44917,0.986583790815,0
44918,1.35880443826,0
44919,1.12902355812,0
44920,1.14745548325,0
44921,1.12679869522,0
44922,1.40076429589,0
44923,1.20641737558,0
44924,1.23632353604,0
44925,1.25509328384,0
44926,1.31874660648,0
44927,1.43875369481,0
44928,1.70971386998,0
44929,1.56290917913,0
44930,1.43892596056,0
44931,1.78212310278,0
44932,1.76512220972,0
44933,1.45640561833,0
44934,1.75289691179,0
44935,1.88664898341,0
44936,1.88877434546,0
44937,1.58889905243,0
44938,1.93701776755,0
44939,1.58333493039,0
44940,1.9129269535,0
44941,1.97562200793,0
44942,1.80622783948,0
44943,1.83192264487,0
44944,1.607999353,0
44945,1.69348802673,0
44946,2.01887974751,0
44947,1.95710363548,0
44948,1.88041718954,0
44949,1.61714841515,0
44950,1.63458802969,0
44951,1.87303641898,0
44952,2.00904784494,0
44953,1.9357584431,0
44954,1.80058071921,0
44955,1.76683467339,0
44956,1.8403075923,0
44957,1.80760637664,0
44958,1.72365930683,0
44959,1.54392373547,0
44960,1.78568877636,0
44961,1.51729821003,0
44962,1.68451290616,0
44963,1.484374536,0
44964,1.7857555274,0
44965,1.49304598072,0
44966,1.69337977022,0
44967,1.48631284223,0
44968,1.48820282245,0
44969,1.69470900086,0
44970,1.3319279787,0
44971,1.44006270954,0
44972,1.27715942196,0
44973,1.57772062657,0
44974,1.28884923214,0
44975,1.17558629415,0
44976,1.43576150199,0
44977,1.51954337572,0
44978,1.2223251688,0
44979,1.42063044279,0
44980,1.21660593241,0
44981,1.37183261187,0
44982,1.3006888456,0
44983,0.883877703066,0
44984,1.17878587637,0
44985,1.22516057326,0
44986,0.798816344972,0
44987,0.756227284002,0
44988,1.07240783971,0
44989,1.05009574389,0
44990,0.737281677158,0
44991,0.762826177528,0
44992,0.526275057704,0
44993,0.5454723661,0
44994,0.796639718331,0
44995,0.797129822001,0
44996,0.623256676525,0
44997,0.704736851369,0
44998,0.331185525084,0
44999,0.623901424294,0
45000,0.103124868614,0
45001,0.168847163151,0
45002,0.383108159413,0
45003,0.185595377877,0
45004,0.00842994905849,0
45005,-0.142219975032,0
45006,0.13374388167,0
45007,-0.233287588162,0
45008,-0.16203970833,0
45009,-0.120352252909,0
45010,0.0213136986568,0
45011,-0.234167300736,0
45012,-0.147803476453,0
45013,-0.367721198549,0
45014,-0.472831353872,0
45015,-0.196934862311,0
45016,-0.445061427924,0
45017,-0.6589206164,0
45018,-0.654534830255,0
45019,-0.488597654187,0
45020,-0.376399051351,0
45021,-0.742960513829,0
45022,-0.643887844915,0
45023,-0.873831365962,0
45024,-0.905943963118,0
45025,-0.555956125891,0
45026,-0.619534809868,0
45027,-0.57875470499,0
45028,-0.650633754185,0
45029,-0.686522286839,0
45030,-0.877646151144,0
45031,-0.994981243274,0
45032,-1.0041424531,0
45033,-0.789568585419,0
45034,-1.16947147316,0
45035,-1.19066903626,0
45036,-0.79573558252,0
45037,-1.08780609206,0
45038,-1.14379332575,0
45039,-1.25036140633,0
45040,-1.27582698362,0
45041,-0.87221041537,0
45042,-1.24420874035,0
45043,-1.2874112984,0
45044,-1.00412016083,0
45045,-0.984376182698,0
45046,-1.09497650337,0
45047,-0.9668392559,0
45048,-1.16866576293,0
45049,-1.30652034044,0
45050,-1.17727059476,0
45051,-0.92488992255,0
45052,-1.34098524662,0
45053,-1.19550596467,0
45054,-1.31245524105,0
45055,-1.05327449793,0
45056,-1.31499418833,0
45057,-0.923727360121,0
45058,-1.04124871629,0
45059,-1.19379122116,0
45060,-1.27131275827,0
45061,-0.954297332232,0
45062,-0.836600398903,0
45063,-0.824669208809,0
45064,-0.848454210212,0
45065,-0.873696982245,0
45066,-1.01629769889,0
45067,-0.845115243573,0
45068,-0.722318344486,0
45069,-0.933047822131,0
45070,-1.03223688723,0
45071,-0.715226181912,0
45072,-0.689981017079,0
45073,-0.690122254408,0
45074,-0.845430896018,0
45075,-0.910687809723,0
45076,-0.690497046098,0
45077,-0.664063551337,0
45078,-0.535864773139,0
45079,-0.671527652891,0
45080,-0.743161386549,0
45081,-0.714661457742,0
45082,-0.304803729228,0
45083,-0.248335547346,0
45084,-0.593733928254,0
45085,-0.143805933094,0
45086,-0.203106167909,0
45087,-0.0675420485617,0
45088,-0.110446144606,0
45089,0.0135848751335,0
45090,0.0331679953201,0
45091,-0.3116487804,0
45092,-0.0926555010441,0
45093,7.24329811129e-05,0
45094,-0.162507032312,0
45095,-0.0401115262109,0
45096,-0.0977758494719,0
45097,0.253853091645,0
45098,0.386886885041,0
45099,0.256679087428,0
45100,0.138547306985,0
45101,0.371356920732,0
45102,0.392484553739,0
45103,0.275591272681,0
45104,0.280814412213,0
45105,0.63406883835,0
45106,0.746565327985,0
45107,0.462112795908,0
45108,0.837887320021,0
45109,0.469360759445,0
45110,0.924143905557,0
45111,0.675956804784,0
45112,0.807168402133,0
45113,0.702472076953,0
45114,0.88433873921,0
45115,1.00442495253,0
45116,1.11143958915,0
45117,0.835859578491,0
45118,1.20808022594,0
45119,0.978299345792,0
45120,0.996731270928,0
45121,0.9760744829,0
45122,1.25004008357,0
45123,1.05569316326,0
45124,1.08559932372,0
45125,1.10436907152,0
45126,1.16802239415,0
45127,1.28802948249,0
45128,1.55898965766,0
45129,1.41218496681,0
45130,1.28820174824,0
45131,1.63139889046,0
45132,1.6143979974,0
45133,1.30568140601,0
45134,1.60217269946,0
45135,1.73592477109,0
45136,1.73805013314,0
45137,1.4381748401,0
45138,1.78629355523,0
45139,1.43261071806,0
45140,1.76220274117,0
45141,1.8248977956,0
45142,1.65550362715,0
45143,1.68119843254,0
45144,1.45727514067,0
45145,1.5427638144,0
45146,1.86815553519,0
45147,1.80637942316,0
45148,1.72969297721,0
45149,1.46642420282,0
45150,1.48386381736,0
45151,1.72231220665,0
45152,1.85832363261,0
45153,1.78503423078,0
45154,1.64985650689,0
45155,1.61611046106,0
45156,1.68958337997,0
45157,1.65688216432,0
45158,1.5729350945,0
45159,1.39319952315,0
45160,1.63496456403,0
45161,1.36657399771,0
45162,1.53378869383,0
45163,1.33365032367,0
45164,1.63503131508,0
45165,1.3423217684,0
45166,1.5426555579,0
45167,1.3355886299,0
45168,1.33747861012,0
45169,1.54398478853,0
45170,1.18120376638,0
45171,1.28933849722,0
45172,1.12643520964,0
45173,1.42699641424,0
45174,1.13812501981,0
45175,1.02486208183,0
45176,1.28503728966,0
45177,1.3688191634,0
45178,1.07160095647,0
45179,1.26990623046,0
45180,1.06588172009,0
45181,1.22110839954,0
45182,1.14996463328,0
45183,0.733153490741,0
45184,1.02806166405,0
45185,1.07443636094,0
45186,0.648092132648,0
45187,0.605503071678,0
45188,0.92168362739,0
45189,0.899371531567,0
45190,0.586557464834,0
45191,0.612101965204,0
45192,0.37555084538,0
45193,0.394748153776,0
45194,0.645915506007,0
45195,0.646405609677,0
45196,0.472532464201,0
45197,0.554012639045,0
45198,0.18046131276,0
45199,0.47317721197,0
45200,0.216435956142,0
45201,0.282158250678,0
45202,0.49641924694,0
45203,0.298906465404,0
45204,0.121741036586,0
45205,-0.0289088875047,0
45206,0.247054969198,0
45207,-0.119976500635,0
45208,-0.048728620803,0
45209,-0.0070411653813,0
45210,0.134624786184,0
45211,-0.120856213208,0
45212,-0.0344923889255,0
45213,-0.254410111021,0
45214,-0.359520266344,0
45215,-0.0836237747835,0
45216,-0.331750340397,0
45217,-0.545609528872,0
45218,-0.541223742728,0
45219,-0.37528656666,0
45220,-0.263087963824,0
45221,-0.629649426302,0
45222,-0.530576757387,0
45223,-0.760520278435,0
45224,-0.792632875591,0
45225,-0.442645038363,0
45226,-0.506223722341,0
45227,-0.465443617463,0
45228,-0.537322666657,0
45229,-0.573211199311,0
45230,-0.764335063617,0
45231,-0.881670155747,0
45232,-0.890831365568,0
45233,-0.676257497892,0
45234,-1.05616038563,0
45235,-1.07735794873,0
45236,-0.682424494993,0
45237,-0.974495004535,0
45238,-1.03048223822,0
45239,-1.1370503188,0
45240,-1.1625158961,0
45241,-0.758899327842,0
45242,-1.13089765282,0
45243,-1.17410021087,0
45244,-0.890809073301,0
45245,-0.871065095171,0
45246,-0.981665415847,0
45247,-0.853528168373,0
45248,-1.0553546754,0
45249,-1.19320925292,0
45250,-1.06395950723,0
45251,-0.811578835023,0
45252,-1.22767415909,0
45253,-1.08219487714,0
45254,-1.19914415352,0
45255,-0.939963410405,0
45256,-1.2016831008,0
45257,-0.810416272593,0
45258,-0.927937628763,0
45259,-1.08048013363,0
45260,-1.15800167074,0
45261,-0.840986244705,0
45262,-0.723289311376,0
45263,-0.711358121282,0
45264,-0.735143122684,0
45265,-0.760385894717,0
45266,-0.902986611361,0
45267,-0.731804156045,0
45268,-0.609007256958,0
45269,-0.819736734604,0
45270,-0.9189257997,0
45271,-0.601915094384,0
45272,-0.576669929552,0
45273,-0.57681116688,0
45274,-0.732119808491,0
45275,-0.797376722196,0
45276,-0.57718595857,0
45277,-0.55075246381,0
45278,-0.422553685612,0
45279,-0.558216565363,0
45280,-0.629850299022,0
45281,-0.601350370215,0
45282,-0.191492641701,0
45283,-0.135024459818,0
45284,-0.480422840727,0
45285,-0.0304948455666,0
45286,-0.0897950803812,0
45287,0.0457690389656,0
45288,0.00286494292094,0
45289,0.126895962661,0
45290,0.146479082847,0
45291,-0.198337692872,0
45292,0.0206555864833,0
45293,0.113383520508,0
45294,-0.0491959447844,0
45295,0.0731995613165,0
45296,0.0155352380555,0
45297,0.367164179172,0
45298,0.500197972569,0
45299,0.369990174956,0
45300,0.251858394512,0
45301,0.48466800826,0
45302,0.505795641266,0
45303,0.388902360208,0
45304,0.39412549974,0
45305,0.747379925878,0
45306,0.859876415512,0
45307,0.575423883435,0
45308,0.951198407548,0
45309,0.582671846972,0
45310,1.03745499308,0
45311,0.789267892312,0
45312,0.920479489661,0
45313,0.815783164481,0
45314,0.997649826737,0
45315,1.11773604006,0
45316,1.22475067668,0
45317,0.949170666018,0
45318,1.32139131346,0
45319,1.09161043332,0
45320,1.11004235846,0
45321,1.08938557043,0
45322,1.36335117109,0
45323,1.16900425078,0
45324,1.19891041124,0
45325,1.21768015905,0
45326,1.28133348168,0
45327,1.40134057002,0
45328,1.67230074518,0
45329,1.52549605434,0
45330,1.40151283576,0
45331,1.74470997799,0
45332,1.72770908493,0
45333,1.41899249354,0
45334,1.71548378699,0
45335,1.84923585861,0
45336,1.85136122066,0
45337,1.55148592763,0
45338,1.89960464275,0
45339,1.54592180559,0
45340,1.8755138287,0
45341,1.93820888313,0
45342,1.76881471468,0
45343,1.79450952007,0
45344,1.5705862282,0
45345,1.65607490193,0
45346,1.98146662271,0
45347,1.91969051069,0
45348,1.84300406474,0
45349,1.57973529035,0
45350,1.59717490489,0
45351,1.83562329418,0
45352,1.97163472014,0
45353,1.89834531831,0
45354,1.76316759442,0
45355,1.72942154859,0
45356,1.8028944675,0
45357,1.77019325185,0
45358,1.68624618203,0
45359,1.50651061068,0
45360,1.74827565156,0
45361,1.47988508524,0
45362,1.64709978136,0
45363,1.4469614112,0
45364,1.74834240261,0
45365,1.45563285592,0
45366,1.65596664543,0
45367,1.44889971743,0
45368,1.45078969765,0
45369,1.65729587606,0
45370,1.2945148539,0
45371,1.40264958475,0
45372,1.23974629716,0
45373,1.54030750177,0
45374,1.25143610734,0
45375,1.13817316935,0
45376,1.39834837719,0
45377,1.48213025092,0
45378,1.184912044,0
45379,1.38321731799,0
45380,1.17919280761,0
45381,1.33441948707,0
45382,1.2632757208,0
45383,0.846464578269,0
45384,1.14137275157,0
45385,1.18774744846,0
45386,0.761403220176,0
45387,0.718814159205,0
45388,1.03499471492,0
45389,1.01268261909,0
45390,0.699868552361,0
45391,0.725413052731,0
45392,0.488861932908,0
45393,0.508059241303,0
45394,0.759226593534,0
45395,0.759716697204,0
45396,0.585843551728,0
45397,0.667323726572,0
45398,0.293772400288,0
45399,0.586488299497,0
45400,0.108195649401,0
45401,0.173917943937,0
45402,0.388178940199,0
45403,0.190666158663,0
45404,0.0135007298447,0
45405,-0.137149194246,0
45406,0.138814662457,0
45407,-0.228216807376,0
45408,-0.156968927544,0
45409,-0.115281472122,0
45410,0.0263844794431,0
45411,-0.229096519949,0
45412,-0.142732695667,0
45413,-0.362650417762,0
45414,-0.467760573085,0
45415,-0.191864081525,0
45416,-0.439990647138,0
45417,-0.653849835613,0
45418,-0.649464049469,0
45419,-0.483526873401,0
45420,-0.371328270565,0
45421,-0.737889733043,0
45422,-0.638817064129,0
45423,-0.868760585176,0
45424,-0.900873182332,0
45425,-0.550885345104,0
45426,-0.614464029082,0
45427,-0.573683924204,0
45428,-0.645562973399,0
45429,-0.681451506053,0
45430,-0.872575370358,0
45431,-0.989910462488,0
45432,-0.999071672309,0
45433,-0.784497804633,0
45434,-1.16440069237,0
45435,-1.18559825547,0
45436,-0.790664801734,0
45437,-1.08273531128,0
45438,-1.13872254496,0
45439,-1.24529062554,0
45440,-1.27075620284,0
45441,-0.867139634583,0
45442,-1.23913795956,0
45443,-1.28234051761,0
45444,-0.999049380042,0
45445,-0.979305401912,0
45446,-1.08990572259,0
45447,-0.961768475114,0
45448,-1.16359498214,0
45449,-1.30144955966,0
45450,-1.17219981397,0
45451,-0.919819141764,0
45452,-1.33591446583,0
45453,-1.19043518389,0
45454,-1.30738446027,0
45455,-1.04820371715,0
45456,-1.30992340754,0
45457,-0.918656579335,0
45458,-1.0361779355,0
45459,-1.18872044037,0
45460,-1.26624197748,0
45461,-0.949226551446,0
45462,-0.831529618117,0
45463,-0.819598428023,0
45464,-0.843383429425,0
45465,-0.868626201459,0
45466,-1.0112269181,0
45467,-0.840044462786,0
45468,-0.7172475637,0
45469,-0.927977041345,0
45470,-0.912217127105,1
45471,-0.790483757726,1
45472,-0.649153279015,1
45473,-0.490835920563,1
45474,-0.318455642279,1
45475,-0.135196131839,1
45476,0.0555579947767,1
45477,0.250283703681,1
45478,0.445384609918,1
45479,0.637257399021,1
45480,0.822358376549,1
45481,0.997268916504,1
45482,1.15875859986,1
45483,1.30384487712,1
45484,1.42984815291,1
45485,1.53444127544,1
45486,1.61569251655,1
45487,1.67210124882,1
45488,1.70262566057,1
45489,1.70670199709,1
45490,1.68425497262,1
45491,1.63569916077,1
45492,1.56193133778,1
45493,1.46431392001,1
45494,1.34464980145,1
45495,1.20514905616,1
45496,1.04838812042,1
45497,0.8772622086,1
45498,0.694931841505,1
45499,0.504764474789,1
45500,0.310272305484,1
45501,0.115047405307,1
45502,-0.0773046212332,1
45503,-0.26323122867,1
45504,-0.439298542464,1
45505,-0.602254779161,1
45506,-0.749090303508,1
45507,-0.877093213345,1
45508,-0.983899425666,1
45509,-1.06753633882,1
45510,-1.12645926444,1
45511,-1.15957995628,1
45512,-1.16628670899,1
45513,-1.14645565569,1
45514,-1.10045305568,1
45515,-1.02912853001,1
45516,-0.9337993698,1
45517,-0.816226207287,1
45518,-0.678580498692,1
45519,-0.523404419665,1
45520,-0.353563913892,1
45521,-0.172195762045,1
45522,0.0173503513579,1
45523,0.211573703198,1
45524,0.406887186543,1
45525,0.599683560843,1
45526,0.786402073983,1
45527,0.963594225733,1
45528,1.12798745803,1
45529,1.27654559578,1
45530,1.40652492192,1
45531,1.51552485104,1
45532,1.60153226579,1
45533,1.66295869707,1
45534,1.69866966141,1
45535,1.7080056138,1
45536,1.69079412872,1
45537,1.64735308472,1
45538,1.57848479352,1
45539,1.48546118211,1
45540,1.37000030159,1
45541,1.23423459649,1
45542,1.08067152071,1
45543,0.912147227427,1
45544,0.7317741882,1
45545,0.542883708839,1
45546,0.348964403569,1
45547,0.153597763896,1
45548,-0.0396079878898,1
45549,-0.227084538887,1
45550,-0.405369388683,1
45551,-0.571169798198,1
45552,-0.721423603212,1
45553,-0.853355769412,1
45554,-0.964529644441,1
45555,-1.05289196038,1
45556,-1.1168107555,1
45557,-1.15510551494,1
45558,-1.1670689736,1
45559,-1.15248017864,1
45560,-1.11160857018,1
45561,-1.0452090051,1
45562,-0.954507815529,1
45563,-0.841180159814,1
45564,-0.707319084001,1
45565,-0.555396865437,1
45566,-0.388219352331,1
45567,-0.208874142598,1
45568,-0.0206735590842,1
45569,0.172906525657,1
45570,0.368290885178,1
45571,0.561870969919,1
45572,0.750071553433,1
45573,0.929416763166,1
45574,1.09659427627,1
45575,1.24851649484,1
45576,1.38237757065,1
45577,1.49570522636,1
45578,1.58640641593,1
45579,1.65280598102,1
45580,1.69367758947,1
45581,1.70826638444,1
45582,1.69630292577,1
45583,1.65800816633,1
45584,1.59408937121,1
45585,1.50572705528,1
45586,1.39455318025,1
45587,1.26262101405,1
45588,1.11236720903,1
45589,0.946566799518,1
45590,0.768281949722,1
45591,0.580805398725,1
45592,0.38759964694,1
45593,0.192233007266,1
45594,-0.00168629800332,1
45595,-0.190576777365,1
45596,-0.370949816592,1
45597,-0.539474109879,1
45598,-0.693037185656,1
45599,-0.828802890757,1
45600,-0.76805781107,1
45601,-0.861081422477,1
45602,-0.929949713678,1
45603,-0.973390757676,1
45604,-0.990602242757,1
45605,-0.981266290371,1
45606,-0.945555326023,1
45607,-0.884128894751,1
45608,-0.798121480001,1
45609,-0.689121550877,1
45610,-0.559142224741,1
45611,-0.410584086988,1
45612,-0.24619085469,1
45613,-0.0689987029393,1
45614,0.1177198102,1
45615,0.3105161845,1
45616,0.505829667845,1
45617,0.700053019686,1
45618,0.889599133088,1
45619,1.07096728494,1
45620,1.24080779071,1
45621,1.39598386974,1
45622,1.53362957833,1
45623,1.65120274084,1
45624,1.74653190105,1
45625,1.81785642672,1
45626,1.86385902673,1
45627,1.88369008003,1
45628,1.87698332732,1
45629,1.84386263548,1
45630,1.78493970986,1
45631,1.70130279671,1
45632,1.59449658439,1
45633,1.46649367455,1
45634,1.3196581502,1
45635,1.15670191351,1
45636,0.980634599713,1
45637,0.794707992277,1
45638,0.602355965737,1
45639,0.40713106556,1
45640,0.212638896255,1
45641,0.0224715295386,1
45642,-0.159858837557,1
45643,-0.330984749379,1
45644,-0.487745685121,1
45645,-0.627246430411,1
45646,-0.746910548965,1
45647,-0.844527966737,1
45648,-0.918295789723,1
45649,-0.966851601578,1
45650,-0.989298626051,1
45651,-0.985222289526,1
45652,-0.954697877775,1
45653,-0.898289145507,1
45654,-0.817037904393,1
45655,-0.712444781867,1
45656,-0.586441506073,1
45657,-0.44135522882,1
45658,-0.279865545461,1
45659,-0.104955005505,1
45660,0.0801459720225,1
45661,0.272018761125,1
45662,0.467119667362,1
45663,0.661845376267,1
45664,0.852599502883,1
45665,1.03585901332,1
45666,1.20823929161,1
45667,1.36655665006,1
45668,1.50788712877,1
45669,1.62962049815,1
45670,-0.850960146233,0
45671,-0.533949440917,0
45672,-0.508704276085,0
45673,-0.508845513413,0
45674,-0.664154155024,0
45675,-0.729411068729,0
45676,-0.509220305103,0
45677,-0.482786810343,0
45678,-0.354588032144,0
45679,-0.490250911896,0
45680,-0.561884645555,0
45681,-0.533384716748,0
45682,-0.123526988234,0
45683,-0.0670588063512,0
45684,-0.41245718726,0
45685,0.0374708079005,0
45686,-0.0218294269141,0
45687,0.113734692433,0
45688,0.0708305963881,0
45689,0.194861616128,0
45690,0.214444736315,0
45691,-0.130372039405,0
45692,0.0886212399504,0
45693,0.181349173976,0
45694,0.0187697086827,0
45695,0.141165214784,0
45696,0.0835008915226,0
45697,0.435129832639,0
45698,0.568163626036,0
45699,0.437955828423,0
45700,0.319824047979,0
45701,0.552633661727,0
45702,0.573761294734,0
45703,0.456868013675,0
45704,0.462091153207,0
45705,0.815345579345,0
45706,0.927842068979,0
45707,0.643389536903,0
45708,1.01916406102,0
45709,0.650637500439,0
45710,1.10542064655,0
45711,0.857233545779,0
45712,0.988445143128,0
45713,0.883748817948,0
45714,1.0656154802,0
45715,1.18570169352,0
45716,1.29271633015,0
45717,1.01713631949,0
45718,1.38935696693,0
45719,1.15957608679,0
45720,1.17800801192,0
45721,1.15735122389,0
45722,1.43131682456,0
45723,1.23696990425,0
45724,1.26687606471,0
45725,1.28564581251,0
45726,1.34929913515,0
45727,1.46930622348,0
45728,1.74026639865,0
45729,1.5934617078,0
45730,1.46947848923,0
45731,1.81267563145,0
45732,1.79567473839,0
45733,1.486958147,0
45734,1.78344944046,0
45735,1.91720151208,0
45736,1.91932687413,0
45737,1.6194515811,0
45738,1.96757029622,0
45739,1.61388745906,0
45740,1.94347948217,0
45741,2.0061745366,0
45742,1.83678036815,0
45743,1.86247517354,0
45744,1.63855188167,0
45745,1.7240405554,0
45746,2.04943227618,0
45747,1.98765616415,0
45748,1.91096971821,0
45749,1.64770094382,0
45750,1.66514055836,0
45751,1.90358894765,0
45752,2.03960037361,0
45753,1.96631097177,0
45754,1.83113324788,0
45755,1.79738720206,0
45756,1.87086012097,0
45757,1.83815890531,0
45758,1.7542118355,0
45759,1.57447626414,0
45760,1.81624130503,0
45761,1.5478507387,0
45762,1.71506543483,0
45763,1.51492706467,0
45764,1.81630805608,0
45765,1.52359850939,0
45766,1.72393229889,0
45767,1.5168653709,0
45768,1.51875535112,0
45769,1.72526152953,0
45770,1.36248050737,0
45771,1.47061523822,0
45772,1.30771195063,0
45773,1.60827315524,0
45774,1.31940176081,0
45775,1.20613882282,0
45776,1.46631403066,0
45777,1.55009590439,0
45778,1.25287769747,0
45779,1.45118297146,0
45780,1.24715846108,0
45781,1.40238514054,0
45782,1.33124137427,0
45783,0.914430231736,0
45784,1.20933840504,0
45785,1.25571310193,0
45786,0.829368873643,0
45787,0.786779812672,0
45788,1.10296036838,0
45789,1.08064827256,0
45790,0.767834205828,0
45791,0.793378706199,0
45792,0.556827586375,0
45793,0.57602489477,0
45794,0.827192247002,0
45795,0.827682350671,0
45796,0.653809205196,0
45797,0.735289380039,0
45798,0.361738053755,0
45799,0.654453952964,0
45800,0.258490088437,0
45801,0.324212382973,0
45802,0.538473379235,0
45803,0.340960597699,0
45804,0.163795168881,0
45805,0.01314524479,0
45806,0.289109101492,0
45807,-0.0779223683404,0
45808,-0.0066744885083,0
45809,0.0350129669134,0
45810,0.176678918479,0
45811,-0.0788020809137,0
45812,0.00756174336912,0
45813,-0.212355978727,0
45814,-0.31746613405,0
45815,-0.0415696424889,0
45816,-0.289696208102,0
45817,-0.503555396578,0
45818,-0.499169610433,0
45819,-0.333232434365,0
45820,-0.221033831529,0
45821,-0.587595294007,0
45822,-0.488522625093,0
45823,-0.71846614614,0
45824,-0.750578743296,0
45825,-0.400590906069,0
45826,-0.464169590046,0
45827,-0.423389485168,0
45828,-0.495268534363,0
45829,-0.531157067017,0
45830,-0.722280931322,0
45831,-0.839616023452,0
45832,-0.848777233273,0
45833,-0.634203365597,0
45834,-1.01410625334,0
45835,-1.03530381644,0
45836,-0.640370362698,0
45837,-0.932440872241,0
45838,-0.988428105928,0
45839,-1.09499618651,0
45840,-1.1204617638,0
45841,-0.716845195548,0
45842,-1.08884352052,0
45843,-1.13204607858,0
45844,-0.848754941006,0
45845,-0.829010962876,0
45846,-0.939611283552,0
45847,-0.811474036078,0
45848,-1.01330054311,0
45849,-1.15115512062,0
45850,-1.02190537493,0
45851,-0.769524702728,0
45852,-1.1856200268,0
45853,-1.04014074485,0
45854,-1.15709002123,0
45855,-0.89790927811,0
45856,-1.1596289685,0
45857,-0.768362140299,0
45858,-0.885883496468,0
45859,-1.03842600134,0
45860,-1.11594753844,0
45861,-0.79893211241,0
45862,-0.681235179081,0
45863,-0.669303988987,0
45864,-0.69308899039,0
45865,-0.718331762423,0
45866,-0.860932479067,0
45867,-0.689750023751,0
45868,-0.566953124664,0
45869,-0.777682602309,0
45870,-0.876871667406,0
45871,-0.55986096209,0
45872,-0.534615797257,0
45873,-0.534757034586,0
45874,-0.690065676196,0
45875,-0.755322589901,0
45876,-0.535131826276,0
45877,-0.508698331515,0
45878,-0.380499553317,0
45879,-0.516162433069,0
45880,-0.587796166727,0
45881,-0.55929623792,0
45882,-0.149438509406,0
45883,-0.0929703275236,0
45884,-0.438368708432,0
45885,0.0115592867281,0
45886,-0.0477409480866,0
45887,0.0878231712603,0
45888,0.0449190752156,0
45889,0.168950094955,0
45890,0.188533215142,0
45891,-0.156283560578,0
45892,0.062709718778,0
45893,0.155437652803,0
45894,-0.00714181248972,0
45895,0.115253693611,0
45896,0.0575893703501,0
45897,0.409218311467,0
45898,0.542252104863,0
45899,0.41204430725,0
45900,0.293912526807,0
45901,0.526722140554,0
45902,0.547849773561,0
45903,0.430956492503,0
45904,0.436179632035,0
45905,0.789434058172,0
45906,0.901930547807,0
45907,0.61747801573,0
45908,0.993252539843,0
45909,0.624725979267,0
45910,1.07950912538,0
45911,0.831322024606,0
45912,0.962533621955,0
45913,0.857837296775,0
45914,1.03970395903,0
45915,1.15979017235,0
45916,1.26680480897,0
45917,0.991224798313,0
45918,1.36344544576,0
45919,1.13366456561,0
45920,1.15209649075,0
45921,1.13143970272,0
45922,1.40540530339,0
45923,1.21105838308,0
45924,1.24096454354,0
45925,1.25973429134,0
45926,1.32338761397,0
45927,1.44339470231,0
45928,1.71435487748,0
45929,1.56755018663,0
45930,1.44356696806,0
45931,1.78676411028,0
45932,1.76976321722,0
45933,1.46104662583,0
45934,1.75753791928,0
45935,1.89128999091,0
45936,1.89341535296,0
45937,1.59354005993,0
45938,1.94165877505,0
45939,1.58797593789,0
45940,1.91756796099,0
45941,1.98026301542,0
45942,1.81086884697,0
45943,1.83656365236,0
45944,1.61264036049,0
45945,1.69812903423,0
45946,2.02352075501,0
45947,1.96174464298,0
45948,1.88505819703,0
45949,1.62178942264,0
45950,1.63922903718,0
45951,1.87767742648,0
45952,2.01368885243,0
45953,1.9403994506,0
45954,1.80522172671,0
45955,1.77147568088,0
45956,1.84494859979,0
45957,1.81224738414,0
45958,1.72830031433,0
45959,1.54856474297,0
45960,1.79032978386,0
45961,1.52193921753,0
45962,1.68915391365,0
45963,1.4890155435,0
45964,1.7903965349,0
45965,1.49768698822,0
45966,1.69802077772,0
45967,1.49095384973,0
45968,1.49284382995,0
45969,1.69935000836,0
45970,1.3365689862,0
45971,1.44470371704,0
45972,1.28180042946,0
45973,1.58236163406,0
45974,1.29349023964,0
45975,1.18022730165,0
45976,1.44040250948,0
45977,1.52418438322,0
45978,1.2269661763,0
45979,1.42527145029,0
45980,1.22124693991,0
45981,1.37647361937,0
45982,1.3053298531,0
45983,0.888518710563,0
45984,1.18342688387,0
45985,1.22980158076,0
45986,0.80345735247,0
45987,0.7608682915,0
45988,1.07704884721,0
45989,1.05473675139,0
45990,0.741922684656,0
45991,0.767467185026,0
45992,0.530916065202,0
45993,0.550113373598,0
45994,0.801280725829,0
45995,0.801770829499,0
45996,0.627897684023,0
45997,0.709377858867,0
45998,0.335826532582,0
45999,0.628542431792,0
46000,0.0204288716918,0
46001,0.086151166228,0
46002,0.30041216249,0
46003,0.102899380954,0
46004,-0.0742660478642,0
46005,-0.224915971955,0
46006,0.0510478847477,0
46007,-0.315983585085,0
46008,-0.244735705253,0
46009,-0.203048249831,0
46010,-0.0613822982658,0
46011,-0.316863297658,0
46012,-0.230499473376,0
46013,-0.450417195471,0
46014,-0.555527350794,0
46015,-0.279630859234,0
46016,-0.527757424847,0
46017,-0.741616613322,0
46018,-0.737230827178,0
46019,-0.57129365111,0
46020,-0.459095048274,0
46021,-0.825656510752,0
46022,-0.726583841837,0
46023,-0.956527362885,0
46024,-0.988639960041,0
46025,-0.638652122813,0
46026,-0.702230806791,0
46027,-0.661450701913,0
46028,-0.733329751107,0
46029,-0.769218283761,0
46030,-0.960342148067,0
46031,-1.0776772402,0
46032,-1.08683845002,0
46033,-0.872264582342,0
46034,-1.25216747008,0
46035,-1.27336503318,0
46036,-0.878431579443,0
46037,-1.17050208899,0
46038,-1.22648932267,0
46039,-1.33305740325,0
46040,-1.35852298055,0
46041,-0.954906412292,0
46042,-1.32690473727,0
46043,-1.37010729532,0
46044,-1.08681615775,0
46045,-1.06707217962,0
46046,-1.1776725003,0
46047,-1.04953525282,0
46048,-1.25136175985,0
46049,-1.38921633737,0
46050,-1.25996659168,0
46051,-1.00758591947,0
46052,-1.42368124354,0
46053,-1.27820196159,0
46054,-1.39515123797,0
46055,-1.13597049486,0
46056,-1.39769018525,0
46057,-1.00642335704,0
46058,-1.12394471321,0
46059,-1.27648721808,0
46060,-1.35400875519,0
46061,-1.03699332915,0
46062,-0.919296395826,0
46063,-0.907365205732,0
46064,-0.931150207134,0
46065,-0.956392979167,0
46066,-1.09899369581,0
46067,-0.927811240495,0
46068,-0.805014341408,0
46069,-1.01574381905,0
46070,-1.11493288415,0
46071,-0.797922178834,0
46072,-0.772677014002,0
46073,-0.77281825133,0
46074,-0.928126892941,0
46075,-0.993383806646,0
46076,-0.77319304302,0
46077,-0.74675954826,0
46078,-0.618560770062,0
46079,-0.754223649813,0
46080,-0.825857383472,0
46081,-0.797357454665,0
46082,-0.387499726151,0
46083,-0.331031544268,0
46084,-0.676429925177,0
46085,-0.226501930017,0
46086,-0.285802164831,0
46087,-0.150238045484,0
46088,-0.193142141529,0
46089,-0.0691111217892,0
46090,-0.0495280016026,0
46091,-0.394344777322,0
46092,-0.175351497967,0
46093,-0.0826235639415,0
46094,-0.245203029234,0
46095,-0.122807523134,0
46096,-0.180471846395,0
46097,0.171157094722,0
46098,0.304190888119,0
46099,0.173983090506,0
46100,0.0558513100623,0
46101,0.28866092381,0
46102,0.309788556816,0
46103,0.192895275758,0
46104,0.19811841529,0
46105,0.551372841428,0
46106,0.663869331062,0
46107,0.379416798985,0
46108,0.755191323098,0
46109,0.386664762522,0
46110,0.841447908635,0
46111,0.593260807862,0
46112,0.724472405211,0
46113,0.619776080031,0
46114,0.801642742287,0
46115,0.921728955606,0
46116,1.02874359223,0
46117,0.753163581568,0
46118,1.12538422901,0
46119,0.895603348869,0
46120,0.914035274006,0
46121,0.893378485977,0
46122,1.16734408664,0
46123,0.972997166334,0
46124,1.00290332679,0
46125,1.0216730746,0
46126,1.08532639723,0
46127,1.20533348557,0
46128,1.47629366073,0
46129,1.32948896989,0
46130,1.20550575131,0
46131,1.54870289354,0
46132,1.53170200048,0
46133,1.22298540909,0
46134,1.51947670254,0
46135,1.65322877416,0
46136,1.65535413621,0
46137,1.35547884318,0
46138,1.7035975583,0
46139,1.34991472114,0
46140,1.67950674425,0
46141,1.74220179868,0
46142,1.57280763023,0
46143,1.59850243562,0
46144,1.37457914375,0
46145,1.46006781748,0
46146,1.78545953826,0
46147,1.72368342624,0
46148,1.64699698029,0
46149,1.3837282059,0
46150,1.40116782044,0
46151,1.63961620973,0
46152,1.77562763569,0
46153,1.70233823386,0
46154,1.56716050997,0
46155,1.53341446414,0
46156,1.60688738305,0
46157,1.5741861674,0
46158,1.49023909758,0
46159,-1.2245122863,1
46160,-1.18815787761,1
46161,-1.12461185652,1
46162,-1.03513456701,1
46163,-0.921500662529,1
46164,-0.785963908262,1
46165,-0.631212480936,1
46166,-0.460315652703,1
46167,-0.27666291654,1
46168,-0.0838967605246,1
46169,0.114159575682,1
46170,0.313577929295,1
46171,0.510403123874,1
46172,0.70073141456,1
46173,0.880787913246,1
46174,1.04700145806,1
46175,1.19607544221,1
46176,1.32505319748,1
46177,1.43137663546,1
46178,1.51293698356,1
46179,1.56811660949,1
46180,1.59582110469,1
46181,1.59550099029,1
46182,1.56716261532,1
46183,1.51136803071,1
46184,1.42922384186,1
46185,1.3223592607,1
46186,1.19289379261,1
46187,1.04339519908,1
46188,0.876828569861,1
46189,0.696497514653,1
46190,0.505978640763,1
46191,0.309050616245,1
46192,0.10961922544,1
46193,-0.088360096636,1
46194,-0.280960714665,1
46195,-0.464362672191,1
46196,-0.634928454973,1
46197,-0.789275135843,1
46198,-0.924341470214,1
46199,-1.03744861146,1
46200,-1.24447235018,1
46201,-1.30741117442,1
46202,-1.34313589125,1
46203,-1.35093795225,1
46204,-1.33066261475,1
46205,-1.28271201094,1
46206,-1.20803717213,1
46207,-1.10811916642,1
46208,-0.98493972386,1
46209,-0.840941931652,1
46210,-0.678981779056,1
46211,-0.502271512929,1
46212,-0.314315927435,1
46213,-0.118842851482,1
46214,0.0802707874003,1
46215,0.279075856349,1
46216,0.473629342544,1
46217,0.660072557196,1
46218,0.834707667099,1
46219,0.994071035831,1
46220,1.13500192001,1
46221,1.25470515809,1
46222,1.35080660839,1
46223,1.42140023675,1
46224,1.46508592001,1
46225,1.48099721543,1
46226,1.46881854533,1
46227,1.42879145613,1
46228,1.36170982761,1
46229,1.26890412748,1
46230,1.15221502341,1
46231,1.01395687607,1
46232,0.856871837125,1
46233,0.684075462547,1
46234,0.498994920089,1
46235,0.305301016313,1
46236,0.106835391425,1
46237,-0.0924656741387,1
46238,-0.288649330176,1
46239,-0.477824555824,1
46240,-0.656239332363,1
46241,-0.820355059117,1
46242,-0.966916736512,1
46243,-1.09301752431,1
46244,-1.19615639463,1
46245,-1.27428773619,1
46246,-1.32586192613,1
46247,-1.34985606452,1
46248,-1.3457942621,1
46249,-1.31375707889,1
46250,-1.25437992638,1
46251,-1.16884046503,1
46252,-1.05883524715,1
46253,-0.926546068112,1
46254,-0.774596693673,1
46255,-0.606000821289,1
46256,-0.424102307785,1
46257,-0.232508848753,1
46258,-0.0350204250948,1
46259,0.164446064134,1
46260,0.361934487792,1
46261,0.553527946824,1
46262,0.735426460328,1
46263,0.904022332712,1
46264,1.05597170715,1
46265,1.18826088619,1
46266,1.29826610407,1
46267,1.38380556541,1
46268,1.44318271793,1
46269,1.47521990114,1
46270,1.47928170356,1
46271,1.45528756517,1
46272,1.40371337523,1
46273,1.32558203367,1
46274,1.22244316335,1
46275,1.09634237555,1
46276,0.949780698156,1
46277,0.785664971402,1
46278,0.607250194863,1
46279,0.418074969215,1
46280,0.221891313178,1
46281,0.0225902476144,1
46282,-0.175875377273,1
46283,-0.36956928105,1
46284,-0.554649823508,1
46285,-0.727446198086,1
46286,-0.884531237035,1
46287,-1.02278938437,1
46288,-1.13947848844,1
46289,-1.23228418857,1
46290,-1.29936581709,1
46291,-1.33939290629,1
46292,-1.35157157639,1
46293,-1.33566028097,1
46294,-1.29197459771,1
46295,-1.22138096935,1
46296,-1.12527951905,1
46297,-1.00557628097,1
46298,-0.864645396792,1
46299,-0.70528202806,1
46300,-0.530646918157,1
46301,-0.344203703505,1
46302,-0.14965021731,1
46303,0.0491548516388,1
46304,0.248268490521,1
46305,0.443741566474,1
46306,0.631697151968,1
46307,0.808407418095,1
46308,0.970367570691,1
46309,1.1143653629,1
46310,1.23754480546,1
46311,1.33746281117,1
46312,1.41213764998,1
46313,1.46008825379,1
46314,1.48036359128,1
46315,1.47256153028,1
46316,1.43683681346,1
46317,1.37389798922,1
46318,1.28499335869,1
46319,1.17188621744,1
46320,1.03681988307,1
46321,0.882473202201,1
46322,0.71190741942,1
46323,0.528505461893,1
46324,0.335904843864,1
46325,0.137925521788,1
46326,-0.0615058690168,1
46327,-0.258433893535,1
46328,-0.448952767424,1
46329,-0.629283822633,1
46330,-0.795850451852,1
46331,-0.945349045379,1
46332,-1.07481451347,1
46333,-1.18167909463,1
46334,-1.26382328348,1
46335,-1.31961786809,1
46336,-1.34795624306,1
46337,-1.34827635746,1
46338,-1.32057186227,1
46339,-1.26539223633,1
46340,-1.18383188823,1
46341,-1.07750845025,1
46342,-0.948530694983,1
46343,-0.799456710829,1
46344,-0.633243166018,1
46345,-0.453186667332,1
46346,-0.262858376646,1
46347,-0.0660331820666,1
46348,0.133385171547,1
46349,0.331441507753,1
46350,0.524207663769,1
46351,0.707860399932,1
46352,0.878757228164,1
46353,1.03350865549,1
46354,1.16904540976,1
46355,1.28267931424,1
46356,1.37215660374,1
46357,1.43570262484,1
46358,1.47205703353,1
46359,1.19238441804,0
46360,1.43414945892,0
46361,1.1657588926,0
46362,1.33297358872,0
46363,1.13283521856,0
46364,1.43421620997,0
46365,1.14150666328,0
46366,1.34184045279,0
46367,1.13477352479,0
46368,1.13666350501,0
46369,1.34316968342,0
46370,0.980388661264,0
46371,1.08852339211,0
46372,0.925620104524,0
46373,1.22618130913,0
46374,0.937309914703,0
46375,0.824046976715,0
46376,1.08422218455,0
46377,1.16800405828,0
46378,0.870785851363,0
46379,1.06909112535,0
46380,0.865066614975,0
46381,1.02029329443,0
46382,0.949149528163,0
46383,0.53233838563,0
46384,0.827246558935,0
46385,0.873621255824,0
46386,0.447277027536,0
46387,0.404687966566,0
46388,0.720868522278,0
46389,0.698556426456,0
46390,0.385742359722,0
46391,0.411286860092,0
46392,0.174735740268,0
46393,0.193933048664,0
46394,0.445100400895,0
46395,0.445590504565,0
46396,0.271717359089,0
46397,0.353197533933,0
46398,-0.0203537923516,0
46399,0.272362106858,0
46400,-0.283652594369,0
46401,-0.217930299833,0
46402,-0.00366930357087,0
46403,-0.201182085106,0
46404,-0.378347513925,0
46405,-0.528997438016,0
46406,-0.253033581313,0
46407,-0.620065051146,0
46408,-0.548817171314,0
46409,-0.507129715892,0
46410,-0.365463764327,0
46411,-0.620944763719,0
46412,-0.534580939436,0
46413,-0.754498661532,0
46414,-0.859608816855,0
46415,-0.583712325294,0
46416,-0.831838890907,0
46417,-1.04569807938,0
46418,-1.04131229324,0
46419,-0.875375117171,0
46420,-0.763176514335,0
46421,-1.12973797681,0
46422,-1.0306653079,0
46423,-1.26060882895,0
46424,-1.2927214261,0
46425,-0.942733588874,0
46426,-1.00631227285,0
46427,-0.965532167974,0
46428,-1.03741121717,0
46429,-1.07329974982,0
46430,-1.26442361413,0
46431,-1.38175870626,0
46432,-1.39091991608,0
46433,-1.1763460484,0
46434,-1.55624893614,0
46435,-1.57744649924,0
46436,-1.1825130455,0
46437,-1.47458355505,0
46438,-1.53057078873,0
46439,-1.63713886931,0
46440,-1.66260444661,0
46441,-1.25898787835,0
46442,-1.63098620333,0
46443,-1.67418876138,0
46444,-1.39089762381,0
46445,-1.37115364568,0
46446,-1.48175396636,0
46447,-1.35361671888,0
46448,-1.55544322591,0
46449,-1.69329780343,0
46450,-1.56404805774,0
46451,-1.31166738553,0
46452,-1.7277627096,0
46453,-1.58228342766,0
46454,-1.69923270404,0
46455,-1.44005196092,0
46456,-1.70177165131,0
46457,-1.3105048231,0
46458,-1.42802617927,0
46459,-1.58056868414,0
46460,-1.65809022125,0
46461,-1.34107479522,0
46462,-1.22337786189,0
46463,-1.21144667179,0
46464,-1.23523167319,0
46465,-1.26047444523,0
46466,-1.40307516187,0
46467,-1.23189270656,0
46468,-1.10909580747,0
46469,-1.31982528511,0
46470,-1.41901435021,0
46471,-1.10200364489,0
46472,-1.07675848006,0
46473,-1.07689971739,0
46474,-1.232208359,0
46475,-1.29746527271,0
46476,-1.07727450908,0
46477,-1.05084101432,0
46478,-0.922642236122,0
46479,-1.05830511587,0
46480,-1.12993884953,0
46481,-1.10143892073,0
46482,-0.691581192212,0
46483,-0.635113010329,0
46484,-0.980511391238,0
46485,-0.530583396077,0
46486,-0.589883630892,0
46487,-0.454319511545,0
46488,-0.49722360759,0
46489,-0.37319258785,0
46490,-0.353609467663,0
46491,-0.698426243383,0
46492,-0.479432964028,0
46493,-0.386705030002,0
46494,-0.549284495295,0
46495,-0.426888989194,0
46496,-0.484553312455,0
46497,-0.132924371339,0
46498,0.000109422057877,0
46499,-0.130098375555,0
46500,-0.248230155999,0
46501,-0.0154205422512,0
46502,0.00570709075563,0
46503,-0.111186190303,0
46504,-0.105963050771,0
46505,0.247291375367,0
46506,0.359787865001,0
46507,0.0753353329246,0
46508,0.451109857037,0
46509,0.0825832964613,0
46510,0.537366442574,0
46511,0.289179341801,0
46512,0.42039093915,0
46513,0.31569461397,0
46514,0.497561276226,0
46515,0.617647489545,0
46516,0.724662126169,0
46517,0.449082115507,0
46518,0.821302762952,0
46519,0.591521882809,0
46520,0.609953807945,0
46521,0.589297019916,0
46522,0.863262620583,0
46523,0.668915700273,0
46524,0.698821860732,0
46525,0.717591608537,0
46526,0.781244931169,0
46527,0.901252019506,0
46528,1.17221219467,0
46529,1.02540750382,0
46530,0.901424285252,0
46531,1.24462142748,0
46532,1.22762053442,0
46533,0.918903943026,0
46534,1.21539523648,0
46535,1.3491473081,0
46536,1.35127267015,0
46537,1.05139737712,0
46538,1.39951609224,0
46539,1.04583325508,0
46540,1.37542527819,0
46541,1.43812033262,0
46542,1.26872616417,0
46543,1.29442096956,0
46544,1.07049767769,0
46545,1.15598635142,0
46546,1.4813780722,0
46547,1.41960196018,0
46548,1.34291551423,0
46549,1.07964673984,0
46550,1.09708635438,0
46551,1.33553474367,0
46552,1.47154616963,0
46553,1.39825676779,0
46554,1.26307904391,0
46555,1.22933299808,0
46556,1.30280591699,0
46557,1.27010470134,0
46558,1.18615763152,0
46559,1.00642206017,0
46560,1.24818710105,0
46561,0.979796534727,0
46562,1.14701123085,0
46563,0.946872860691,0
46564,1.2482538521,0
46565,0.955544305413,0
46566,1.15587809492,0
46567,0.948811166921,0
46568,0.95070114714,0
46569,1.15720732555,0
46570,0.794426303392,0
46571,0.902561034237,0
46572,0.739657746653,0
46573,1.04021895126,0
46574,0.751347556831,0
46575,0.638084618844,0
46576,0.898259826678,0
46577,0.982041700412,0
46578,0.684823493492,0
46579,0.883128767481,0
46580,0.679104257103,0
46581,0.834330936561,0
46582,0.763187170292,0
46583,0.346376027758,0
46584,0.641284201064,0
46585,0.687658897953,0
46586,0.261314669665,0
46587,0.218725608694,0
46588,0.534906164406,0
46589,0.512594068584,0
46590,0.19978000185,0
46591,0.225324502221,0
46592,-0.0112266176032,0
46593,0.0079706907921,0
46594,0.259138043024,0
46595,0.259628146693,0
46596,0.0857550012177,0
46597,0.167235176061,0
46598,-0.206316150223,0
46599,0.0863997489866,0
46600,-0.119540672103,0
46601,-0.0538183775667,0
46602,0.160442618695,0
46603,-0.0370701628404,0
46604,-0.214235591659,0
46605,-0.364885515749,0
46606,-0.088921659047,0
46607,-0.45595312888,0
46608,-0.384705249048,0
46609,-0.343017793626,0
46610,-0.201351842061,0
46611,-0.456832841453,0
46612,-0.37046901717,0
46613,-0.590386739266,0
46614,-0.695496894589,0
46615,-0.419600403028,0
46616,-0.667726968641,0
46617,-0.881586157117,0
46618,-0.877200370973,0
46619,-0.711263194905,0
46620,-0.599064592068,0
46621,-0.965626054546,0
46622,-0.866553385632,0
46623,-1.09649690668,0
46624,-1.12860950384,0
46625,-0.778621666608,0
46626,-0.842200350586,0
46627,-0.801420245708,0
46628,-0.873299294902,0
46629,-0.909187827556,0
46630,-1.10031169186,0
46631,-1.21764678399,0
46632,-1.22680799381,0
46633,-1.01223412614,0
46634,-1.39213701388,0
46635,-1.41333457698,0
46636,-1.01840112324,0
46637,-1.31047163278,0
46638,-1.36645886647,0
46639,-1.47302694705,0
46640,-1.49849252434,0
46641,-1.09487595609,0
46642,-1.46687428106,0
46643,-1.51007683911,0
46644,-1.22678570155,0
46645,-1.20704172342,0
46646,-1.31764204409,0
46647,-1.18950479662,0
46648,-1.39133130365,0
46649,-1.52918588116,0
46650,-1.39993613547,0
46651,-1.14755546327,0
46652,-1.56365078734,0
46653,-1.41817150539,0
46654,-1.53512078177,0
46655,-1.27594003865,0
46656,-1.53765972904,0
46657,-1.14639290084,0
46658,-1.26391425701,0
46659,-1.41645676188,0
46660,-1.49397829898,0
46661,-1.17696287295,0
46662,-1.05926593962,0
46663,-1.04733474953,0
46664,-1.07111975093,0
46665,-1.09636252296,0
46666,-1.23896323961,0
46667,-1.06778078429,0
46668,-0.944983885203,0
46669,-1.15571336285,0
46670,-1.25490242795,0
46671,-0.937891722629,0
46672,-0.912646557797,0
46673,-0.912787795125,0
46674,-1.06809643674,0
46675,-1.13335335044,0
46676,-0.913162586815,0
46677,-0.886729092055,0
46678,-0.758530313856,0
46679,-0.894193193608,0
46680,-0.965826927267,0
46681,-0.93732699846,0
46682,-0.527469269945,0
46683,-0.471001088063,0
46684,-0.816399468972,0
46685,-0.366471473811,0
46686,-0.425771708626,0
46687,-0.290207589279,0
46688,-0.333111685324,0
46689,-0.209080665584,0
46690,-0.189497545397,0
46691,-0.534314321117,0
46692,-0.315321041761,0
46693,-0.222593107736,0
46694,-0.385172573029,0
46695,-0.262777066928,0
46696,-0.320441390189,0
46697,0.0311875509273,0
46698,0.164221344324,0
46699,0.034013546711,0
46700,-0.0841182337324,0
46701,0.148691380015,0
46702,0.169819013022,0
46703,0.0529257319634,0
46704,0.0581488714953,0
46705,0.411403297633,0
46706,0.523899787267,0
46707,0.239447255191,0
46708,0.615221779304,0
46709,0.246695218727,0
46710,0.70147836484,0
46711,0.453291264067,0
46712,0.584502861416,0
46713,0.479806536236,0
46714,0.661673198492,0
46715,0.781759411811,0
46716,0.888774048435,0
46717,0.613194037773,0
46718,0.985414685218,0
46719,0.755633805075,0
46720,0.774065730211,0
46721,0.753408942182,0
46722,1.02737454285,0
46723,0.833027622539,0
46724,0.862933782998,0
46725,0.881703530803,0
46726,0.945356853435,0
46727,1.06536394177,0
46728,1.33632411694,0
46729,1.18951942609,0
46730,1.06553620752,0
46731,1.40873334974,0
46732,1.39173245668,0
46733,1.08301586529,0
46734,1.37950715874,0
46735,1.51325923037,0
46736,1.51538459242,0
46737,1.21550929939,0
46738,1.56362801451,0
46739,1.20994517735,0
46740,1.53953720045,0
46741,1.60223225488,0
46742,1.43283808644,0
46743,1.45853289182,0
46744,1.23460959995,0
46745,1.32009827369,0
46746,1.64548999447,0
46747,1.58371388244,0
46748,1.50702743649,0
46749,1.2437586621,0
46750,1.26119827664,0
46751,1.49964666594,0
46752,1.63565809189,0
46753,1.56236869006,0
46754,1.42719096617,0
46755,1.39344492035,0
46756,1.46691783926,0
46757,1.4342166236,0
46758,1.35026955379,0
46759,1.17053398243,0
46760,1.41229902332,0
46761,1.14390845699,0
46762,1.31112315312,0
46763,1.11098478296,0
46764,1.41236577436,0
46765,1.11965622768,0
46766,1.31999001718,0
46767,1.11292308919,0
46768,1.11481306941,0
46769,1.32131924782,0
46770,0.958538225658,0
46771,1.0666729565,0
46772,0.903769668919,0
46773,1.20433087352,0
46774,0.915459479097,0
46775,0.80219654111,0
46776,1.06237174894,0
46777,1.14615362268,0
46778,0.848935415758,0
46779,1.04724068975,0
46780,0.843216179369,0
46781,0.998442858827,0
46782,0.927299092558,0
46783,0.510487950024,0
46784,0.80539612333,0
46785,0.851770820219,0
46786,0.425426591931,0
46787,0.382837530961,0
46788,0.699018086672,0
46789,0.67670599085,0
46790,0.363891924116,0
46791,0.389436424487,0
46792,0.152885304663,0
46793,0.172082613058,0
46794,0.42324996529,0
46795,0.423740068959,0
46796,0.249866923484,0
46797,0.331347098327,0
46798,-0.0422042279571,0
46799,0.250511671253,0
46800,0.0714663537476,0
46801,0.137188648284,0
46802,0.351449644546,0
46803,0.15393686301,0
46804,-0.0232285658084,0
46805,-0.173878489899,0
46806,0.102085366803,0
46807,-0.264946103029,0
46808,-0.193698223197,0
46809,-0.152010767776,0
46810,-0.0103448162101,0
46811,-0.265825815603,0
46812,-0.17946199132,0
46813,-0.399379713415,0
46814,-0.504489868739,0
46815,-0.228593377178,0
46816,-0.476719942791,0
46817,-0.690579131267,0
46818,-0.686193345122,0
46819,-0.520256169054,0
46820,-0.408057566218,0
46821,-0.774619028696,0
46822,-0.675546359782,0
46823,-0.905489880829,0
46824,-0.937602477985,0
46825,-0.587614640758,0
46826,-0.651193324735,0
46827,-0.610413219857,0
46828,-0.682292269052,0
46829,-0.718180801706,0
46830,-0.909304666011,0
46831,-1.02663975814,0
46832,-1.03580096796,0
46833,-0.821227100286,0
46834,-1.20112998803,0
46835,-1.22232755113,0
46836,-0.827394097387,0
46837,-1.11946460693,0
46838,-1.17545184062,0
46839,-1.28201992119,0
46840,-1.30748549849,0
46841,-0.903868930237,0
46842,-1.27586725521,0
46843,-1.31906981326,0
46844,-1.0357786757,0
46845,-1.01603469757,0
46846,-1.12663501824,0
46847,-0.998497770767,0
46848,-1.2003242778,0
46849,-1.33817885531,0
46850,-1.20892910962,0
46851,-0.956548437417,0
46852,-1.37264376149,0
46853,-1.22716447954,0
46854,-1.34411375592,0
46855,-1.0849330128,0
46856,-1.34665270319,0
46857,-0.955385874988,0
46858,-1.07290723116,0
46859,-1.22544973603,0
46860,-1.30297127313,0
46861,-0.985955847099,0
46862,-0.86825891377,0
46863,-0.856327723676,0
46864,-0.880112725078,0
46865,-0.905355497112,0
46866,-1.04795621376,0
46867,-0.87677375844,0
46868,-0.753976859353,0
46869,-0.964706336998,0
46870,-1.06389540209,0
46871,-0.746884696778,0
46872,-0.721639531946,0
46873,-0.721780769275,0
46874,-0.877089410885,0
46875,-0.94234632459,0
46876,-0.722155560965,0
46877,-0.695722066204,0
46878,-0.567523288006,0
46879,-0.703186167758,0
46880,-0.774819901416,0
46881,-0.746319972609,0
46882,-0.336462244095,0
46883,-0.279994062213,0
46884,-0.625392443121,0
46885,-0.175464447961,0
46886,-0.234764682775,0
46887,-0.0992005634286,0
46888,-0.142104659473,0
46889,-0.0180736397334,0
46890,0.00150948045318,0
46891,-0.343307295266,0
46892,-0.124314015911,0
46893,-0.0315860818858,0
46894,-0.194165547179,0
46895,-0.0717700410777,0
46896,-0.129434364339,0
46897,0.222194576778,0
46898,0.355228370174,0
46899,0.225020572561,0
46900,0.106888792118,0
46901,0.339698405865,0
46902,0.360826038872,0
46903,0.243932757814,0
46904,0.249155897346,0
46905,0.602410323484,0
46906,0.714906813118,0
46907,0.430454281041,0
46908,0.806228805154,0
46909,0.437702244578,0
46910,0.89248539069,0
46911,0.644298289917,0
46912,0.775509887266,0
46913,0.670813562086,0
46914,0.852680224343,0
46915,0.972766437661,0
46916,1.07978107429,0
46917,0.804201063624,0
46918,1.17642171107,0
46919,0.946640830925,0
46920,0.965072756061,0
46921,0.944415968033,0
46922,1.2183815687,0
46923,1.02403464839,0
46924,1.05394080885,0
46925,1.07271055665,0
46926,1.13636387929,0
46927,1.25637096762,0
46928,1.52733114279,0
46929,1.38052645194,0
46930,1.25654323337,0
46931,1.59974037559,0
46932,1.58273948253,0
46933,1.27402289114,0
46934,1.5705141846,0
46935,1.70426625622,0
46936,1.70639161827,0
46937,1.40651632524,0
46938,1.75463504036,0
46939,1.4009522032,0
46940,1.7305442263,0
46941,1.79323928073,0
46942,1.62384511229,0
46943,1.64953991767,0
46944,1.4256166258,0
46945,1.51110529954,0
46946,1.83649702032,0
46947,1.77472090829,0
46948,1.69803446234,0
46949,1.43476568796,0
46950,1.45220530249,0
46951,1.69065369179,0
46952,1.82666511774,0
46953,1.75337571591,0
46954,1.61819799202,0
46955,1.5844519462,0
46956,1.65792486511,0
46957,1.62522364945,0
46958,1.54127657964,0
46959,1.36154100828,0
46960,1.60330604917,0
46961,1.33491548284,0
46962,1.50213017897,0
46963,1.30199180881,0
46964,1.60337280021,0
46965,1.31066325353,0
46966,1.51099704303,0
46967,1.30393011504,0
46968,1.30582009526,0
46969,1.51232627367,0
46970,1.14954525151,0
46971,1.25767998235,0
46972,1.09477669477,0
46973,1.39533789937,0
46974,1.10646650495,0
46975,0.99320356696,0
46976,1.25337877479,0
46977,1.33716064853,0
46978,1.03994244161,0
46979,1.2382477156,0
46980,1.03422320522,0
46981,1.18944988468,0
46982,1.11830611841,0
46983,0.701494975875,0
46984,0.99640314918,0
46985,1.04277784607,0
46986,0.616433617781,0
46987,0.573844556811,0
46988,0.890025112523,0
46989,0.8677130167,0
46990,0.554898949967,0
46991,0.580443450337,0
46992,0.343892330513,0
46993,0.363089638909,0
46994,0.61425699114,0
46995,0.61474709481,0
46996,0.440873949334,0
46997,0.522354124178,0
46998,0.148802797893,0
46999,0.441518697103,0
47000,-0.155880451712,0
47001,-0.0901581571762,0
47002,0.124102839086,0
47003,-0.0734099424499,0
47004,-0.250575371268,0
47005,-0.401225295359,0
47006,-0.125261438656,0
47007,-0.492292908489,0
47008,-0.421045028657,0
47009,-0.379357573235,0
47010,-0.23769162167,0
47011,-0.493172621063,0
47012,-0.40680879678,0
47013,-0.626726518875,0
47014,-0.731836674199,0
47015,-0.455940182638,0
47016,-0.704066748251,0
47017,-0.917925936727,0
47018,-0.913540150582,0
47019,-0.747602974514,0
47020,-0.635404371678,0
47021,-1.00196583416,0
47022,-0.902893165242,0
47023,-1.13283668629,0
47024,-1.16494928345,0
47025,-0.814961446218,0
47026,-0.878540130195,0
47027,-0.837760025317,0
47028,-0.909639074512,0
47029,-0.945527607166,0
47030,-1.13665147147,0
47031,-1.2539865636,0
47032,-1.26314777342,0
47033,-1.04857390575,0
47034,-1.42847679349,0
47035,-1.44967435659,0
47036,-1.05474090285,0
47037,-1.34681141239,0
47038,-1.40279864608,0
47039,-1.50936672665,0
47040,-1.53483230395,0
47041,-1.1312157357,0
47042,-1.50321406067,0
47043,-1.54641661872,0
47044,-1.26312548116,0
47045,-1.24338150303,0
47046,-1.3539818237,0
47047,-1.22584457623,0
47048,-1.42767108326,0
47049,-1.56552566077,0
47050,-1.43627591508,0
47051,-1.18389524288,0
47052,-1.59999056695,0
47053,-1.454511285,0
47054,-1.57146056138,0
47055,-1.31227981826,0
47056,-1.57399950865,0
47057,-1.18273268045,0
47058,-1.30025403662,0
47059,-1.45279654149,0
47060,-1.53031807859,0
47061,-1.21330265256,0
47062,-1.09560571923,0
47063,-1.08367452914,0
47064,-1.10745953054,0
47065,-1.13270230257,0
47066,-1.27530301922,0
47067,-1.1041205639,0
47068,-0.981323664813,0
47069,-1.19205314246,0
47070,-1.29124220755,0
47071,-0.974231502238,0
47072,-0.948986337406,0
47073,-0.949127574735,0
47074,-1.10443621634,0
47075,-1.16969313005,0
47076,-0.949502366425,0
47077,-0.923068871664,0
47078,-0.794870093466,0
47079,-0.930532973218,0
47080,-1.00216670688,0
47081,-0.973666778069,0
47082,-0.563809049555,0
47083,-0.507340867673,0
47084,-0.852739248581,0
47085,-0.402811253421,0
47086,-0.462111488235,0
47087,-0.326547368889,0
47088,-0.369451464933,0
47089,-0.245420445193,0
47090,-0.225837325007,0
47091,-0.570654100726,0
47092,-0.351660821371,0
47093,-0.258932887346,0
47094,-0.421512352639,0
47095,-0.299116846538,0
47096,-0.356781169799,0
47097,-0.00515222868217,0
47098,0.127881564714,0
47099,-0.00232623289846,0
47100,-0.120458013342,0
47101,0.112351600405,0
47102,0.133479233412,0
47103,0.0165859523539,0
47104,0.0218090918859,0
47105,0.375063518024,0
47106,0.487560007658,0
47107,0.203107475581,0
47108,0.578881999694,0
47109,0.210355439118,0
47110,0.66513858523,0
47111,0.416951484457,0
47112,0.548163081806,0
47113,0.443466756626,0
47114,0.625333418883,0
47115,0.745419632201,0
47116,0.852434268826,0
47117,0.576854258164,0
47118,0.949074905608,0
47119,0.719294025465,0
47120,0.737725950601,0
47121,0.717069162573,0
47122,0.99103476324,0
47123,0.79668784293,0
47124,0.826594003388,0
47125,0.845363751193,0
47126,0.909017073826,0
47127,1.02902416216,0
47128,1.29998433733,0
47129,1.15317964648,0
47130,1.02919642791,0
47131,1.37239357013,0
47132,1.35539267707,0
47133,1.04667608568,0
47134,1.34316737914,0
47135,1.47691945076,0
47136,1.47904481281,0
47137,1.17916951978,0
47138,1.5272882349,0
47139,1.17360539774,0
47140,1.50319742084,0
47141,1.56589247527,0
47142,1.39649830683,0
47143,1.42219311221,0
47144,1.19826982034,0
47145,1.28375849408,0
47146,1.60915021486,0
47147,1.54737410283,0
47148,1.47068765688,0
47149,1.2074188825,0
47150,1.22485849703,0
47151,1.46330688633,0
47152,1.59931831228,0
47153,1.52602891045,0
47154,1.39085118656,0
47155,1.35710514074,0
47156,1.43057805965,0
47157,1.39787684399,0
47158,1.31392977418,0
47159,1.13419420282,0
47160,1.37595924371,0
47161,1.10756867738,0
47162,1.27478337351,0
47163,1.07464500335,0
47164,1.37602599475,0
47165,1.08331644807,0
47166,1.28365023757,0
47167,1.07658330958,0
47168,1.0784732898,0
47169,1.28497946821,0
47170,0.922198446049,0
47171,1.03033317689,0
47172,0.867429889309,0
47173,1.16799109391,0
47174,0.879119699488,0
47175,0.7658567615,0
47176,1.02603196933,0
47177,1.10981384307,0
47178,0.812595636148,0
47179,1.01090091014,0
47180,0.80687639976,0
47181,0.962103079217,0
47182,0.890959312948,0
47183,0.474148170415,0
47184,0.76905634372,0
47185,0.815431040609,0
47186,0.389086812321,0
47187,0.346497751351,0
47188,0.662678307063,0
47189,0.640366211241,0
47190,0.327552144507,0
47191,0.353096644877,0
47192,0.116545525053,0
47193,0.135742833449,0
47194,0.38691018568,0
47195,0.38740028935,0
47196,0.213527143874,0
47197,0.295007318718,0
47198,-0.0785440075666,0
47199,0.214171891643,0
47200,-0.0917648052857,0
47201,-0.0260425107495,0
47202,0.188218485512,0
47203,-0.00929429602322,0
47204,-0.186459724842,0
47205,-0.337109648932,0
47206,-0.0611457922298,0
47207,-0.428177262063,0
47208,-0.356929382231,0
47209,-0.315241926809,0
47210,-0.173575975243,0
47211,-0.429056974636,0
47212,-0.342693150353,0
47213,-0.562610872449,0
47214,-0.667721027772,0
47215,-0.391824536211,0
47216,-0.639951101824,0
47217,-0.8538102903,0
47218,-0.849424504155,0
47219,-0.683487328088,0
47220,-0.571288725251,0
47221,-0.937850187729,0
47222,-0.838777518815,0
47223,-1.06872103986,0
47224,-1.10083363702,0
47225,-0.750845799791,0
47226,-0.814424483769,0
47227,-0.773644378891,0
47228,-0.845523428085,0
47229,-0.881411960739,0
47230,-1.07253582504,0
47231,-1.18987091717,0
47232,-1.199032127,0
47233,-0.984458259319,0
47234,-1.36436114706,0
47235,-1.38555871016,0
47236,-0.99062525642,0
47237,-1.28269576596,0
47238,-1.33868299965,0
47239,-1.44525108023,0
47240,-1.47071665752,0
47241,-1.06710008927,0
47242,-1.43909841425,0
47243,-1.4823009723,0
47244,-1.19900983473,0
47245,-1.1792658566,0
47246,-1.28986617727,0
47247,-1.1617289298,0
47248,-1.36355543683,0
47249,-1.50141001434,0
47250,-1.37216026866,0
47251,-1.11977959645,0
47252,-1.53587492052,0
47253,-1.39039563857,0
47254,-1.50734491495,0
47255,-1.24816417183,0
47256,-1.50988386223,0
47257,-1.11861703402,0
47258,-1.23613839019,0
47259,-1.38868089506,0
47260,-1.46620243217,0
47261,-1.14918700613,0
47262,-1.0314900728,0
47263,-1.01955888271,0
47264,-1.04334388411,0
47265,-1.06858665614,0
47266,-1.21118737279,0
47267,-1.04000491747,0
47268,-0.917208018386,0
47269,-1.12793749603,0
47270,-1.22712656113,0
47271,-0.910115855812,0
47272,-0.884870690979,0
47273,-0.885011928308,0
47274,-1.04032056992,0
47275,-1.10557748362,0
47276,-0.885386719998,0
47277,-0.858953225237,0
47278,-0.730754447039,0
47279,-0.866417326791,0
47280,-0.938051060449,0
47281,-0.909551131643,0
47282,-0.499693403128,0
47283,-0.443225221246,0
47284,-0.788623602154,0
47285,-0.338695606994,0
47286,-0.397995841809,0
47287,-0.262431722462,0
47288,-0.305335818507,0
47289,-0.181304798767,0
47290,-0.16172167858,0
47291,-0.5065384543,0
47292,-0.287545174944,0
47293,-0.194817240919,0
47294,-0.357396706212,0
47295,-0.235001200111,0
47296,-0.292665523372,0
47297,0.0589634177445,0
47298,0.191997211141,0
47299,0.0617894135282,0
47300,-0.0563423669152,0
47301,0.176467246832,0
47302,0.197594879839,0
47303,0.0807015987805,0
47304,0.0859247383125,0
47305,0.43917916445,0
47306,0.551675654085,0
47307,0.267223122008,0
47308,0.642997646121,0
47309,0.274471085545,0
47310,0.729254231657,0
47311,0.481067130884,0
47312,0.612278728233,0
47313,0.507582403053,0
47314,0.68944906531,0
47315,0.809535278628,0
47316,0.916549915252,0
47317,0.640969904591,0
47318,1.01319055203,0
47319,0.783409671892,0
47320,0.801841597028,0
47321,0.781184809,0
47322,1.05515040967,0
47323,0.860803489356,0
47324,0.890709649815,0
47325,0.90947939762,0
47326,0.973132720252,0
47327,1.09313980859,0
47328,1.36409998376,0
47329,1.21729529291,0
47330,1.09331207434,0
47331,1.43650921656,0
47332,1.4195083235,0
47333,1.11079173211,0
47334,1.40728302556,0
47335,1.54103509719,0
47336,1.54316045924,0
47337,1.2432851662,0
47338,1.59140388133,0
47339,1.23772104416,0
47340,1.56731306727,0
47341,1.6300081217,0
47342,1.46061395325,0
47343,1.48630875864,0
47344,1.26238546677,0
47345,1.3478741405,0
47346,1.67326586129,0
47347,1.61148974926,0
47348,1.53480330331,0
47349,1.27153452892,0
47350,1.28897414346,0
47351,1.52742253275,0
47352,1.66343395871,0
47353,1.59014455688,0
47354,1.45496683299,0
47355,1.42122078716,0
47356,1.49469370607,0
47357,1.46199249042,0
47358,1.3780454206,0
47359,1.19830984925,0
47360,1.44007489013,0
47361,1.17168432381,0
47362,1.33889901993,0
47363,1.13876064977,0
47364,1.44014164118,0
47365,1.1474320945,0
47366,1.347765884,0
47367,1.140698956,0
47368,1.14258893622,0
47369,1.34909511463,0
47370,0.986314092476,0
47371,1.09444882332,0
47372,0.931545535736,0
47373,1.23210674034,0
47374,0.943235345915,0
47375,0.829972407927,0
47376,1.09014761576,0
47377,1.1739294895,0
47378,0.876711282575,0
47379,1.07501655656,0
47380,0.870992046186,0
47381,1.02621872564,0
47382,0.955074959375,0
47383,0.538263816841,0
47384,0.833171990147,0
47385,0.879546687036,0
47386,0.453202458748,0
47387,0.410613397778,0
47388,0.726793953489,0
47389,0.704481857667,0
47390,0.391667790933,0
47391,0.417212291304,0
47392,0.18066117148,0
47393,0.199858479875,0
47394,0.451025832107,0
47395,0.451515935777,0
47396,0.277642790301,0
47397,0.359122965144,0
47398,-0.01442836114,0
47399,0.27828753807,0
47400,-0.168269890788,0
47401,-0.102547596252,0
47402,0.11171340001,0
47403,-0.0857993815257,0
47404,-0.262964810344,0
47405,-0.413614734435,0
47406,-0.137650877732,0
47407,-0.504682347565,0
47408,-0.433434467733,0
47409,-0.391747012311,0
47410,-0.250081060746,0
47411,-0.505562060138,0
47412,-0.419198235856,0
47413,-0.639115957951,0
47414,-0.744226113274,0
47415,-0.468329621714,0
47416,-0.716456187327,0
47417,-0.930315375802,0
47418,-0.925929589658,0
47419,-0.75999241359,0
47420,-0.647793810754,0
47421,-1.01435527323,0
47422,-0.915282604317,0
47423,-1.14522612536,0
47424,-1.17733872252,0
47425,-0.827350885293,0
47426,-0.890929569271,0
47427,-0.850149464393,0
47428,-0.922028513587,0
47429,-0.957917046242,0
47430,-1.14904091055,0
47431,-1.26637600268,0
47432,-1.2755372125,0
47433,-1.06096334482,0
47434,-1.44086623256,0
47435,-1.46206379566,0
47436,-1.06713034192,0
47437,-1.35920085147,0
47438,-1.41518808515,0
47439,-1.52175616573,0
47440,-1.54722174303,0
47441,-1.14360517477,0
47442,-1.51560349975,0
47443,-1.5588060578,0
47444,-1.27551492023,0
47445,-1.2557709421,0
47446,-1.36637126278,0
47447,-1.2382340153,0
47448,-1.44006052233,0
47449,-1.57791509985,0
47450,-1.44866535416,0
47451,-1.19628468195,0
47452,-1.61238000602,0
47453,-1.46690072407,0
47454,-1.58385000045,0
47455,-1.32466925734,0
47456,-1.58638894773,0
47457,-1.19512211952,0
47458,-1.31264347569,0
47459,-1.46518598056,0
47460,-1.54270751767,0
47461,-1.22569209163,0
47462,-1.10799515831,0
47463,-1.09606396821,0
47464,-1.11984896961,0
47465,-1.14509174165,0
47466,-1.28769245829,0
47467,-1.11651000298,0
47468,-0.993713103889,0
47469,-1.20444258153,0
47470,-1.30363164663,0
47471,-0.986620941314,0
47472,-0.961375776482,0
47473,-0.96151701381,0
47474,-1.11682565542,0
47475,-1.18208256913,0
47476,-0.9618918055,0
47477,-0.93545831074,0
47478,-0.807259532542,0
47479,-0.942922412293,0
47480,-1.01455614595,0
47481,-0.986056217145,0
47482,-0.576198488631,0
47483,-0.519730306748,0
47484,-0.865128687657,0
47485,-0.415200692497,0
47486,-0.474500927311,0
47487,-0.338936807964,0
47488,-0.381840904009,0
47489,-0.257809884269,0
47490,-0.238226764083,0
47491,-0.583043539802,0
47492,-0.364050260447,0
47493,-0.271322326422,0
47494,-0.433901791714,0
47495,-0.311506285614,0
47496,-0.369170608875,0
47497,-0.017541667758,0
47498,0.115492125639,0
47499,-0.0147156719743,0
47500,-0.132847452418,0
47501,0.0999621613296,0
47502,0.121089794336,0
47503,0.00419651327805,0
47504,0.00941965281003,0
47505,0.362674078948,0
47506,0.475170568582,0
47507,0.190718036505,0
47508,0.566492560618,0
47509,0.197966000042,0
47510,0.652749146155,0
47511,0.404562045382,0
47512,0.535773642731,0
47513,0.43107731755,0
47514,0.612943979807,0
47515,0.733030193125,0
47516,0.84004482975,0
47517,0.564464819088,0
47518,0.936685466533,0
47519,0.706904586389,0
47520,0.725336511526,0
47521,0.704679723497,0
47522,0.978645324164,0
47523,0.784298403854,0
47524,0.814204564313,0
47525,0.832974312118,0
47526,0.89662763475,0
47527,1.01663472309,0
47528,1.28759489825,0
47529,1.14079020741,0
47530,1.01680698883,0
47531,1.36000413106,0
47532,1.343003238,0
47533,1.03428664661,0
47534,1.33077794006,0
47535,1.46453001168,0
47536,1.46665537373,0
47537,1.1667800807,0
47538,1.51489879582,0
47539,1.16121595866,0
47540,1.49080798177,0
47541,1.5535030362,0
47542,1.38410886775,0
47543,1.40980367314,0
47544,1.18588038127,0
47545,1.271369055,0
47546,1.59676077578,0
47547,1.53498466376,0
47548,1.45829821781,0
47549,1.19502944342,0
47550,1.21246905796,0
47551,1.45091744725,0
47552,1.58692887321,0
47553,1.51363947138,0
47554,1.37846174749,0
47555,1.34471570166,0
47556,1.41818862057,0
47557,1.38548740492,0
47558,1.3015403351,0
47559,1.12180476375,0
47560,1.36356980463,0
47561,1.09517923831,0
47562,1.26239393443,0
47563,1.06225556427,0
47564,1.36363655568,0
47565,1.07092700899,0
47566,1.2712607985,0
47567,1.0641938705,0
47568,1.06608385072,0
47569,1.27259002913,0
47570,0.909809006973,0
47571,1.01794373782,0
47572,0.855040450233,0
47573,1.15560165484,0
47574,0.866730260412,0
47575,0.753467322424,0
47576,1.01364253026,0
47577,1.09742440399,0
47578,0.800206197072,0
47579,0.998511471061,0
47580,0.794486960684,0
47581,0.949713640141,0
47582,0.878569873872,0
47583,0.461758731339,0
47584,0.756666904644,0
47585,0.803041601534,0
47586,0.376697373246,0
47587,0.334108312275,0
47588,0.650288867987,0
47589,0.627976772165,0
47590,0.315162705431,0
47591,0.340707205801,0
47592,0.104156085978,0
47593,0.123353394373,0
47594,0.374520746604,0
47595,0.375010850274,0
47596,0.201137704798,0
47597,0.282617879642,0
47598,-0.0909334466424,0
47599,0.201782452567,0
47600,-0.293420416386,0
47601,-0.227698121849,0
47602,-0.0134371255875,0
47603,-0.210949907123,0
47604,-0.388115335942,0
47605,-0.538765260032,0
47606,-0.26280140333,0
47607,-0.629832873163,0
47608,-0.55858499333,0
47609,-0.516897537909,0
47610,-0.375231586343,0
47611,-0.630712585736,0
47612,-0.544348761453,0
47613,-0.764266483549,0
47614,-0.869376638872,0
47615,-0.593480147311,0
47616,-0.841606712924,0
47617,-1.0554659014,0
47618,-1.05108011526,0
47619,-0.885142939187,0
47620,-0.772944336351,0
47621,-1.13950579883,0
47622,-1.04043312991,0
47623,-1.27037665096,0
47624,-1.30248924812,0
47625,-0.952501410891,0
47626,-1.01608009487,0
47627,-0.975299989991,0
47628,-1.04717903918,0
47629,-1.08306757184,0
47630,-1.27419143614,0
47631,-1.39152652827,0
47632,-1.4006877381,0
47633,-1.18611387042,0
47634,-1.56601675816,0
47635,-1.58721432126,0
47636,-1.19228086752,0
47637,-1.48435137706,0
47638,-1.54033861075,0
47639,-1.64690669133,0
47640,-1.67237226862,0
47641,-1.26875570037,0
47642,-1.64075402535,0
47643,-1.6839565834,0
47644,-1.40066544583,0
47645,-1.3809214677,0
47646,-1.49152178837,0
47647,-1.3633845409,0
47648,-1.56521104793,0
47649,-1.70306562544,0
47650,-1.57381587976,0
47651,-1.32143520755,0
47652,-1.73753053162,0
47653,-1.59205124967,0
47654,-1.70900052605,0
47655,-1.44981978293,0
47656,-1.71153947333,0
47657,-1.32027264512,0
47658,-1.43779400129,0
47659,-1.59033650616,0
47660,-1.66785804327,0
47661,-1.35084261723,0
47662,-1.2331456839,0
47663,-1.22121449381,0
47664,-1.24499949521,0
47665,-1.27024226724,0
47666,-1.41284298389,0
47667,-1.24166052857,0
47668,-1.11886362949,0
47669,-1.32959310713,0
47670,-1.42878217223,0
47671,-1.11177146691,0
47672,-1.08652630208,0
47673,-1.08666753941,0
47674,-1.24197618102,0
47675,-1.30723309472,0
47676,-1.0870423311,0
47677,-1.06060883634,0
47678,-0.932410058139,0
47679,-1.06807293789,0
47680,-1.13970667155,0
47681,-1.11120674274,0
47682,-0.701349014228,0
47683,-0.644880832346,0
47684,-0.990279213254,0
47685,-0.540351218094,0
47686,-0.599651452909,0
47687,-0.464087333562,0
47688,-0.506991429606,0
47689,-0.382960409867,0
47690,-0.36337728968,0
47691,-0.7081940654,0
47692,-0.489200786044,0
47693,-0.396472852019,0
47694,-0.559052317312,0
47695,-0.436656811211,0
47696,-0.494321134472,0
47697,-0.142692193355,0
47698,-0.00965839995874,0
47699,-0.139866197572,0
47700,-0.257997978015,0
47701,-0.0251883642678,0
47702,-0.00406073126099,0
47703,-0.120954012319,0
47704,-0.115730872787,0
47705,0.23752355335,0
47706,0.350020042985,0
47707,0.065567510908,0
47708,0.441342035021,0
47709,0.0728154744447,0
47710,0.527598620557,0
47711,0.279411519784,0
47712,0.410623117133,0
47713,0.305926791953,0
47714,0.48779345421,0
47715,0.607879667528,0
47716,0.714894304152,0
47717,0.439314293491,0
47718,0.811534940935,0
47719,0.581754060792,0
47720,0.600185985928,0
47721,0.5795291979,0
47722,0.853494798566,0
47723,0.659147878257,0
47724,0.689054038715,0
47725,0.70782378652,0
47726,0.771477109152,0
47727,0.89148419749,0
47728,1.16244437266,0
47729,1.01563968181,0
47730,0.891656463235,0
47731,1.23485360546,0
47732,1.2178527124,0
47733,0.909136121009,0
47734,1.20562741446,0
47735,1.33937948609,0
47736,1.34150484814,0
47737,1.0416295551,0
47738,1.38974827023,0
47739,1.03606543306,0
47740,1.36565745617,0
47741,1.4283525106,0
47742,1.25895834215,0
47743,1.28465314754,0
47744,1.06072985567,0
47745,1.1462185294,0
47746,1.47161025019,0
47747,1.40983413816,0
47748,1.33314769221,0
47749,1.06987891782,0
47750,1.08731853236,0
47751,1.32576692165,0
47752,1.46177834761,0
47753,1.38848894578,0
47754,1.25331122189,0
47755,1.21956517606,0
47756,1.29303809497,0
47757,1.26033687932,0
47758,1.1763898095,0
47759,0.99665423815,0
47760,1.23841927903,0
47761,0.97002871271,0
47762,1.13724340883,0
47763,0.937105038674,0
47764,1.23848603008,0
47765,0.945776483396,0
47766,1.1461102729,0
47767,0.939043344904,0
47768,0.940933325123,0
47769,1.14743950353,0
47770,0.784658481376,0
47771,0.892793212221,0
47772,0.729889924636,0
47773,1.03045112924,0
47774,0.741579734815,0
47775,0.628316796827,0
47776,0.888492004661,0
47777,0.972273878395,0
47778,0.675055671475,0
47779,0.873360945464,0
47780,0.669336435086,0
47781,0.824563114544,0
47782,0.753419348275,0
47783,0.336608205741,0
47784,0.631516379047,0
47785,0.677891075936,0
47786,0.251546847648,0
47787,0.208957786678,0
47788,0.525138342389,0
47789,0.502826246567,0
47790,0.190012179834,0
47791,0.215556680204,0
47792,-0.0209944396198,0
47793,-0.00179713122452,0
47794,0.249370221007,0
47795,0.249860324677,0
47796,0.0759871792011,0
47797,0.157467354044,0
47798,-0.21608397224,0
47799,0.0766319269699,0
47800,-0.336663225434,0
47801,-0.270940930897,0
47802,-0.0566799346355,0
47803,-0.254192716171,0
47804,-0.43135814499,0
47805,-0.58200806908,0
47806,-0.306044212378,0
47807,-0.673075682211,0
47808,-0.601827802378,0
47809,-0.560140346957,0
47810,-0.418474395391,0
47811,-0.673955394784,0
47812,-0.587591570501,0
47813,-0.807509292597,0
47814,-0.91261944792,0
47815,-0.636722956359,0
47816,-0.884849521972,0
47817,-1.09870871045,0
47818,-1.0943229243,0
47819,-0.928385748235,0
47820,-0.816187145399,0
47821,-1.18274860788,0
47822,-1.08367593896,0
47823,-1.31361946001,0
47824,-1.34573205717,0
47825,-0.995744219939,0
47826,-1.05932290392,0
47827,-1.01854279904,0
47828,-1.09042184823,0
47829,-1.12631038089,0
47830,-1.31743424519,0
47831,-1.43476933732,0
47832,-1.44393054714,0
47833,-1.22935667947,0
47834,-1.60925956721,0
47835,-1.63045713031,0
47836,-1.23552367657,0
47837,-1.52759418611,0
47838,-1.5835814198,0
47839,-1.69014950038,0
47840,-1.71561507767,0
47841,-1.31199850942,0
47842,-1.68399683439,0
47843,-1.72719939245,0
47844,-1.44390825488,0
47845,-1.42416427675,0
47846,-1.53476459742,0
47847,-1.40662734995,0
47848,-1.60845385698,0
47849,-1.74630843449,0
47850,-1.61705868881,0
47851,-1.3646780166,0
47852,-1.78077334067,0
47853,-1.63529405872,0
47854,-1.7522433351,0
47855,-1.49306259198,0
47856,-1.75478228237,0
47857,-1.36351545417,0
47858,-1.48103681034,0
47859,-1.63357931521,0
47860,-1.71110085231,0
47861,-1.39408542628,0
47862,-1.27638849295,0
47863,-1.26445730286,0
47864,-1.28824230426,0
47865,-1.31348507629,0
47866,-1.45608579294,0
47867,-1.28490333762,0
47868,-1.16210643853,0
47869,-1.37283591618,0
47870,-1.47202498128,0
47871,-1.15501427596,0
47872,-1.12976911113,0
47873,-1.12991034846,0
47874,-1.28521899007,0
47875,-1.35047590377,0
47876,-1.13028514015,0
47877,-1.10385164539,0
47878,-0.975652867187,0
47879,-1.11131574694,0
47880,-1.1829494806,0
47881,-1.15444955179,0
47882,-0.744591823276,0
47883,-0.688123641394,0
47884,-1.0335220223,0
47885,-0.583594027142,0
47886,-0.642894261957,0
47887,-0.50733014261,0
47888,-0.550234238654,0
47889,-0.426203218915,0
47890,-0.406620098728,0
47891,-0.751436874448,0
47892,-0.532443595092,0
47893,-0.439715661067,0
47894,-0.60229512636,0
47895,-0.479899620259,0
47896,-0.53756394352,0
47897,-0.185935002403,0
47898,-0.0529012090068,0
47899,-0.18310900662,0
47900,-0.301240787063,0
47901,-0.0684311733158,0
47902,-0.047303540309,0
47903,-0.164196821367,0
47904,-0.158973681835,0
47905,0.194280744302,0
47906,0.306777233937,0
47907,0.02232470186,0
47908,0.398099225973,0
47909,0.0295726653967,0
47910,0.484355811509,0
47911,0.236168710736,0
47912,0.367380308085,0
47913,0.262683982905,0
47914,0.444550645162,0
47915,0.56463685848,0
47916,0.671651495104,0
47917,0.396071484443,0
47918,0.768292131887,0
47919,0.538511251744,0
47920,0.55694317688,0
47921,0.536286388852,0
47922,0.810251989518,0
47923,0.615905069209,0
47924,0.645811229667,0
47925,0.664580977472,0
47926,0.728234300104,0
47927,0.848241388441,0
47928,1.11920156361,0
47929,0.97239687276,0
47930,0.848413654187,0
47931,1.19161079641,0
47932,1.17460990335,0
47933,0.865893311961,0
47934,1.16238460541,0
47935,1.29613667704,0
47936,1.29826203909,0
47937,0.998386746056,0
47938,1.34650546118,0
47939,0.992822624015,0
47940,1.32241464712,0
47941,1.38510970155,0
47942,1.2157155331,0
47943,1.24141033849,0
47944,1.01748704662,0
47945,1.10297572036,0
47946,1.42836744114,0
47947,1.36659132911,0
47948,1.28990488316,0
47949,1.02663610877,0
47950,1.04407572331,0
47951,1.28252411261,0
47952,1.41853553856,0
47953,1.34524613673,0
47954,1.21006841284,0
47955,1.17632236701,0
47956,1.24979528592,0
47957,1.21709407027,0
47958,1.13314700046,0
47959,0.953411429102,0
47960,1.19517646999,0
47961,0.926785903662,0
47962,1.09400059978,0
47963,0.893862229626,0
47964,1.19524322103,0
47965,0.902533674348,0
47966,1.10286746385,0
47967,0.895800535856,0
47968,0.897690516075,0
47969,1.10419669449,0
47970,0.741415672328,0
47971,0.849550403173,0
47972,0.686647115588,0
47973,0.987208320193,0
47974,0.698336925767,0
47975,0.585073987779,0
47976,0.845249195613,0
47977,0.929031069347,0
47978,0.631812862427,0
47979,0.830118136416,0
47980,0.626093626038,0
47981,0.781320305496,0
47982,0.710176539227,0
47983,0.293365396693,0
47984,0.588273569999,0
47985,0.634648266888,0
47986,0.2083040386,0
47987,0.16571497763,0
47988,0.481895533341,0
47989,0.459583437519,0
47990,0.146769370786,0
47991,0.172313871156,0
47992,-0.0642372486679,0
47993,-0.0450399402725,0
47994,0.206127411959,0
47995,0.206617515629,0
47996,0.0327443701531,0
47997,0.114224544996,0
47998,-0.259326781288,0
47999,0.0333891179219,0
48000,-0.397113286522,0
48001,-0.331390991986,0
48002,-0.117129995724,0
48003,-0.31464277726,0
48004,-0.491808206078,0
48005,-0.642458130169,0
48006,-0.366494273466,0
48007,-0.733525743299,0
48008,-0.662277863467,0
48009,-0.620590408045,0
48010,-0.47892445648,0
48011,-0.734405455872,0
48012,-0.648041631589,0
48013,-0.867959353685,0
48014,-0.973069509008,0
48015,-0.697173017447,0
48016,-0.945299583061,0
48017,-1.15915877154,0
48018,-1.15477298539,0
48019,-0.988835809324,0
48020,-0.876637206488,0
48021,-1.24319866897,0
48022,-1.14412600005,0
48023,-1.3740695211,0
48024,-1.40618211825,0
48025,-1.05619428103,0
48026,-1.119772965,0
48027,-1.07899286013,0
48028,-1.15087190932,0
48029,-1.18676044198,0
48030,-1.37788430628,0
48031,-1.49521939841,0
48032,-1.50438060823,0
48033,-1.28980674056,0
48034,-1.66970962829,0
48035,-1.6909071914,0
48036,-1.29597373766,0
48037,-1.5880442472,0
48038,-1.64403148089,0
48039,-1.75059956146,0
48040,-1.77606513876,0
48041,-1.37244857051,0
48042,-1.74444689548,0
48043,-1.78764945353,0
48044,-1.50435831596,0
48045,-1.48461433783,0
48046,-1.59521465851,0
48047,-1.46707741104,0
48048,-1.66890391807,0
48049,-1.80675849558,0
48050,-1.67750874989,0
48051,-1.42512807769,0
48052,-1.84122340176,0
48053,-1.69574411981,0
48054,-1.81269339619,0
48055,-1.55351265307,0
48056,-1.81523234346,0
48057,-1.42396551526,0
48058,-1.54148687143,0
48059,-1.6940293763,0
48060,-1.7715509134,0
48061,-1.45453548737,0
48062,-1.33683855404,0
48063,-1.32490736395,0
48064,-1.34869236535,0
48065,-1.37393513738,0
48066,-1.51653585403,0
48067,-1.34535339871,0
48068,-1.22255649962,0
48069,-1.43328597727,0
48070,-1.53247504236,0
48071,-1.21546433705,0
48072,-1.19021917222,0
48073,-1.19036040954,0
48074,-1.34566905115,0
48075,-1.41092596486,0
48076,-1.19073520123,0
48077,-1.16430170647,0
48078,-1.03610292828,0
48079,-1.17176580803,0
48080,-1.24339954169,0
48081,-1.21489961288,0
48082,-0.805041884365,0
48083,-0.748573702482,0
48084,-1.09397208339,0
48085,-0.64404408823,0
48086,-0.703344323045,0
48087,-0.567780203698,0
48088,-0.610684299743,0
48089,-0.486653280003,0
48090,-0.467070159816,0
48091,-0.811886935536,0
48092,-0.592893656181,0
48093,-0.500165722155,0
48094,-0.662745187448,0
48095,-0.540349681347,0
48096,-0.598014004608,0
48097,-0.246385063492,0
48098,-0.113351270095,0
48099,-0.243559067708,0
48100,-0.361690848152,0
48101,-0.128881234404,0
48102,-0.107753601397,0
48103,-0.224646882456,0
48104,-0.219423742924,0
48105,0.133830683214,0
48106,0.246327172848,0
48107,-0.0381253592285,0
48108,0.337649164884,0
48109,-0.0308773956917,0
48110,0.423905750421,0
48111,0.175718649648,0
48112,0.306930246997,0
48113,0.202233921817,0
48114,0.384100584073,0
48115,0.504186797392,0
48116,0.611201434016,0
48117,0.335621423354,0
48118,0.707842070799,0
48119,0.478061190656,0
48120,0.496493115792,0
48121,0.475836327763,0
48122,0.74980192843,0
48123,0.55545500812,0
48124,0.585361168579,0
48125,0.604130916384,0
48126,0.667784239016,0
48127,0.787791327353,0
48128,1.05875150252,0
48129,0.911946811672,0
48130,0.787963593099,0
48131,1.13116073532,0
48132,1.11415984226,0
48133,0.805443250872,0
48134,1.10193454433,0
48135,1.23568661595,0
48136,1.237811978,0
48137,0.937936684967,0
48138,1.28605540009,0
48139,0.932372562927,0
48140,1.26196458603,0
48141,1.32465964047,0
48142,1.15526547202,0
48143,1.1809602774,0
48144,0.957036985534,0
48145,1.04252565927,0
48146,1.36791738005,0
48147,1.30614126802,0
48148,1.22945482207,0
48149,0.966186047686,0
48150,0.983625662225,0
48151,1.22207405152,0
48152,1.35808547747,0
48153,1.28479607564,0
48154,1.14961835175,0
48155,1.11587230593,0
48156,1.18934522484,0
48157,1.15664400918,0
48158,1.07269693937,0
48159,0.892961368014,0
48160,1.1347264089,0
48161,0.866335842574,0
48162,1.0335505387,0
48163,0.833412168538,0
48164,1.13479315994,0
48165,0.84208361326,0
48166,1.04241740276,0
48167,0.835350474768,0
48168,0.837240454987,0
48169,1.0437466334,0
48170,0.680965611239,0
48171,0.789100342084,0
48172,0.6261970545,0
48173,0.926758259105,0
48174,0.637886864678,0
48175,0.52462392669,0
48176,0.784799134524,0
48177,0.868581008259,0
48178,0.571362801338,0
48179,0.769668075328,0
48180,0.56564356495,0
48181,0.720870244407,0
48182,0.649726478139,0
48183,0.232915335605,0
48184,0.527823508911,0
48185,0.5741982058,0
48186,0.147853977512,0
48187,0.105264916541,0
48188,0.421445472253,0
48189,0.399133376431,0
48190,0.0863193096971,0
48191,0.111863810068,0
48192,-0.124687309756,0
48193,-0.105490001361,0
48194,0.145677350871,0
48195,0.14616745454,0
48196,-0.0277056909354,0
48197,0.0537744839081,0
48198,-0.319776842376,0
48199,-0.0270609431665,0
48200,-0.291887376985,0
48201,-0.226165082449,0
48202,-0.0119040861866,0
48203,-0.209416867722,0
48204,-0.386582296541,0
48205,-0.537232220631,0
48206,-0.261268363929,0
48207,-0.628299833762,0
48208,-0.55705195393,0
48209,-0.515364498508,0
48210,-0.373698546942,0
48211,-0.629179546335,0
48212,-0.542815722052,0
48213,-0.762733444148,0
48214,-0.867843599471,0
48215,-0.59194710791,0
48216,-0.840073673523,0
48217,-1.053932862,0
48218,-1.04954707585,0
48219,-0.883609899787,0
48220,-0.77141129695,0
48221,-1.13797275943,0
48222,-1.03890009051,0
48223,-1.26884361156,0
48224,-1.30095620872,0
48225,-0.95096837149,0
48226,-1.01454705547,0
48227,-0.97376695059,0
48228,-1.04564599978,0
48229,-1.08153453244,0
48230,-1.27265839674,0
48231,-1.38999348887,0
48232,-1.39915469869,0
48233,-1.18458083102,0
48234,-1.56448371876,0
48235,-1.58568128186,0
48236,-1.19074782812,0
48237,-1.48281833766,0
48238,-1.53880557135,0
48239,-1.64537365193,0
48240,-1.67083922922,0
48241,-1.26722266097,0
48242,-1.63922098595,0
48243,-1.682423544,0
48244,-1.39913240643,0
48245,-1.3793884283,0
48246,-1.48998874897,0
48247,-1.3618515015,0
48248,-1.56367800853,0
48249,-1.70153258604,0
48250,-1.57228284036,0
48251,-1.31990216815,0
48252,-1.73599749222,0
48253,-1.59051821027,0
48254,-1.70746748665,0
48255,-1.44828674353,0
48256,-1.71000643393,0
48257,-1.31873960572,0
48258,-1.43626096189,0
48259,-1.58880346676,0
48260,-1.66632500387,0
48261,-1.34930957783,0
48262,-1.2316126445,0
48263,-1.21968145441,0
48264,-1.24346645581,0
48265,-1.26870922784,0
48266,-1.41130994449,0
48267,-1.24012748917,0
48268,-1.11733059009,0
48269,-1.32806006773,0
48270,-1.42724913283,0
48271,-1.11023842751,0
48272,-1.08499326268,0
48273,-1.08513450001,0
48274,-1.24044314162,0
48275,-1.30570005532,0
48276,-1.0855092917,0
48277,-1.05907579694,0
48278,-0.930877018738,0
48279,-1.06653989849,0
48280,-1.13817363215,0
48281,-1.10967370334,0
48282,-0.699815974827,0
48283,-0.643347792945,0
48284,-0.988746173853,0
48285,-0.538818178693,0
48286,-0.598118413508,0
48287,-0.462554294161,0
48288,-0.505458390206,0
48289,-0.381427370466,0
48290,-0.361844250279,0
48291,-0.706661025999,0
48292,-0.487667746643,0
48293,-0.394939812618,0
48294,-0.557519277911,0
48295,-0.43512377181,0
48296,-0.492788095071,0
48297,-0.141159153955,0
48298,-0.00812536055786,0
48299,-0.138333158171,0
48300,-0.256464938614,0
48301,-0.0236553248669,0
48302,-0.00252769186011,0
48303,-0.119420972918,0
48304,-0.114197833386,0
48305,0.239056592751,0
48306,0.351553082386,0
48307,0.0671005503089,0
48308,0.442875074422,0
48309,0.0743485138456,0
48310,0.529131659958,0
48311,0.280944559185,0
48312,0.412156156534,0
48313,0.307459831354,0
48314,0.489326493611,0
48315,0.609412706929,0
48316,0.716427343553,0
48317,0.440847332892,0
48318,0.813067980336,0
48319,0.583287100193,0
48320,0.601719025329,0
48321,0.581062237301,0
48322,0.855027837967,0
48323,0.660680917657,0
48324,0.690587078116,0
48325,0.709356825921,0
48326,0.773010148553,0
48327,0.89301723689,0
48328,1.16397741206,0
48329,1.01717272121,0
48330,0.893189502636,0
48331,1.23638664486,0
48332,1.2193857518,0
48333,0.91066916041,0
48334,1.20716045386,0
48335,1.34091252549,0
48336,1.34303788754,0
48337,1.0431625945,0
48338,1.39128130963,0
48339,1.03759847246,0
48340,1.36719049557,0
48341,1.42988555,0
48342,1.26049138155,0
48343,1.28618618694,0
48344,1.06226289507,0
48345,1.14775156881,0
48346,1.47314328959,0
48347,1.41136717756,0
48348,1.33468073161,0
48349,1.07141195722,0
48350,1.08885157176,0
48351,1.32729996105,0
48352,1.46331138701,0
48353,1.39002198518,0
48354,1.25484426129,0
48355,1.22109821546,0
48356,1.29457113437,0
48357,1.26186991872,0
48358,1.1779228489,0
48359,0.998187277551,0
48360,1.23995231843,0
48361,0.971561752111,0
48362,1.13877644823,0
48363,0.938638078075,0
48364,1.24001906948,0
48365,0.947309522797,0
48366,1.1476433123,0
48367,0.940576384305,0
48368,0.942466364524,0
48369,1.14897254293,0
48370,0.786191520777,0
48371,0.894326251622,0
48372,0.731422964037,0
48373,1.03198416864,0
48374,0.743112774216,0
48375,0.629849836228,0
48376,0.890025044062,0
48377,0.973806917796,0
48378,0.676588710876,0
48379,0.874893984865,0
48380,0.670869474487,0
48381,0.826096153945,0
48382,0.754952387676,0
48383,0.338141245142,0
48384,0.633049418448,0
48385,0.679424115337,0
48386,0.253079887049,0
48387,0.210490826079,0
48388,0.52667138179,0
48389,0.504359285968,0
48390,0.191545219234,0
48391,0.217089719605,0
48392,-0.019461400219,0
48393,-0.000264091823641,0
48394,0.250903260408,0
48395,0.251393364078,0
48396,0.077520218602,0
48397,0.159000393445,0
48398,-0.214550932839,0
48399,0.0781649663708,0
48400,-0.231788206746,0
48401,-0.166065912209,0
48402,0.0481950840524,0
48403,-0.149317697483,0
48404,-0.326483126302,0
48405,-0.477133050392,0
48406,-0.20116919369,0
48407,-0.568200663523,0
48408,-0.49695278369,0
48409,-0.455265328269,0
48410,-0.313599376703,0
48411,-0.569080376096,0
48412,-0.482716551813,0
48413,-0.702634273909,0
48414,-0.807744429232,0
48415,-0.531847937671,0
48416,-0.779974503284,0
48417,-0.99383369176,0
48418,-0.989447905615,0
48419,-0.823510729548,0
48420,-0.711312126711,0
48421,-1.07787358919,0
48422,-0.978800920275,0
48423,-1.20874444132,0
48424,-1.24085703848,0
48425,-0.890869201251,0
48426,-0.954447885229,0
48427,-0.913667780351,0
48428,-0.985546829545,0
48429,-1.0214353622,0
48430,-1.2125592265,0
48431,-1.32989431863,0
48432,-1.33905552846,0
48433,-1.12448166078,0
48434,-1.50438454852,0
48435,-1.52558211162,0
48436,-1.13064865788,0
48437,-1.42271916742,0
48438,-1.47870640111,0
48439,-1.58527448169,0
48440,-1.61074005898,0
48441,-1.20712349073,0
48442,-1.57912181571,0
48443,-1.62232437376,0
48444,-1.33903323619,0
48445,-1.31928925806,0
48446,-1.42988957873,0
48447,-1.30175233126,0
48448,-1.50357883829,0
48449,-1.6414334158,0
48450,-1.51218367012,0
48451,-1.25980299791,0
48452,-1.67589832198,0
48453,-1.53041904003,0
48454,-1.64736831641,0
48455,-1.38818757329,0
48456,-1.64990726369,0
48457,-1.25864043548,0
48458,-1.37616179165,0
48459,-1.52870429652,0
48460,-1.60622583363,0
48461,-1.28921040759,0
48462,-1.17151347426,0
48463,-1.15958228417,0
48464,-1.18336728557,0
48465,-1.2086100576,0
48466,-1.35121077425,0
48467,-1.18002831893,0
48468,-1.05723141985,0
48469,-1.26796089749,0
48470,-1.36714996259,0
48471,-1.05013925727,0
48472,-1.02489409244,0
48473,-1.02503532977,0
48474,-1.18034397138,0
48475,-1.24560088508,0
48476,-1.02541012146,0
48477,-0.998976626697,0
48478,-0.870777848499,0
48479,-1.00644072825,0
48480,-1.07807446191,0
48481,-1.0495745331,0
48482,-0.639716804588,0
48483,-0.583248622706,0
48484,-0.928647003614,0
48485,-0.478719008454,0
48486,-0.538019243269,0
48487,-0.402455123922,0
48488,-0.445359219967,0
48489,-0.321328200227,0
48490,-0.30174508004,0
48491,-0.64656185576,0
48492,-0.427568576404,0
48493,-0.334840642379,0
48494,-0.497420107672,0
48495,-0.375024601571,0
48496,-0.432688924832,0
48497,-0.0810599837155,0
48498,0.0519738096812,0
48499,-0.0782339879318,0
48500,-0.196365768375,0
48501,0.0364438453721,0
48502,0.0575714783789,0
48503,-0.0593218026794,0
48504,-0.0540986631474,0
48505,0.29915576299,0
48506,0.411652252625,0
48507,0.127199720548,0
48508,0.502974244661,0
48509,0.134447684085,0
48510,0.589230830197,0
48511,0.341043729424,0
48512,0.472255326773,0
48513,0.367559001593,0
48514,0.54942566385,0
48515,0.669511877168,0
48516,0.776526513792,0
48517,0.500946503131,0
48518,0.873167150575,0
48519,0.643386270432,0
48520,0.661818195568,0
48521,0.64116140754,0
48522,0.915127008206,0
48523,0.720780087896,0
48524,0.750686248355,0
48525,0.76945599616,0
48526,0.833109318792,0
48527,0.953116407129,0
48528,1.2240765823,0
48529,1.07727189145,0
48530,0.953288672875,0
48531,1.2964858151,0
48532,1.27948492204,0
48533,0.970768330649,0
48534,1.2672596241,0
48535,1.40101169573,0
48536,1.40313705778,0
48537,1.10326176474,0
48538,1.45138047987,0
48539,1.0976976427,0
48540,1.42728966581,0
48541,1.48998472024,0
48542,1.32059055179,0
48543,1.34628535718,0
48544,1.12236206531,0
48545,1.20785073904,0
48546,1.53324245983,0
48547,1.4714663478,0
48548,1.39477990185,0
48549,1.13151112746,0
48550,1.148950742,0
48551,1.38739913129,0
48552,1.52341055725,0
48553,1.45012115542,0
48554,1.31494343153,0
48555,1.2811973857,0
48556,1.35467030461,0
48557,1.32196908896,0
48558,1.23802201914,0
48559,1.05828644779,0
48560,1.30005148867,0
48561,1.03166092235,0
48562,1.19887561847,0
48563,0.998737248314,0
48564,1.30011823972,0
48565,1.00740869304,0
48566,1.20774248254,0
48567,1.00067555454,0
48568,1.00256553476,0
48569,1.20907171317,0
48570,0.846290691016,0
48571,0.954425421861,0
48572,0.791522134276,0
48573,1.09208333888,0
48574,0.803211944455,0
48575,0.689949006467,0
48576,0.950124214301,0
48577,1.03390608804,0
48578,0.736687881115,0
48579,0.934993155104,0
48580,0.730968644726,0
48581,0.886195324184,0
48582,0.815051557915,0
48583,0.398240415381,0
48584,0.693148588687,0
48585,0.739523285576,0
48586,0.313179057288,0
48587,0.270589996318,0
48588,0.586770552029,0
48589,0.564458456207,0
48590,0.251644389474,0
48591,0.277188889844,0
48592,0.0406377700201,0
48593,0.0598350784154,0
48594,0.311002430647,0
48595,0.311492534317,0
48596,0.137619388841,0
48597,0.219099563684,0
48598,-0.1544517626,0
48599,0.13826413661,0
48600,-0.38690317883,0
48601,-0.321180884294,0
48602,-0.106919888032,0
48603,-0.304432669568,0
48604,-0.481598098386,0
48605,-0.632248022477,0
48606,-0.356284165774,0
48607,-0.723315635607,0
48608,-0.652067755775,0
48609,-0.610380300353,0
48610,-0.468714348788,0
48611,-0.72419534818,0
48612,-0.637831523898,0
48613,-0.857749245993,0
48614,-0.962859401316,0
48615,-0.686962909756,0
48616,-0.935089475369,0
48617,-1.14894866384,0
48618,-1.1445628777,0
48619,-0.978625701632,0
48620,-0.866427098796,0
48621,-1.23298856127,0
48622,-1.13391589236,0
48623,-1.36385941341,0
48624,-1.39597201056,0
48625,-1.04598417334,0
48626,-1.10956285731,0
48627,-1.06878275244,0
48628,-1.14066180163,0
48629,-1.17655033428,0
48630,-1.36767419859,0
48631,-1.48500929072,0
48632,-1.49417050054,0
48633,-1.27959663286,0
48634,-1.6594995206,0
48635,-1.6806970837,0
48636,-1.28576362996,0
48637,-1.57783413951,0
48638,-1.63382137319,0
48639,-1.74038945377,0
48640,-1.76585503107,0
48641,-1.36223846281,0
48642,-1.73423678779,0
48643,-1.77743934584,0
48644,-1.49414820827,0
48645,-1.47440423014,0
48646,-1.58500455082,0
48647,-1.45686730334,0
48648,-1.65869381037,0
48649,-1.79654838789,0
48650,-1.6672986422,0
48651,-1.41491796999,0
48652,-1.83101329407,0
48653,-1.68553401212,0
48654,-1.8024832885,0
48655,-1.54330254538,0
48656,-1.80502223577,0
48657,-1.41375540757,0
48658,-1.53127676373,0
48659,-1.68381926861,0
48660,-1.76134080571,0
48661,-1.44432537968,0
48662,-1.32662844635,0
48663,-1.31469725625,0
48664,-1.33848225766,0
48665,-1.36372502969,0
48666,-1.50632574633,0
48667,-1.33514329102,0
48668,-1.21234639193,0
48669,-1.42307586958,0
48670,-1.52226493467,0
48671,-1.20525422936,0
48672,-1.18000906452,0
48673,-1.18015030185,0
48674,-1.33545894346,0
48675,-1.40071585717,0
48676,-1.18052509354,0
48677,-1.15409159878,0
48678,-1.02589282058,0
48679,-1.16155570034,0
48680,-1.23318943399,0
48681,-1.20468950519,0
48682,-0.794831776673,0
48683,-0.73836359479,0
48684,-1.0837619757,0
48685,-0.633833980539,0
48686,-0.693134215353,0
48687,-0.557570096006,0
48688,-0.600474192051,0
48689,-0.476443172311,0
48690,-0.456860052125,0
48691,-0.801676827844,0
48692,-0.582683548489,0
48693,-0.489955614464,0
48694,-0.652535079756,0
48695,-0.530139573655,0
48696,-0.587803896916,0
48697,-0.2361749558,0
48698,-0.103141162403,0
48699,-0.233348960016,0
48700,-0.35148074046,0
48701,-0.118671126712,0
48702,-0.0975434937055,0
48703,-0.214436774764,0
48704,-0.209213635232,0
48705,0.144040790906,0
48706,0.25653728054,0
48707,-0.0279152515366,0
48708,0.347859272576,0
48709,-0.0206672879998,0
48710,0.434115858113,0
48711,0.18592875734,0
48712,0.317140354689,0
48713,0.212444029509,0
48714,0.394310691765,0
48715,0.514396905084,0
48716,0.621411541708,0
48717,0.345831531046,0
48718,0.718052178491,0
48719,0.488271298347,0
48720,0.506703223484,0
48721,0.486046435455,0
48722,0.760012036122,0
48723,0.565665115812,0
48724,0.595571276271,0
48725,0.614341024076,0
48726,0.677994346708,0
48727,0.798001435045,0
48728,1.06896161021,0
48729,0.922156919364,0
48730,0.798173700791,0
48731,1.14137084302,0
48732,1.12436994995,0
48733,0.815653358564,0
48734,1.11214465202,0
48735,1.24589672364,0
48736,1.24802208569,0
48737,0.948146792659,0
48738,1.29626550778,0
48739,0.942582670619,0
48740,1.27217469373,0
48741,1.33486974816,0
48742,1.16547557971,0
48743,1.1911703851,0
48744,0.967247093226,0
48745,1.05273576696,0
48746,1.37812748774,0
48747,1.31635137571,0
48748,1.23966492977,0
48749,0.976396155378,0
48750,0.993835769917,0
48751,1.23228415921,0
48752,1.36829558517,0
48753,1.29500618333,0
48754,1.15982845944,0
48755,1.12608241362,0
48756,1.19955533253,0
48757,1.16685411687,0
48758,1.08290704706,0
48759,0.903171475706,0
48760,1.14493651659,0
48761,0.876545950266,0
48762,1.04376064639,0
48763,0.84362227623,0
48764,1.14500326764,0
48765,0.852293720952,0
48766,1.05262751045,0
48767,0.845560582459,0
48768,0.847450562679,0
48769,1.05395674109,0
48770,0.691175718931,0
48771,0.799310449776,0
48772,0.636407162191,0
48773,0.936968366797,0
48774,0.64809697237,0
48775,0.534834034382,0
48776,0.795009242216,0
48777,0.878791115951,0
48778,0.58157290903,0
48779,0.779878183019,0
48780,0.575853672642,0
48781,0.731080352099,0
48782,0.65993658583,0
48783,0.243125443297,0
48784,0.538033616602,0
48785,0.584408313492,0
48786,0.158064085204,0
48787,0.115475024233,0
48788,0.431655579945,0
48789,0.409343484123,0
48790,0.096529417389,0
48791,0.122073917759,0
48792,-0.114477202064,0
48793,-0.0952798936691,0
48794,0.155887458563,0
48795,0.156377562232,0
48796,-0.0174955832435,0
48797,0.0639845915999,0
48798,-0.309566734684,0
48799,-0.0168508354746,0
48800,-0.38476247264,0
48801,-0.319040178104,0
48802,-0.104779181842,0
48803,-0.302291963378,0
48804,-0.479457392196,0
48805,-0.630107316287,0
48806,-0.354143459585,0
48807,-0.721174929417,0
48808,-0.649927049585,0
48809,-0.608239594164,0
48810,-0.466573642598,0
48811,-0.722054641991,0
48812,-0.635690817708,0
48813,-0.855608539803,0
48814,-0.960718695127,0
48815,-0.684822203566,0
48816,-0.932948769179,0
48817,-1.14680795765,0
48818,-1.14242217151,0
48819,-0.976484995442,0
48820,-0.864286392606,0
48821,-1.23084785508,0
48822,-1.13177518617,0
48823,-1.36171870722,0
48824,-1.39383130437,0
48825,-1.04384346715,0
48826,-1.10742215112,0
48827,-1.06664204625,0
48828,-1.13852109544,0
48829,-1.17440962809,0
48830,-1.3655334924,0
48831,-1.48286858453,0
48832,-1.49202979435,0
48833,-1.27745592667,0
48834,-1.65735881441,0
48835,-1.67855637752,0
48836,-1.28362292378,0
48837,-1.57569343332,0
48838,-1.63168066701,0
48839,-1.73824874758,0
48840,-1.76371432488,0
48841,-1.36009775662,0
48842,-1.7320960816,0
48843,-1.77529863965,0
48844,-1.49200750208,0
48845,-1.47226352395,0
48846,-1.58286384463,0
48847,-1.45472659716,0
48848,-1.65655310419,0
48849,-1.7944076817,0
48850,-1.66515793601,0
48851,-1.41277726381,0
48852,-1.82887258788,0
48853,-1.68339330593,0
48854,-1.80034258231,0
48855,-1.54116183919,0
48856,-1.80288152958,0
48857,-1.41161470138,0
48858,-1.52913605755,0
48859,-1.68167856242,0
48860,-1.75920009952,0
48861,-1.44218467349,0
48862,-1.32448774016,0
48863,-1.31255655006,0
48864,-1.33634155147,0
48865,-1.3615843235,0
48866,-1.50418504014,0
48867,-1.33300258483,0
48868,-1.21020568574,0
48869,-1.42093516339,0
48870,-1.52012422848,0
48871,-1.20311352317,0
48872,-1.17786835833,0
48873,-1.17800959566,0
48874,-1.33331823727,0
48875,-1.39857515098,0
48876,-1.17838438735,0
48877,-1.15195089259,0
48878,-1.02375211439,0
48879,-1.15941499415,0
48880,-1.2310487278,0
48881,-1.202548799,0
48882,-0.792691070483,0
48883,-0.736222888601,0
48884,-1.08162126951,0
48885,-0.631693274349,0
48886,-0.690993509164,0
48887,-0.555429389817,0
48888,-0.598333485861,0
48889,-0.474302466121,0
48890,-0.454719345935,0
48891,-0.799536121655,0
48892,-0.580542842299,0
48893,-0.487814908274,0
48894,-0.650394373567,0
48895,-0.527998867466,0
48896,-0.585663190727,0
48897,-0.23403424961,0
48898,-0.101000456214,0
48899,-0.231208253827,0
48900,-0.34934003427,0
48901,-0.116530420523,0
48902,-0.0954027875159,0
48903,-0.212296068574,0
48904,-0.207072929042,0
48905,0.146181497095,0
48906,0.25867798673,0
48907,-0.0257745453469,0
48908,0.349999978766,0
48909,-0.0185265818102,0
48910,0.436256564302,0
48911,0.188069463529,0
48912,0.319281060878,0
48913,0.214584735698,0
48914,0.396451397955,0
48915,0.516537611273,0
48916,0.623552247897,0
48917,0.347972237236,0
48918,0.72019288468,0
48919,0.490412004537,0
48920,0.508843929673,0
48921,0.488187141645,0
48922,0.762152742312,0
48923,0.567805822002,0
48924,0.59771198246,0
48925,0.616481730265,0
48926,0.680135052898,0
48927,0.800142141235,0
48928,1.0711023164,0
48929,0.924297625553,0
48930,0.80031440698,0
48931,1.14351154921,0
48932,1.12651065614,0
48933,0.817794064754,0
48934,1.11428535821,0
48935,1.24803742983,0
48936,1.25016279188,0
48937,0.950287498849,0
48938,1.29840621397,0
48939,0.944723376809,0
48940,1.27431539992,0
48941,1.33701045435,0
48942,1.1676162859,0
48943,1.19331109129,0
48944,0.969387799416,0
48945,1.05487647315,0
48946,1.38026819393,0
48947,1.3184920819,0
48948,1.24180563596,0
48949,0.978536861567,0
48950,0.995976476106,0
48951,1.2344248654,0
48952,1.37043629136,0
48953,1.29714688952,0
48954,1.16196916563,0
48955,1.12822311981,0
48956,1.20169603872,0
48957,1.16899482306,0
48958,1.08504775325,0
48959,0.905312181895,0
48960,1.14707722278,0
48961,0.878686656455,0
48962,1.04590135258,0
48963,0.845762982419,0
48964,1.14714397383,0
48965,0.854434427141,0
48966,1.05476821664,0
48967,0.847701288649,0
48968,0.849591268868,0
48969,1.05609744728,0
48970,0.693316425121,0
48971,0.801451155966,0
48972,0.638547868381,0
48973,0.939109072986,0
48974,0.65023767856,0
48975,0.536974740572,0
48976,0.797149948406,0
48977,0.880931822141,0
48978,0.58371361522,0
48979,0.782018889209,0
48980,0.577994378831,0
48981,0.733221058289,0
48982,0.66207729202,0
48983,0.245266149487,0
48984,0.540174322792,0
48985,0.586549019681,0
48986,0.160204791393,0
48987,0.117615730423,0
48988,0.433796286135,0
48989,0.411484190312,0
48990,0.0986701235787,0
48991,0.124214623949,0
48992,-0.112336495875,0
48993,-0.0931391874794,0
48994,0.158028164752,0
48995,0.158518268422,0
48996,-0.0153548770538,0
48997,0.0661252977896,0
48998,-0.307426028495,0
48999,-0.0147101292849,0
49000,-0.462023741524,0
49001,-0.396301446988,0
49002,-0.182040450726,0
49003,-0.379553232261,0
49004,-0.55671866108,0
49005,-0.70736858517,0
49006,-0.431404728468,0
49007,-0.798436198301,0
49008,-0.727188318469,0
49009,-0.685500863047,0
49010,-0.543834911481,0
49011,-0.799315910874,0
49012,-0.712952086591,0
49013,-0.932869808687,0
49014,-1.03797996401,0
49015,-0.762083472449,0
49016,-1.01021003806,0
49017,-1.22406922654,0
49018,-1.21968344039,0
49019,-1.05374626433,0
49020,-0.941547661489,0
49021,-1.30810912397,0
49022,-1.20903645505,0
49023,-1.4389799761,0
49024,-1.47109257326,0
49025,-1.12110473603,0
49026,-1.18468342001,0
49027,-1.14390331513,0
49028,-1.21578236432,0
49029,-1.25167089698,0
49030,-1.44279476128,0
49031,-1.56012985341,0
49032,-1.56929106323,0
49033,-1.35471719556,0
49034,-1.7346200833,0
49035,-1.7558176464,0
49036,-1.36088419266,0
49037,-1.6529547022,0
49038,-1.70894193589,0
49039,-1.81551001647,0
49040,-1.84097559376,0
49041,-1.43735902551,0
49042,-1.80935735048,0
49043,-1.85255990854,0
49044,-1.56926877097,0
49045,-1.54952479284,0
49046,-1.66012511351,0
49047,-1.53198786604,0
49048,-1.73381437307,0
49049,-1.87166895058,0
49050,-1.7424192049,0
49051,-1.49003853269,0
49052,-1.90613385676,0
49053,-1.76065457481,0
49054,-1.87760385119,0
49055,-1.61842310807,0
49056,-1.88014279846,0
49057,-1.48887597026,0
49058,-1.60639732643,0
49059,-1.7589398313,0
49060,-1.8364613684,0
49061,-1.51944594237,0
49062,-1.40174900904,0
49063,-1.38981781895,0
49064,-1.41360282035,0
49065,-1.43884559238,0
49066,-1.58144630903,0
49067,-1.41026385371,0
49068,-1.28746695462,0
49069,-1.49819643227,0
49070,-1.59738549737,0
49071,-1.28037479205,0
49072,-1.25512962722,0
49073,-1.25527086455,0
49074,-1.41057950616,0
49075,-1.47583641986,0
49076,-1.25564565624,0
49077,-1.22921216148,0
49078,-1.10101338328,0
49079,-1.23667626303,0
49080,-1.30830999669,0
49081,-1.27981006788,0
49082,-0.869952339366,0
49083,-0.813484157484,0
49084,-1.15888253839,0
49085,-0.708954543232,0
49086,-0.768254778047,0
49087,-0.6326906587,0
49088,-0.675594754745,0
49089,-0.551563735005,0
49090,-0.531980614818,0
49091,-0.876797390538,0
49092,-0.657804111182,0
49093,-0.565076177157,0
49094,-0.72765564245,0
49095,-0.605260136349,0
49096,-0.66292445961,0
49097,-0.311295518494,0
49098,-0.178261725097,0
49099,-0.30846952271,0
49100,-0.426601303153,0
49101,-0.193791689406,0
49102,-0.172664056399,0
49103,-0.289557337458,0
49104,-0.284334197926,0
49105,0.0689202282121,0
49106,0.181416717846,0
49107,-0.10303581423,0
49108,0.272738709883,0
49109,-0.0957878506935,0
49110,0.358995295419,0
49111,0.110808194646,0
49112,0.242019791995,0
49113,0.137323466815,0
49114,0.319190129072,0
49115,0.43927634239,0
49116,0.546290979014,0
49117,0.270710968353,0
49118,0.642931615797,0
49119,0.413150735654,0
49120,0.43158266079,0
49121,0.410925872761,0
49122,0.684891473428,0
49123,0.490544553118,0
49124,0.520450713577,0
49125,0.539220461382,0
49126,0.602873784014,0
49127,0.722880872351,0
49128,0.993841047518,0
49129,0.84703635667,0
49130,0.723053138097,0
49131,1.06625028032,0
49132,1.04924938726,0
49133,0.740532795871,0
49134,1.03702408932,0
49135,1.17077616095,0
49136,1.172901523,0
49137,0.873026229966,0
49138,1.22114494509,0
49139,0.867462107925,0
49140,1.19705413103,0
49141,1.25974918546,0
49142,1.09035501701,0
49143,1.1160498224,0
49144,0.892126530533,0
49145,0.977615204267,0
49146,1.30300692505,0
49147,1.24123081302,0
49148,1.16454436707,0
49149,0.901275592684,0
49150,0.918715207223,0
49151,1.15716359651,0
49152,1.29317502247,0
49153,1.21988562064,0
49154,1.08470789675,0
49155,1.05096185092,0
49156,1.12443476983,0
49157,1.09173355418,0
49158,1.00778648437,0
49159,0.828050913012,0
49160,1.0698159539,0
49161,0.801425387572,0
49162,0.968640083695,0
49163,0.768501713536,0
49164,1.06988270494,0
49165,0.777173158258,0
49166,0.977506947761,0
49167,0.770440019766,0
49168,0.772329999985,0
49169,0.978836178395,0
49170,0.616055156238,0
49171,0.724189887083,0
49172,0.561286599498,0
49173,0.861847804103,0
49174,0.572976409676,0
49175,0.459713471689,0
49176,0.719888679523,0
49177,0.803670553257,0
49178,0.506452346337,0
49179,0.704757620326,0
49180,0.500733109948,0
49181,0.655959789406,0
49182,0.584816023137,0
49183,0.168004880603,0
49184,0.462913053909,0
49185,0.509287750798,0
49186,0.0829435225099,0
49187,0.0403544615396,0
49188,0.356535017251,0
49189,0.334222921429,0
49190,0.0214088546954,0
49191,0.0469533550658,0
49192,-0.189597764758,0
49193,-0.170400456363,0
49194,0.0807668958688,0
49195,0.0812569995384,0
49196,-0.0926161459371,0
49197,-0.0111359710937,0
49198,-0.384687297378,0
49199,-0.0919713981683,0
49200,-0.472086964674,0
49201,-0.406364670138,0
49202,-0.192103673876,0
49203,-0.389616455412,0
49204,-0.56678188423,0
49205,-0.717431808321,0
49206,-0.441467951618,0
49207,-0.808499421451,0
49208,-0.737251541619,0
49209,-0.695564086197,0
49210,-0.553898134632,0
49211,-0.809379134024,0
49212,-0.723015309741,0
49213,-0.942933031837,0
49214,-1.04804318716,0
49215,-0.772146695599,0
49216,-1.02027326121,0
49217,-1.23413244969,0
49218,-1.22974666354,0
49219,-1.06380948748,0
49220,-0.95161088464,0
49221,-1.31817234712,0
49222,-1.2190996782,0
49223,-1.44904319925,0
49224,-1.48115579641,0
49225,-1.13116795918,0
49226,-1.19474664316,0
49227,-1.15396653828,0
49228,-1.22584558747,0
49229,-1.26173412013,0
49230,-1.45285798443,0
49231,-1.57019307656,0
49232,-1.57935428638,0
49233,-1.36478041871,0
49234,-1.74468330645,0
49235,-1.76588086955,0
49236,-1.37094741581,0
49237,-1.66301792535,0
49238,-1.71900515904,0
49239,-1.82557323962,0
49240,-1.85103881691,0
49241,-1.44742224866,0
49242,-1.81942057364,0
49243,-1.86262313169,0
49244,-1.57933199412,0
49245,-1.55958801599,0
49246,-1.67018833666,0
49247,-1.54205108919,0
49248,-1.74387759622,0
49249,-1.88173217373,0
49250,-1.75248242805,0
49251,-1.50010175584,0
49252,-1.91619707991,0
49253,-1.77071779796,0
49254,-1.88766707434,0
49255,-1.62848633122,0
49256,-1.89020602162,0
49257,-1.49893919341,0
49258,-1.61646054958,0
49259,-1.76900305445,0
49260,-1.84652459155,0
49261,-1.52950916552,0
49262,-1.41181223219,0
49263,-1.3998810421,0
49264,-1.4236660435,0
49265,-1.44890881553,0
49266,-1.59150953218,0
49267,-1.42032707686,0
49268,-1.29753017777,0
49269,-1.50825965542,0
49270,-1.60744872052,0
49271,-1.2904380152,0
49272,-1.26519285037,0
49273,-1.2653340877,0
49274,-1.42064272931,0
49275,-1.48589964301,0
49276,-1.26570887939,0
49277,-1.23927538463,0
49278,-1.11107660643,0
49279,-1.24673948618,0
49280,-1.31837321984,0
49281,-1.28987329103,0
49282,-0.880015562517,0
49283,-0.823547380634,0
49284,-1.16894576154,0
49285,-0.719017766383,0
49286,-0.778318001197,0
49287,-0.64275388185,0
49288,-0.685657977895,0
49289,-0.561626958155,0
49290,-0.542043837968,0
49291,-0.886860613688,0
49292,-0.667867334333,0
49293,-0.575139400307,0
49294,-0.7377188656,0
49295,-0.615323359499,0
49296,-0.67298768276,0
49297,-0.321358741644,0
49298,-0.188324948247,0
49299,-0.31853274586,0
49300,-0.436664526304,0
49301,-0.203854912556,0
49302,-0.18272727955,0
49303,-0.299620560608,0
49304,-0.294397421076,0
49305,0.0588570050619,0
49306,0.171353494696,0
49307,-0.113099037381,0
49308,0.262675486732,0
49309,-0.105851073844,0
49310,0.348932072269,0
49311,0.100744971496,0
49312,0.231956568845,0
49313,0.127260243665,0
49314,0.309126905921,0
49315,0.42921311924,0
49316,0.536227755864,0
49317,0.260647745202,0
49318,0.632868392647,0
49319,0.403087512504,0
49320,0.42151943764,0
49321,0.400862649611,0
49322,0.674828250278,0
49323,0.480481329968,0
49324,0.510387490427,0
49325,0.529157238232,0
49326,0.592810560864,0
49327,0.712817649201,0
49328,0.983777824368,0
49329,0.83697313352,0
49330,0.712989914947,0
49331,1.05618705717,0
49332,1.03918616411,0
49333,0.73046957272,0
49334,1.02696086617,0
49335,1.1607129378,0
49336,1.16283829985,0
49337,0.862963006815,0
49338,1.21108172194,0
49339,0.857398884775,0
49340,1.18699090788,0
49341,1.24968596231,0
49342,1.08029179386,0
49343,1.10598659925,0
49344,0.882063307382,0
49345,0.967551981116,0
49346,1.2929437019,0
49347,1.23116758987,0
49348,1.15448114392,0
49349,0.891212369534,0
49350,0.908651984073,0
49351,1.14710037336,0
49352,1.28311179932,0
49353,1.20982239749,0
49354,1.0746446736,0
49355,1.04089862777,0
49356,1.11437154668,0
49357,1.08167033103,0
49358,0.997723261215,0
49359,0.817987689862,0
49360,1.05975273075,0
49361,0.791362164422,0
49362,0.958576860544,0
49363,0.758438490386,0
49364,1.05981948179,0
49365,0.767109935108,0
49366,0.967443724611,0
49367,0.760376796615,0
49368,0.762266776835,0
49369,0.968772955245,0
49370,0.605991933087,0
49371,0.714126663932,0
49372,0.551223376348,0
49373,0.851784580953,0
49374,0.562913186526,0
49375,0.449650248538,0
49376,0.709825456372,0
49377,0.793607330107,0
49378,0.496389123186,0
49379,0.694694397175,0
49380,0.490669886798,0
49381,0.645896566255,0
49382,0.574752799986,0
49383,0.157941657453,0
49384,0.452849830759,0
49385,0.499224527648,0
49386,0.0728802993596,0
49387,0.0302912383893,0
49388,0.346471794101,0
49389,0.324159698279,0
49390,0.0113456315451,0
49391,0.0368901319155,0
49392,-0.199660987908,0
49393,-0.180463679513,0
49394,0.0707036727185,0
49395,0.0711937763882,0
49396,-0.102679369087,0
49397,-0.021199194244,0
49398,-0.394750520528,0
49399,-0.102034621319,0
49400,-0.538227985724,0
49401,-0.472505691188,0
49402,-0.258244694926,0
49403,-0.455757476462,0
49404,-0.63292290528,0
49405,-0.783572829371,0
49406,-0.507608972669,0
49407,-0.874640442501,0
49408,-0.803392562669,0
49409,-0.761705107248,0
49410,-0.620039155682,0
49411,-0.875520155075,0
49412,-0.789156330792,0
49413,-1.00907405289,0
49414,-1.11418420821,0
49415,-0.83828771665,0
49416,-1.08641428226,0
49417,-1.30027347074,0
49418,-1.29588768459,0
49419,-1.12995050853,0
49420,-1.01775190569,0
49421,-1.38431336817,0
49422,-1.28524069925,0
49423,-1.5151842203,0
49424,-1.54729681746,0
49425,-1.19730898023,0
49426,-1.26088766421,0
49427,-1.22010755933,0
49428,-1.29198660852,0
49429,-1.32787514118,0
49430,-1.51899900548,0
49431,-1.63633409761,0
49432,-1.64549530743,0
49433,-1.43092143976,0
49434,-1.8108243275,0
49435,-1.8320218906,0
49436,-1.43708843686,0
49437,-1.7291589464,0
49438,-1.78514618009,0
49439,-1.89171426067,0
49440,-1.91717983796,0
49441,-1.51356326971,0
49442,-1.88556159469,0
49443,-1.92876415274,0
49444,-1.64547301517,0
49445,-1.62572903704,0
49446,-1.73632935771,0
49447,-1.60819211024,0
49448,-1.81001861727,0
49449,-1.94787319478,0
49450,-1.8186234491,0
49451,-1.56624277689,0
49452,-1.98233810096,0
49453,-1.83685881901,0
49454,-1.95380809539,0
49455,-1.69462735227,0
49456,-1.95634704267,0
49457,-1.56508021446,0
49458,-1.68260157063,0
49459,-1.8351440755,0
49460,-1.91266561261,0
49461,-1.59565018657,0
49462,-1.47795325324,0
49463,-1.46602206315,0
49464,-1.48980706455,0
49465,-1.51504983658,0
49466,-1.65765055323,0
49467,-1.48646809791,0
49468,-1.36367119882,0
49469,-1.57440067647,0
49470,-1.67358974157,0
49471,-1.35657903625,0
49472,-1.33133387142,0
49473,-1.33147510875,0
49474,-1.48678375036,0
49475,-1.55204066406,0
49476,-1.33184990044,0
49477,-1.30541640568,0
49478,-1.17721762748,0
49479,-1.31288050723,0
49480,-1.38451424089,0
49481,-1.35601431208,0
49482,-0.946156583567,0
49483,-0.889688401685,0
49484,-1.23508678259,0
49485,-0.785158787433,0
49486,-0.844459022247,0
49487,-0.708894902901,0
49488,-0.751798998945,0
49489,-0.627767979205,0
49490,-0.608184859019,0
49491,-0.953001634738,0
49492,-0.734008355383,0
49493,-0.641280421358,0
49494,-0.803859886651,0
49495,-0.68146438055,0
49496,-0.739128703811,0
49497,-0.387499762694,0
49498,-0.254465969298,0
49499,-0.384673766911,0
49500,-0.502805547354,0
49501,-0.269995933607,0
49502,-0.2488683006,0
49503,-0.365761581658,0
49504,-0.360538442126,0
49505,-0.00728401598847,0
49506,0.105212473646,0
49507,-0.179240058431,0
49508,0.196534465682,0
49509,-0.171992094894,0
49510,0.282791051218,0
49511,0.0346039504453,0
49512,0.165815547794,0
49513,0.0611192226143,0
49514,0.242985884871,0
49515,0.363072098189,0
49516,0.470086734813,0
49517,0.194506724152,0
49518,0.566727371596,0
49519,0.336946491453,0
49520,0.355378416589,0
49521,0.334721628561,0
49522,0.608687229228,0
49523,0.414340308918,0
49524,0.444246469376,0
49525,0.463016217181,0
49526,0.526669539814,0
49527,0.646676628151,0
49528,0.917636803317,0
49529,0.77083211247,0
49530,0.646848893896,0
49531,0.990046036121,0
49532,0.97304514306,0
49533,0.66432855167,0
49534,0.960819845123,0
49535,1.09457191675,0
49536,1.0966972788,0
49537,0.796821985765,0
49538,1.14494070089,0
49539,0.791257863725,0
49540,1.12084988683,0
49541,1.18354494126,0
49542,1.01415077281,0
49543,1.0398455782,0
49544,0.815922286332,0
49545,0.901410960066,0
49546,1.22680268085,0
49547,1.16502656882,0
49548,1.08834012287,0
49549,0.825071348483,0
49550,0.842510963022,0
49551,1.08095935231,0
49552,1.21697077827,0
49553,1.14368137644,0
49554,1.00850365255,0
49555,0.974757606724,0
49556,1.04823052563,0
49557,1.01552930998,0
49558,0.931582240165,0
49559,0.751846668811,0
49560,0.993611709695,0
49561,0.725221143371,0
49562,0.892435839494,0
49563,0.692297469335,0
49564,0.993678460742,0
49565,0.700968914058,0
49566,0.90130270356,0
49567,0.694235775565,0
49568,0.696125755784,0
49569,0.902631934194,0
49570,0.539850912037,0
49571,0.647985642882,0
49572,0.485082355297,0
49573,0.785643559903,0
49574,0.496772165476,0
49575,0.383509227488,0
49576,0.643684435322,0
49577,0.727466309057,0
49578,0.430248102136,0
49579,0.628553376125,0
49580,0.424528865748,0
49581,0.579755545205,0
49582,0.508611778936,0
49583,0.0918006364026,0
49584,0.386708809708,0
49585,0.433083506597,0
49586,0.00673927830931,0
49587,-0.035849782661,0
49588,0.280330773051,0
49589,0.258018677228,0
49590,-0.0547953895052,0
49591,-0.0292508891348,0
49592,-0.265802008959,0
49593,-0.246604700563,0
49594,0.00456265166822,0
49595,0.00505275533784,0
49596,-0.168820390138,0
49597,-0.0873402152943,0
49598,-0.460891541579,0
49599,-0.168175642369,0
49600,-0.655911880457,0
49601,-0.590189585921,0
49602,-0.375928589659,0
49603,-0.573441371195,0
49604,-0.750606800013,0
49605,-0.901256724104,0
49606,-0.625292867401,0
49607,-0.992324337234,0
49608,-0.921076457402,0
49609,-0.87938900198,0
49610,-0.737723050415,0
49611,-0.993204049807,0
49612,-0.906840225524,0
49613,-1.12675794762,0
49614,-1.23186810294,0
49615,-0.955971611382,0
49616,-1.204098177,0
49617,-1.41795736547,0
49618,-1.41357157933,0
49619,-1.24763440326,0
49620,-1.13543580042,0
49621,-1.5019972629,0
49622,-1.40292459399,0
49623,-1.63286811503,0
49624,-1.66498071219,0
49625,-1.31499287496,0
49626,-1.37857155894,0
49627,-1.33779145406,0
49628,-1.40967050326,0
49629,-1.44555903591,0
49630,-1.63668290022,0
49631,-1.75401799235,0
49632,-1.76317920217,0
49633,-1.54860533449,0
49634,-1.92850822223,0
49635,-1.94970578533,0
49636,-1.55477233159,0
49637,-1.84684284113,0
49638,-1.90283007482,0
49639,-2.0093981554,0
49640,-2.03486373269,0
49641,-1.63124716444,0
49642,-2.00324548942,0
49643,-2.04644804747,0
49644,-1.7631569099,0
49645,-1.74341293177,0
49646,-1.85401325245,0
49647,-1.72587600497,0
49648,-1.927702512,0
49649,-2.06555708951,0
49650,-1.93630734383,0
49651,-1.68392667162,0
49652,-2.10002199569,0
49653,-1.95454271374,0
49654,-2.07149199012,0
49655,-1.812311247,0
49656,-2.0740309374,0
49657,-1.68276410919,0
49658,-1.80028546536,0
49659,-1.95282797023,0
49660,-2.03034950734,0
49661,-1.7133340813,0
49662,-1.59563714797,0
49663,-1.58370595788,0
49664,-1.60749095928,0
49665,-1.63273373132,0
49666,-1.77533444796,0
49667,-1.60415199264,0
49668,-1.48135509356,0
49669,-1.6920845712,0
49670,-1.7912736363,0
49671,-1.47426293098,0
49672,-1.44901776615,0
49673,-1.44915900348,0
49674,-1.60446764509,0
49675,-1.66972455879,0
49676,-1.44953379517,0
49677,-1.42310030041,0
49678,-1.29490152221,0
49679,-1.43056440196,0
49680,-1.50219813562,0
49681,-1.47369820681,0
49682,-1.0638404783,0
49683,-1.00737229642,0
49684,-1.35277067733,0
49685,-0.902842682165,0
49686,-0.96214291698,0
49687,-0.826578797633,0
49688,-0.869482893678,0
49689,-0.745451873938,0
49690,-0.725868753751,0
49691,-1.07068552947,0
49692,-0.851692250116,0
49693,-0.75896431609,0
49694,-0.921543781383,0
49695,-0.799148275282,0
49696,-0.856812598543,0
49697,-0.505183657427,0
49698,-0.37214986403,0
49699,-0.502357661643,0
49700,-0.620489442087,0
49701,-0.387679828339,0
49702,-0.366552195332,0
49703,-0.483445476391,0
49704,-0.478222336859,0
49705,-0.124967910721,0
49706,-0.0124714210867,0
49707,-0.296923953163,0
49708,0.0788505709494,0
49709,-0.289675989627,0
49710,0.165107156486,0
49711,-0.0830799442872,0
49712,0.0481316530618,0
49713,-0.0565646721183,0
49714,0.125301990138,0
49715,0.245388203457,0
49716,0.352402840081,0
49717,0.0768228294194,0
49718,0.449043476864,0
49719,0.219262596721,0
49720,0.237694521857,0
49721,0.217037733828,0
49722,0.491003334495,0
49723,0.296656414185,0
49724,0.326562574644,0
49725,0.345332322449,0
49726,0.408985645081,0
49727,0.528992733418,0
49728,0.799952908585,0
49729,0.653148217737,0
49730,0.529164999164,0
49731,0.872362141389,0
49732,0.855361248328,0
49733,0.546644656938,0
49734,0.84313595039,0
49735,0.976888022016,0
49736,0.979013384066,0
49737,0.679138091033,0
49738,1.02725680615,0
49739,0.673573968992,0
49740,1.0031659921,0
49741,1.06586104653,0
49742,0.896466878081,0
49743,0.92216168347,0
49744,0.698238391599,0
49745,0.783727065334,0
49746,1.10911878612,0
49747,1.04734267409,0
49748,0.97065622814,0
49749,0.707387453751,0
49750,0.72482706829,0
49751,0.963275457582,0
49752,1.09928688354,0
49753,1.02599748171,0
49754,0.890819757818,0
49755,0.857073711991,0
49756,0.930546630901,0
49757,0.897845415248,0
49758,0.813898345432,0
49759,0.634162774079,0
49760,0.875927814962,0
49761,0.607537248639,0
49762,0.774751944762,0
49763,0.574613574603,0
49764,0.875994566009,0
49765,0.583285019325,0
49766,0.783618808828,0
49767,0.576551880833,0
49768,0.578441861052,0
49769,0.784948039462,0
49770,0.422167017304,0
49771,0.530301748149,0
49772,0.367398460565,0
49773,0.66795966517,0
49774,0.379088270743,0
49775,0.265825332756,0
49776,0.526000540589,0
49777,0.609782414324,0
49778,0.312564207404,0
49779,0.510869481393,0
49780,0.306844971015,0
49781,0.462071650473,0
49782,0.390927884204,0
49783,-0.02588325833,0
49784,0.269024914976,0
49785,0.315399611865,0
49786,-0.110944616423,0
49787,-0.153533677394,0
49788,0.162646878318,0
49789,0.140334782496,0
49790,-1.38293085478,1
49791,-1.22467424818,1
49792,-1.05350737146,1
49793,-0.87245253741,1
49794,-0.684706651602,1
49795,-0.493584764257,1
49796,-0.302461536034,1
49797,-0.114711651269,1
49798,0.0663497692067,1
49799,0.237525703528,1
49800,0.267638004454,1
49801,0.410203465575,1
49802,0.534549117992,1
49803,0.638479376538,1
49804,0.720159132947,1
49805,0.778146158574,1
49806,0.811416569986,1
49807,0.819382907787,1
49808,0.801904509454,1
49809,0.759289993033,1
49810,0.692291807832,1
49811,0.602092948344,1
49812,0.490286065974,1
49813,0.358845347419,1
49814,0.21009165623,1
49815,0.0466515530621,1
49816,-0.128589081801,1
49817,-0.31253600476,1
49818,-0.501941244308,1
49819,-0.693460450829,1
49820,-0.883711948153,1
49821,-1.06933644419,1
49822,-1.24705634635,1
49823,-1.41373363432,1
49824,-1.56642526848,1
49825,-1.70243515548,1
49826,-1.81936175344,1
49827,-1.91514047628,1
49828,-1.98808014831,1
49829,-2.03689286554,1
49830,-2.06071673633,1
49831,-2.05913109992,1
49832,-2.03216395407,1
49833,-1.9802914607,1
49834,-1.90442953826,1
49835,-1.80591768925,1
49836,-1.68649534847,1
49837,-1.54827116962,1
49838,-1.39368579257,1
49839,-1.22546874872,1
49840,-1.04659026531,1
49841,-0.860208819858,1
49842,-0.669615370502,1
49843,-0.478175247214,1
49844,-0.289268729783,1
49845,-0.106231361832,1
49846,0.0677049452467,1
49847,0.229468978517,1
49848,0.376204452249,1
49849,0.505320441681,1
49850,0.614537131265,1
49851,0.70192606963,1
49852,0.765944220463,1
49853,0.805461208075,1
49854,0.819779276571,1
49855,0.808645610204,1
49856,0.772256797375,1
49857,0.711255359445,1
49858,0.626718405662,1
49859,0.520138614528,1
49860,0.393397877403,1
49861,0.248734069735,1
49862,0.0887015366475,1
49863,-0.0838740094249,1
49864,-0.265945382656,1
49865,-0.45429772833,1
49866,-0.645605287897,1
49867,-0.836490122261,1
49868,-1.02358175643,1
49869,-1.20357669239,1
49870,-1.37329673929,1
49871,-1.5297451312,1
49872,-1.67015944125,1
49873,-1.79206035818,1
49874,-1.89329546379,1
49875,-1.97207723844,1
49876,-2.02701462347,1
49877,-2.05713758329,1
49878,-2.06191423341,1
49879,-2.04126023199,1
49880,-1.99554026905,1
49881,-1.92556162712,1
49882,-1.83255992695,1
49883,-1.71817731002,1
49884,-1.58443344307,1
49885,-1.43368985658,1
49886,-1.26860824703,1
49887,-1.09210347895,1
49888,-0.907292116902,1
49889,-0.717437395875,1
49890,-0.525891602036,1
49891,-0.336036881009,1
49892,-0.151225518956,1
49893,0.025279249117,1
49894,0.190360858669,1
49895,0.341104445155,1
49896,0.474848312112,1
49897,0.589230929042,1
49898,0.682232629211,1
49899,0.75221127114,1
49900,0.797931234079,1
49901,0.818585235499,1
49902,0.813808585375,1
49903,0.783685625555,1
49904,0.728748240528,1
49905,0.649966465881,1
49906,0.548731360269,1
49907,0.426830443338,1
49908,0.286416133288,1
49909,0.129967741383,1
49910,-0.0397523055238,1
49911,-0.219747241478,1
49912,-0.40683887565,1
49913,-0.597723710014,1
49914,-0.789031269581,1
49915,-0.977383615255,1
49916,-1.15945498849,1
49917,-1.33203053456,1
49918,-1.49206306765,1
49919,-1.63672687531,1
49920,-1.76346761244,1
49921,-1.87004740357,1
49922,-1.95458435736,1
49923,-2.01558579529,1
49924,-2.05197460812,1
49925,-2.06310827448,1
49926,-2.04879020599,1
49927,-2.00927321837,1
49928,-1.94525506754,1
49929,-1.85786612918,1
49930,-1.74864943959,1
49931,-1.61953345016,1
49932,-1.47279797643,1
49933,-1.31103394316,1
49934,-1.13709763608,1
49935,-0.954060268128,1
49936,-0.765153750696,1
49937,-0.573713627409,1
49938,-0.383120178053,1
49939,-0.1967387326,1
49940,-0.0178602491951,1
49941,0.150356794663,1
49942,0.304942171711,1
49943,0.443166350561,1
49944,0.562588691341,1
49945,0.661100540349,1
49946,0.736962462786,1
49947,0.788834956157,1
49948,0.815802102011,1
49949,0.817387738423,1
49950,0.79356386763,1
49951,0.7447511504,1
49952,0.671811478369,1
49953,0.576032755532,1
49954,0.459106157568,1
49955,0.32309627057,1
49956,0.170404636407,1
49957,0.0037273484388,1
49958,-0.173992553716,1
49959,-0.359617049757,1
49960,-0.549868547081,1
49961,-0.741387753602,1
49962,-0.930792993151,1
49963,-1.11473991611,1
49964,-1.28998055097,1
49965,-1.45342065414,1
49966,-1.60217434533,1
49967,-1.73361506388,1
49968,-1.84542194625,1
49969,-1.93562080574,1
49970,-2.00261899094,1
49971,-2.04523350736,1
49972,-2.0627119057,1
49973,-2.0547455679,1
49974,-2.02147515648,1
49975,-1.96348813086,1
49976,-1.88180837445,1
49977,-1.7778781159,1
49978,-1.65353246349,1
49979,-1.51096700236,1
49980,-1.35269902692,1
49981,-1.1815230926,1
49982,-1.00046167213,1
49983,-0.812711787362,1
49984,-0.621588559139,1
49985,-0.430466671793,1
49986,-0.242720785986,1
49987,-0.0616659519377,1
49988,0.109500924783,1
49989,0.267757531384,1
49990,-0.300634958753,0
49991,-0.275090458383,0
49992,-0.511641578206,0
49993,-0.492444269811,0
49994,-0.24127691758,0
49995,-0.24078681391,0
49996,-0.414659959386,0
49997,-0.333179784542,0
49998,-0.706731110826,0
49999,-0.414015211617,0
50000,-0.677395648725,0
50001,-0.611673354189,0
50002,-0.397412357927,0
50003,-0.594925139463,0
50004,-0.772090568281,0
50005,-0.922740492372,0
50006,-0.646776635669,0
50007,-1.0138081055,0
50008,-0.94256022567,0
50009,-0.900872770248,0
50010,-0.759206818683,0
50011,-1.01468781808,0
50012,-0.928323993793,0
50013,-1.14824171589,0
50014,-1.25335187121,0
50015,-0.977455379651,0
50016,-1.22558194526,0
50017,-1.43944113374,0
50018,-1.43505534759,0
50019,-1.26911817153,0
50020,-1.15691956869,0
50021,-1.52348103117,0
50022,-1.42440836225,0
50023,-1.6543518833,0
50024,-1.68646448046,0
50025,-1.33647664323,0
50026,-1.40005532721,0
50027,-1.35927522233,0
50028,-1.43115427152,0
50029,-1.46704280418,0
50030,-1.65816666848,0
50031,-1.77550176061,0
50032,-1.78466297044,0
50033,-1.57008910276,0
50034,-1.9499919905,0
50035,-1.9711895536,0
50036,-1.57625609986,0
50037,-1.8683266094,0
50038,-1.92431384309,0
50039,-2.03088192367,0
50040,-2.05634750096,0
50041,-1.65273093271,0
50042,-2.02472925769,0
50043,-2.06793181574,0
50044,-1.78464067817,0
50045,-1.76489670004,0
50046,-1.87549702071,0
50047,-1.74735977324,0
50048,-1.94918628027,0
50049,-2.08704085778,0
50050,-1.9577911121,0
50051,-1.70541043989,0
50052,-2.12150576396,0
50053,-1.97602648201,0
50054,-2.09297575839,0
50055,-1.83379501527,0
50056,-2.09551470567,0
50057,-1.70424787746,0
50058,-1.82176923363,0
50059,-1.9743117385,0
50060,-2.05183327561,0
50061,-1.73481784957,0
50062,-1.61712091624,0
50063,-1.60518972615,0
50064,-1.62897472755,0
50065,-1.65421749958,0
50066,-1.79681821623,0
50067,-1.62563576091,0
50068,-1.50283886183,0
50069,-1.71356833947,0
50070,-1.81275740457,0
50071,-1.49574669925,0
50072,-1.47050153442,0
50073,-1.47064277175,0
50074,-1.62595141336,0
50075,-1.69120832706,0
50076,-1.47101756344,0
50077,-1.44458406868,0
50078,-1.31638529048,0
50079,-1.45204817023,0
50080,-1.52368190389,0
50081,-1.49518197508,0
50082,-1.08532424657,0
50083,-1.02885606469,0
50084,-1.37425444559,0
50085,-0.924326450434,0
50086,-0.983626685248,0
50087,-0.848062565902,0
50088,-0.890966661946,0
50089,-0.766935642206,0
50090,-0.74735252202,0
50091,-1.09216929774,0
50092,-0.873176018384,0
50093,-0.780448084359,0
50094,-0.943027549652,0
50095,-0.820632043551,0
50096,-0.878296366812,0
50097,-0.526667425695,0
50098,-0.393633632298,0
50099,-0.523841429911,0
50100,-0.641973210355,0
50101,-0.409163596608,0
50102,-0.388035963601,0
50103,-0.504929244659,0
50104,-0.499706105127,0
50105,-0.146451678989,0
50106,-0.033955189355,0
50107,-0.318407721432,0
50108,0.0573668026811,0
50109,-0.311159757895,0
50110,0.143623388217,0
50111,-0.104563712556,0
50112,0.0266478847935,0
50113,-0.0780484403866,0
50114,0.10381822187,0
50115,0.223904435188,0
50116,0.330919071813,0
50117,0.055339061151,0
50118,0.427559708595,0
50119,0.197778828452,0
50120,0.216210753588,0
50121,0.19555396556,0
50122,0.469519566227,0
50123,0.275172645917,0
50124,0.305078806375,0
50125,0.32384855418,0
50126,0.387501876813,0
50127,0.50750896515,0
50128,0.778469140316,0
50129,0.631664449469,0
50130,0.507681230895,0
50131,0.850878373121,0
50132,0.833877480059,0
50133,0.525160888669,0
50134,0.821652182122,0
50135,0.955404253748,0
50136,0.957529615798,0
50137,0.657654322764,0
50138,1.00577303789,0
50139,0.652090200724,0
50140,0.981682223832,0
50141,1.04437727826,0
50142,0.874983109813,0
50143,0.900677915202,0
50144,0.676754623331,0
50145,0.762243297065,0
50146,1.08763501785,0
50147,1.02585890582,0
50148,0.949172459872,0
50149,0.685903685482,0
50150,0.703343300022,0
50151,0.941791689313,0
50152,1.07780311527,0
50153,1.00451371344,0
50154,0.869335989549,0
50155,0.835589943723,0
50156,0.909062862633,0
50157,0.87636164698,0
50158,0.792414577164,0
50159,0.61267900581,0
50160,0.854444046694,0
50161,0.58605348037,0
50162,0.753268176493,0
50163,0.553129806334,0
50164,0.854510797741,0
50165,0.561801251057,0
50166,0.762135040559,0
50167,0.555068112564,0
50168,0.556958092783,0
50169,0.763464271193,0
50170,0.400683249036,0
50171,0.508817979881,0
50172,0.345914692296,0
50173,0.646475896902,0
50174,0.357604502475,0
50175,0.244341564487,0
50176,0.504516772321,0
50177,0.588298646056,0
50178,0.291080439135,0
50179,0.489385713124,0
50180,0.285361202747,0
50181,0.440587882204,0
50182,0.369444115935,0
50183,-0.0473670265983,0
50184,0.247541146707,0
50185,0.293915843596,0
50186,-0.132428384692,0
50187,-0.175017445662,0
50188,0.14116311005,0
50189,0.118851014228,0
50190,-0.193963052506,0
50191,-0.168418552136,0
50192,-0.40496967196,0
50193,-0.385772363564,0
50194,-0.134605011333,0
50195,-0.134114907663,0
50196,-0.307988053139,0
50197,-0.226507878295,0
50198,-0.60005920458,0
50199,-0.30734330537,0
50200,-0.661304175184,0
50201,-0.595581880648,0
50202,-0.381320884386,0
50203,-0.578833665922,0
50204,-0.75599909474,0
50205,-0.906649018831,0
50206,-0.630685162128,0
50207,-0.997716631961,0
50208,-0.926468752129,0
50209,-0.884781296707,0
50210,-0.743115345142,0
50211,-0.998596344534,0
50212,-0.912232520252,0
50213,-1.13215024235,0
50214,-1.23726039767,0
50215,-0.96136390611,0
50216,-1.20949047172,0
50217,-1.4233496602,0
50218,-1.41896387405,0
50219,-1.25302669799,0
50220,-1.14082809515,0
50221,-1.50738955763,0
50222,-1.40831688871,0
50223,-1.63826040976,0
50224,-1.67037300692,0
50225,-1.32038516969,0
50226,-1.38396385367,0
50227,-1.34318374879,0
50228,-1.41506279798,0
50229,-1.45095133064,0
50230,-1.64207519494,0
50231,-1.75941028707,0
50232,-1.76857149689,0
50233,-1.55399762922,0
50234,-1.93390051696,0
50235,-1.95509808006,0
50236,-1.56016462632,0
50237,-1.85223513586,0
50238,-1.90822236955,0
50239,-2.01479045013,0
50240,-2.04025602742,0
50241,-1.63663945917,0
50242,-2.00863778415,0
50243,-2.0518403422,0
50244,-1.76854920463,0
50245,-1.7488052265,0
50246,-1.85940554717,0
50247,-1.7312682997,0
50248,-1.93309480673,0
50249,-2.07094938424,0
50250,-1.94169963856,0
50251,-1.68931896635,0
50252,-2.10541429042,0
50253,-1.95993500847,0
50254,-2.07688428485,0
50255,-1.81770354173,0
50256,-2.07942323213,0
50257,-1.68815640392,0
50258,-1.80567776009,0
50259,-1.95822026496,0
50260,-2.03574180207,0
50261,-1.71872637603,0
50262,-1.6010294427,0
50263,-1.58909825261,0
50264,-1.61288325401,0
50265,-1.63812602604,0
50266,-1.78072674269,0
50267,-1.60954428737,0
50268,-1.48674738828,0
50269,-1.69747686593,0
50270,-1.79666593103,0
50271,-1.47965522571,0
50272,-1.45441006088,0
50273,-1.45455129821,0
50274,-1.60985993982,0
50275,-1.10471951953,1
50276,-1.21456897881,1
50277,-1.31860268393,1
50278,-1.41597522252,1
50279,-1.50589531307,1
50280,-1.58763223513,1
50281,-1.66052176738,1
50282,-1.72397158533,1
50283,-1.77746607475,1
50284,-1.82057052167,1
50285,-1.85293464509,1
50286,-1.8742954434,1
50287,-1.8844793317,1
50288,-1.88340355232,1
50289,-1.87107684741,1
50290,-1.84759938785,1
50291,-1.81316195926,1
50292,-1.7680444116,1
50293,-1.71261338501,1
50294,-1.64731933037,1
50295,-1.57269284881,1
50296,-1.48934037986,1
50297,-1.39793927328,1
50298,-1.29923228476,1
50299,-1.19402154,1
50300,-1.08316201636,1
50301,-0.967554595075,1
50302,-0.848138740354,1
50303,-0.725884865002,1
50304,-0.601786444518,1
50305,-0.476851943789,1
50306,-0.352096621966,1
50307,-0.228534282131,1
50308,-0.107169032801,1
50309,0.0110128717922,1
50310,0.125051046332,1
50311,0.234018778825,1
50312,0.33703056137,1
50313,0.433249286088,1
50314,0.521893047741,1
50315,0.602241497747,1
50316,0.673641697978,1
50317,0.735513426749,1
50318,0.787353893889,1
50319,0.828741826586,1
50320,0.859340892784,1
50321,0.878902434332,1
50322,0.887267487661,1
50323,0.884368075577,1
50324,0.870227759662,1
50325,0.84496144881,1
50326,0.808774465434,1
50327,0.761960876952,1
50328,0.704901106096,1
50329,0.638058839471,1
50330,0.561977259485,1
50331,0.477274630265,1
50332,0.384639273445,1
50333,0.284823974628,1
50334,0.178639866007,1
50335,0.066949834834,1
50336,-0.0493384886891,1
50337,-0.169280107113,1
50338,-0.291900335102,1
50339,-0.416202720053,1
50340,-0.541177139598,1
50341,-0.665808010193,1
50342,-0.789082540085,1
50343,-0.909998959599,1
50344,-1.02757466184,1
50345,-1.1408541877,1
50346,-1.2489169902,1
50347,-1.35088491522,1
50348,-1.4459293376,1
50349,-1.53327789487,1
50350,-1.61222076372,1
50351,-1.68211642823,1
50352,-1.74239689308,1
50353,-1.79257229923,1
50354,-1.8322349047,1
50355,-1.86106239802,1
50356,-1.87882051744,1
50357,-1.88536495458,1
50358,-1.88064252718,1
50359,-1.86469161125,1
50360,-1.83764182922,1
50361,-1.79971299658,1
50362,-1.75121333559,1
50363,-1.69253697058,1
50364,-1.62416072511,1
50365,-1.54664024723,1
50366,-1.46060549402,1
50367,-1.36675561239,1
50368,-1.26585325759,1
50369,-1.15871839557,1
50370,-1.04622163973,1
50371,-0.92927717598,1
50372,-0.808835333788,1
50373,-0.685874863468,1
50374,-0.561394982548,1
50375,-0.436407255787,1
50376,-0.311927374866,1
50377,-0.188966904547,1
50378,-0.0685250623544,1
50379,0.0484194013932,1
50380,0.160916157233,1
50381,0.268051019251,1
50382,0.368953374058,1
50383,0.462803255685,1
50384,0.548838008896,1
50385,0.626358486778,1
50386,0.694734732241,1
50387,0.753411097258,1
50388,0.801910758244,1
50389,0.839839590883,1
50390,0.866889372913,1
50391,0.882840288842,1
50392,0.887562716242,1
50393,0.881018279103,1
50394,0.863260159689,1
50395,0.834432666365,1
50396,0.794770060891,1
50397,0.744594654743,1
50398,0.684314189898,1
50399,0.614418525386,1
50400,0.342374709944,1
50401,0.25502615267,1
50402,0.15998173029,1
50403,0.0580138052741,1
50404,-0.0500489972319,1
50405,-0.163328523088,1
50406,-0.28090422533,1
50407,-0.401820644843,1
50408,-0.525095174736,1
50409,-0.64972604533,1
50410,-0.774700464875,1
50411,-0.899002849827,1
50412,-1.02162307782,1
50413,-1.14156469624,1
50414,-1.25785301976,1
50415,-1.36954305094,1
50416,-1.47572715956,1
50417,-1.57554245837,1
50418,-1.66817781519,1
50419,-1.75288044441,1
50420,-1.8289620244,1
50421,-1.89580429102,1
50422,-1.95286406188,1
50423,-1.99967765036,1
50424,-2.03586463374,1
50425,-2.06113094459,1
50426,-2.07527126051,1
50427,-2.07817067259,1
50428,-2.06980561926,1
50429,-2.05024407771,1
50430,-2.01964501151,1
50431,-1.97825707882,1
50432,-1.92641661168,1
50433,-1.86454488291,1
50434,-1.79314468267,1
50435,-1.71279623267,1
50436,-1.62415247102,1
50437,-1.5279337463,1
50438,-1.42492196375,1
50439,-1.31595423126,1
50440,-1.20191605672,1
50441,-1.08373415213,1
50442,-0.962368902798,1
50443,-0.838806562963,1
50444,-0.714051241139,1
50445,-0.58911674041,1
50446,-0.465018319927,1
50447,-0.342764444574,1
50448,-0.223348589853,1
50449,-0.107741168569,1
50450,0.00311835506767,1
50451,0.108329099832,1
50452,0.207036088351,1
50453,0.298437194928,1
50454,0.381789663886,1
50455,0.456416145441,1
50456,0.521710200078,1
50457,0.577141226672,1
50458,0.622258774335,1
50459,0.656696202923,1
50460,0.680173662481,1
50461,0.692500367394,1
50462,0.693576146772,1
50463,0.683392258477,1
50464,0.662031460158,1
50465,0.629667336741,1
50466,0.586562889817,1
50467,0.533068400404,1
50468,0.46961858245,1
50469,0.396729050199,1
50470,0.314992128142,1
50471,0.225072037593,1
50472,0.127699499003,1
50473,0.0236657938843,1
50474,-0.086183665402,1
50475,-1.86821780012,0
50476,-1.64802703649,0
50477,-1.62159354173,0
50478,-1.49339476353,0
50479,-1.62905764328,0
50480,-1.70069137694,0
50481,-1.67219144813,0
50482,-1.26233371962,0
50483,-1.20586553774,0
50484,-1.55126391865,0
50485,-1.10133592349,0
50486,-1.1606361583,0
50487,-1.02507203895,0
50488,-1.067976135,0
50489,-0.943945115259,0
50490,-0.924361995072,0
50491,-1.26917877079,0
50492,-1.05018549144,0
50493,-0.957457557411,0
50494,-1.1200370227,0
50495,-0.997641516603,0
50496,-1.05530583986,0
50497,-0.703676898748,0
50498,-0.570643105351,0
50499,-0.700850902964,0
50500,-0.818982683407,0
50501,-0.58617306966,0
50502,-0.565045436653,0
50503,-0.681938717712,0
50504,-0.67671557818,0
50505,-0.323461152042,0
50506,-0.210964662408,0
50507,-0.495417194484,0
50508,-0.119642670371,0
50509,-0.488169230948,0
50510,-0.0333860848351,0
50511,-0.281573185608,0
50512,-0.150361588259,0
50513,-0.255057913439,0
50514,-0.0731912511825,0
50515,0.0468949621358,0
50516,0.15390959876,0
50517,-0.121670411901,0
50518,0.250550235543,0
50519,0.0207693553998,0
50520,0.0392012805359,0
50521,0.0185444925074,0
50522,0.292510093174,0
50523,0.0981631728643,0
50524,0.128069333323,0
50525,0.146839081128,0
50526,0.21049240376,0
50527,0.330499492097,0
50528,0.601459667264,0
50529,0.454654976416,0
50530,0.330671757843,0
50531,0.673868900068,0
50532,0.656868007007,0
50533,0.348151415617,0
50534,0.64464270907,0
50535,0.778394780695,0
50536,0.780520142745,0
50537,0.480644849712,0
50538,0.828763564834,0
50539,0.475080727671,0
50540,0.804672750779,0
50541,0.867367805209,0
50542,0.697973636761,0
50543,0.723668442149,0
50544,0.499745150279,0
50545,0.585233824013,0
50546,0.910625544795,0
50547,0.848849432767,0
50548,0.772162986819,0
50549,0.50889421243,0
50550,0.526333826969,0
50551,0.764782216261,0
50552,0.900793642219,0
50553,0.827504240385,0
50554,0.692326516497,0
50555,0.65858047067,0
50556,0.73205338958,0
50557,0.699352173927,0
50558,0.615405104111,0
50559,0.435669532758,0
50560,0.677434573641,0
50561,0.409044007318,0
50562,0.576258703441,0
50563,0.376120333282,0
50564,0.677501324688,0
50565,0.384791778004,0
50566,0.585125567507,0
50567,0.378058639512,0
50568,0.379948619731,0
50569,0.586454798141,0
50570,0.223673775984,0
50571,0.331808506828,0
50572,0.168905219244,0
50573,0.469466423849,0
50574,0.180595029422,0
50575,0.0673320914347,0
50576,0.327507299269,0
50577,0.411289173003,0
50578,0.114070966083,0
50579,0.312376240072,0
50580,0.108351729694,0
50581,0.263578409152,0
50582,0.192434642883,0
50583,-0.224376499651,0
50584,0.0705316736548,0
50585,0.116906370544,0
50586,-0.309437857744,0
50587,-0.352026918714,0
50588,-0.0358463630028,0
50589,-0.0581584588249,0
50590,-0.370972525559,0
50591,-0.345428025188,0
50592,-0.581979145012,0
50593,-0.562781836617,0
50594,-0.311614484385,0
50595,-0.311124380716,0
50596,-0.484997526191,0
50597,-0.403517351348,0
50598,-0.777068677632,0
50599,-0.484352778422,0
50600,-0.612006458921,0
50601,-0.546284164385,0
50602,-0.332023168123,0
50603,-0.529535949659,0
50604,-0.706701378477,0
50605,-0.857351302568,0
50606,-0.581387445865,0
50607,-0.948418915698,0
50608,-0.877171035866,0
50609,-0.835483580444,0
50610,-0.693817628879,0
50611,-0.949298628271,0
50612,-0.862934803989,0
50613,-1.08285252608,0
50614,-1.18796268141,0
50615,-0.912066189847,0
50616,-1.16019275546,0
50617,-1.37405194394,0
50618,-1.36966615779,0
50619,-1.20372898172,0
50620,-1.09153037889,0
50621,-1.45809184136,0
50622,-1.35901917245,0
50623,-1.5889626935,0
50624,-1.62107529065,0
50625,-1.27108745343,0
50626,-1.3346661374,0
50627,-1.29388603253,0
50628,-1.36576508172,0
50629,-1.40165361437,0
50630,-1.59277747868,0
50631,-1.71011257081,0
50632,-1.71927378063,0
50633,-1.50469991295,0
50634,-1.88460280069,0
50635,-1.9058003638,0
50636,-1.51086691006,0
50637,-1.8029374196,0
50638,-1.85892465329,0
50639,-1.96549273386,0
50640,-1.99095831116,0
50641,-1.58734174291,0
50642,-1.95934006788,0
50643,-2.00254262593,0
50644,-1.71925148836,0
50645,-1.69950751023,0
50646,-1.81010783091,0
50647,-1.68197058344,0
50648,-1.88379709047,0
50649,-2.02165166798,0
50650,-1.89240192229,0
50651,-1.64002125009,0
50652,-2.05611657416,0
50653,-1.91063729221,0
50654,-2.02758656859,0
50655,-1.76840582547,0
50656,-2.03012551586,0
50657,-1.63885868766,0
50658,-1.75638004383,0
50659,-1.9089225487,0
50660,-1.9864440858,0
50661,-1.66942865977,0
50662,-1.55173172644,0
50663,-1.53980053635,0
50664,-1.56358553775,0
50665,-1.58882830978,0
50666,-1.73142902642,0
50667,-1.56024657111,0
50668,-1.43744967202,0
50669,-1.64817914967,0
50670,-1.74736821476,0
50671,-1.43035750945,0
50672,-1.40511234462,0
50673,-1.40525358194,0
50674,-1.56056222355,0
50675,-1.62581913726,0
50676,-1.40562837363,0
50677,-1.37919487887,0
50678,-1.25099610067,0
50679,-1.38665898043,0
50680,-1.45829271408,0
50681,-1.42979278528,0
50682,-1.01993505676,0
50683,-0.963466874881,0
50684,-1.30886525579,0
50685,-0.85893726063,0
50686,-0.918237495444,0
50687,-0.782673376098,0
50688,-0.825577472142,0
50689,-0.701546452402,0
50690,-0.681963332216,0
50691,-1.02678010794,0
50692,-0.80778682858,0
50693,-0.715058894555,0
50694,-0.877638359848,0
50695,-0.755242853747,0
50696,-0.812907177008,0
50697,-0.461278235891,0
50698,-0.328244442494,0
50699,-0.458452240107,0
50700,-0.576584020551,0
50701,-0.343774406803,0
50702,-0.322646773797,0
50703,-0.439540054855,0
50704,-0.434316915323,0
50705,-0.0810624891853,0
50706,0.031434000449,0
50707,-0.253018531628,0
50708,0.122755992485,0
50709,-0.245770568091,0
50710,0.209012578021,0
50711,-0.0391745227516,0
50712,0.0920370745975,0
50713,-0.0126592505826,0
50714,0.169207411674,0
50715,0.289293624992,0
50716,0.396308261617,0
50717,0.120728250955,0
50718,0.492948898399,0
50719,0.263168018256,0
50720,0.281599943392,0
50721,0.260943155364,0
50722,0.534908756031,0
50723,0.340561835721,0
50724,0.370467996179,0
50725,0.389237743985,0
50726,0.452891066617,0
50727,0.572898154954,0
50728,0.84385833012,0
50729,0.697053639273,0
50730,0.573070420699,0
50731,0.916267562925,0
50732,0.899266669863,0
50733,0.590550078473,0
50734,0.887041371926,0
50735,1.02079344355,0
50736,1.0229188056,0
50737,0.723043512568,0
50738,1.07116222769,0
50739,0.717479390528,0
50740,1.04707141364,0
50741,1.10976646807,0
50742,0.940372299617,0
50743,0.966067105006,0
50744,0.742143813135,0
50745,0.827632486869,0
50746,1.15302420765,0
50747,1.09124809562,0
50748,1.01456164968,0
50749,0.751292875287,0
50750,0.768732489826,0
50751,1.00718087912,0
50752,1.14319230508,0
50753,1.06990290324,0
50754,0.934725179353,0
50755,0.900979133527,0
50756,0.974452052437,0
50757,0.941750836784,0
50758,0.857803766968,0
50759,0.678068195615,0
50760,0.919833236498,0
50761,0.651442670174,0
50762,0.818657366297,0
50763,0.618518996138,0
50764,0.919899987545,0
50765,0.627190440861,0
50766,0.827524230363,0
50767,0.620457302368,0
50768,0.622347282587,0
50769,0.828853460997,0
50770,0.46607243884,0
50771,0.574207169685,0
50772,0.4113038821,0
50773,0.711865086706,0
50774,0.422993692279,0
50775,0.309730754291,0
50776,0.569905962125,0
50777,0.65368783586,0
50778,0.356469628939,0
50779,0.554774902928,0
50780,0.350750392551,0
50781,0.505977072008,0
50782,0.434833305739,0
50783,0.0180221632057,0
50784,0.312930336511,0
50785,0.359305033401,0
50786,-0.0670391948876,0
50787,-0.109628255858,0
50788,0.206552299854,0
50789,0.184240204032,0
50790,-0.128573862702,0
50791,-0.103029362332,0
50792,-0.339580482156,0
50793,-0.32038317376,0
50794,-0.0692158215287,0
50795,-0.068725717859,0
50796,-0.242598863335,0
50797,-0.161118688491,0
50798,-0.534670014776,0
50799,-0.241954115566,0
50800,-0.468636809997,0
50801,-0.402914515461,0
50802,-0.188653519199,0
50803,-0.386166300734,0
50804,-0.563331729553,0
50805,-0.713981653643,0
50806,-0.438017796941,0
50807,-0.805049266774,0
50808,-0.733801386942,0
50809,-0.69211393152,0
50810,-0.550447979955,0
50811,-0.805928979347,0
50812,-0.719565155064,0
50813,-0.93948287716,0
50814,-1.04459303248,0
50815,-0.768696540922,0
50816,-1.01682310654,0
50817,-1.23068229501,0
50818,-1.22629650887,0
50819,-1.0603593328,0
50820,-0.948160729962,0
50821,-1.31472219244,0
50822,-1.21564952353,0
50823,-1.44559304457,0
50824,-1.47770564173,0
50825,-1.1277178045,0
50826,-1.19129648848,0
50827,-1.1505163836,0
50828,-1.2223954328,0
50829,-1.25828396545,0
50830,-1.44940782976,0
50831,-1.56674292189,0
50832,-1.57590413171,0
50833,-1.36133026403,0
50834,-1.74123315177,0
50835,-1.76243071487,0
50836,-1.36749726113,0
50837,-1.65956777067,0
50838,-1.71555500436,0
50839,-1.82212308494,0
50840,-1.84758866223,0
50841,-1.44397209398,0
50842,-1.81597041896,0
50843,-1.85917297701,0
50844,-1.57588183944,0
50845,-1.55613786131,0
50846,-1.66673818199,0
50847,-1.53860093451,0
50848,-1.74042744154,0
50849,-1.87828201905,0
50850,-1.74903227337,0
50851,-1.49665160116,0
50852,-1.91274692523,0
50853,-1.76726764328,0
50854,-1.88421691966,0
50855,-1.62503617654,0
50856,-1.88675586694,0
50857,-1.49548903873,0
50858,-1.6130103949,0
50859,-1.76555289977,0
50860,-1.84307443688,0
50861,-1.52605901084,0
50862,-1.40836207751,0
50863,-1.39643088742,0
50864,-1.42021588882,0
50865,-1.44545866086,0
50866,-1.5880593775,0
50867,-1.41687692218,0
50868,-1.2940800231,0
50869,-1.50480950074,0
50870,-1.60399856584,0
50871,-1.28698786052,0
50872,-1.26174269569,0
50873,-1.26188393302,0
50874,-1.41719257463,0
50875,-1.48244948833,0
50876,-1.26225872471,0
50877,-1.23582522995,0
50878,-1.10762645175,0
50879,-1.2432893315,0
50880,-1.31492306516,0
50881,-1.28642313635,0
50882,-0.876565407839,0
50883,-0.820097225957,0
50884,-1.16549560687,0
50885,-0.715567611705,0
50886,-0.77486784652,0
50887,-0.639303727173,0
50888,-0.682207823218,0
50889,-0.558176803478,0
50890,-0.538593683291,0
50891,-0.883410459011,0
50892,-0.664417179655,0
50893,-0.57168924563,0
50894,-0.734268710923,0
50895,-0.611873204822,0
50896,-0.669537528083,0
50897,-0.317908586967,0
50898,-0.18487479357,0
50899,-0.315082591183,0
50900,-0.433214371626,0
50901,-0.200404757879,0
50902,-0.179277124872,0
50903,-0.296170405931,0
50904,-0.290947266399,0
50905,0.0623071597391,0
50906,0.174803649373,0
50907,-0.109648882703,0
50908,0.26612564141,0
50909,-0.102400919167,0
50910,0.352382226946,0
50911,0.104195126173,0
50912,0.235406723522,0
50913,0.130710398342,0
50914,0.312577060598,0
50915,0.432663273917,0
50916,0.539677910541,0
50917,0.264097899879,0
50918,0.636318547324,0
50919,0.406537667181,0
50920,0.424969592317,0
50921,0.404312804288,0
50922,0.678278404955,0
50923,0.483931484645,0
50924,0.513837645104,0
50925,0.532607392909,0
50926,0.596260715541,0
50927,0.716267803878,0
50928,0.987227979045,0
50929,0.840423288197,0
50930,0.716440069624,0
50931,1.05963721185,0
50932,1.04263631879,0
50933,0.733919727398,0
50934,1.03041102085,0
50935,1.16416309248,0
50936,1.16628845453,0
50937,0.866413161493,0
50938,1.21453187661,0
50939,0.860849039452,0
50940,1.19044106256,0
50941,1.25313611699,0
50942,1.08374194854,0
50943,1.10943675393,0
50944,0.885513462059,0
50945,0.971002135794,0
50946,1.29639385658,0
50947,1.23461774455,0
50948,1.1579312986,0
50949,0.894662524211,0
50950,0.91210213875,0
50951,1.15055052804,0
50952,1.286561954,0
50953,1.21327255217,0
50954,1.07809482828,0
50955,1.04434878245,0
50956,1.11782170136,0
50957,1.08512048571,0
50958,1.00117341589,0
50959,0.821437844539,0
50960,1.06320288542,0
50961,0.794812319099,0
50962,0.962027015222,0
50963,0.761888645063,0
50964,1.06326963647,0
50965,0.770560089785,0
50966,0.970893879288,0
50967,0.763826951293,0
50968,0.765716931512,0
50969,0.972223109922,0
50970,0.609442087764,0
50971,0.717576818609,0
50972,0.554673531025,0
50973,0.85523473563,0
50974,0.566363341203,0
50975,0.453100403216,0
50976,0.71327561105,0
50977,0.797057484784,0
50978,0.499839277864,0
50979,0.698144551853,0
50980,0.494120041475,0
50981,0.649346720933,0
50982,0.578202954664,0
50983,0.16139181213,0
50984,0.456299985436,0
50985,0.502674682325,0
50986,0.0763304540368,0
50987,0.0337413930665,0
50988,0.349921948778,0
50989,0.327609852956,0
50990,0.0147957862223,0
50991,0.0403402865927,0
50992,-0.196210833231,0
50993,-0.177013524836,0
50994,0.0741538273958,0
50995,0.0746439310654,0
50996,-0.0992292144102,0
50997,-0.0177490395668,0
50998,-0.391300365851,0
50999,-0.0985844666414,0
51000,-0.248572757716,0
51001,-0.18285046318,0
51002,0.0314105330817,0
51003,-0.166102248454,0
51004,-0.343267677272,0
51005,-0.493917601363,0
51006,-0.21795374466,0
51007,-0.584985214493,0
51008,-0.513737334661,0
51009,-0.472049879239,0
51010,-0.330383927674,0
51011,-0.585864927067,0
51012,-0.499501102784,0
51013,-0.719418824879,0
51014,-0.824528980203,0
51015,-0.548632488642,0
51016,-0.796759054255,0
51017,-1.01061824273,0
51018,-1.00623245659,0
51019,-0.840295280518,0
51020,-0.728096677682,0
51021,-1.09465814016,0
51022,-0.995585471246,0
51023,-1.22552899229,0
51024,-1.25764158945,0
51025,-0.907653752222,0
51026,-0.971232436199,0
51027,-0.930452331321,0
51028,-1.00233138052,0
51029,-1.03821991317,0
51030,-1.22934377748,0
51031,-1.3466788696,0
51032,-1.35584007943,0
51033,-1.14126621175,0
51034,-1.52116909949,0
51035,-1.54236666259,0
51036,-1.14743320885,0
51037,-1.43950371839,0
51038,-1.49549095208,0
51039,-1.60205903266,0
51040,-1.62752460995,0
51041,-1.2239080417,0
51042,-1.59590636668,0
51043,-1.63910892473,0
51044,-1.35581778716,0
51045,-1.33607380903,0
51046,-1.44667412971,0
51047,-1.31853688223,0
51048,-1.52036338926,0
51049,-1.65821796677,0
51050,-1.52896822109,0
51051,-1.27658754888,0
51052,-1.69268287295,0
51053,-1.547203591,0
51054,-1.66415286738,0
51055,-1.40497212426,0
51056,-1.66669181466,0
51057,-1.27542498645,0
51058,-1.39294634262,0
51059,-1.54548884749,0
51060,-1.6230103846,0
51061,-1.30599495856,0
51062,-1.18829802523,0
51063,-1.17636683514,0
51064,-1.20015183654,0
51065,-1.22539460858,0
51066,-1.36799532522,0
51067,-1.1968128699,0
51068,-1.07401597082,0
51069,-1.28474544846,0
51070,-1.38393451356,0
51071,-1.06692380824,0
51072,-1.04167864341,0
51073,-1.04181988074,0
51074,-1.19712852235,0
51075,-1.26238543605,0
51076,-1.04219467243,0
51077,-1.01576117767,0
51078,-0.88756239947,0
51079,-1.02322527922,0
51080,-1.09485901288,0
51081,-1.06635908407,0
51082,-0.656501355559,0
51083,-0.600033173676,0
51084,-0.945431554585,0
51085,-0.495503559425,0
51086,-0.554803794239,0
51087,-0.419239674893,0
51088,-0.462143770937,0
51089,-0.338112751197,0
51090,-0.318529631011,0
51091,-0.66334640673,0
51092,-0.444353127375,0
51093,-0.35162519335,0
51094,-0.514204658643,0
51095,-0.391809152542,0
51096,-0.449473475803,0
51097,-0.0978445346862,0
51098,0.0351892587105,0
51099,-0.0950185389025,0
51100,-0.213150319346,0
51101,0.0196592944015,0
51102,0.0407869274082,0
51103,-0.0761063536501,0
51104,-0.0708832141181,0
51105,0.28237121202,0
51106,0.394867701654,0
51107,0.110415169577,0
51108,0.48618969369,0
51109,0.117663133114,0
51110,0.572446279226,0
51111,0.324259178453,0
51112,0.455470775802,0
51113,0.350774450622,0
51114,0.532641112879,0
51115,0.652727326197,0
51116,0.759741962822,0
51117,0.48416195216,0
51118,0.856382599604,0
51119,0.626601719461,0
51120,0.645033644597,0
51121,0.624376856569,0
51122,0.898342457236,0
51123,0.703995536926,0
51124,0.733901697384,0
51125,0.752671445189,0
51126,0.816324767822,0
51127,0.936331856159,0
51128,1.20729203133,0
51129,1.06048734048,0
51130,0.936504121904,0
51131,1.27970126413,0
51132,1.26270037107,0
51133,0.953983779678,0
51134,1.25047507313,0
51135,1.38422714476,0
51136,1.38635250681,0
51137,1.08647721377,0
51138,1.4345959289,0
51139,1.08091309173,0
51140,1.41050511484,0
51141,1.47320016927,0
51142,1.30380600082,0
51143,1.32950080621,0
51144,1.10557751434,0
51145,1.19106618807,0
51146,1.51645790886,0
51147,1.45468179683,0
51148,1.37799535088,0
51149,1.11472657649,0
51150,1.13216619103,0
51151,1.37061458032,0
51152,1.50662600628,0
51153,1.43333660445,0
51154,1.29815888056,0
51155,1.26441283473,0
51156,1.33788575364,0
51157,1.30518453799,0
51158,1.22123746817,0
51159,1.04150189682,0
51160,1.2832669377,0
51161,1.01487637138,0
51162,1.1820910675,0
51163,0.981952697343,0
51164,1.28333368875,0
51165,0.990624142066,0
51166,1.19095793157,0
51167,0.983891003573,0
51168,0.985780983792,0
51169,1.1922871622,0
51170,0.829506140045,0
51171,0.93764087089,0
51172,0.774737583305,0
51173,1.07529878791,0
51174,0.786427393484,0
51175,0.673164455496,0
51176,0.93333966333,0
51177,1.01712153706,0
51178,0.719903330144,0
51179,0.918208604133,0
51180,0.714184093756,0
51181,0.869410773213,0
51182,0.798267006944,0
51183,0.381455864411,0
51184,0.676364037716,0
51185,0.722738734605,0
51186,0.296394506317,0
51187,0.253805445347,0
51188,0.569986001059,0
51189,0.547673905237,0
51190,0.234859838503,0
51191,0.260404338873,0
51192,0.0238532190494,0
51193,0.0430505274447,0
51194,0.294217879676,0
51195,0.294707983346,0
51196,0.12083483787,0
51197,0.202315012714,0
51198,-0.171236313571,0
51199,0.121479585639,0
51200,-0.349732141519,0
51201,-0.284009846982,0
51202,-0.0697488507205,0
51203,-0.267261632256,0
51204,-0.444427061075,0
51205,-0.595076985165,0
51206,-0.319113128463,0
51207,-0.686144598295,0
51208,-0.614896718463,0
51209,-0.573209263042,0
51210,-0.431543311476,0
51211,-0.687024310869,0
51212,-0.600660486586,0
51213,-0.820578208682,0
51214,-0.925688364005,0
51215,-0.649791872444,0
51216,-0.897918438057,0
51217,-1.11177762653,0
51218,-1.10739184039,0
51219,-0.94145466432,0
51220,-0.829256061484,0
51221,-1.19581752396,0
51222,-1.09674485505,0
51223,-1.3266883761,0
51224,-1.35880097325,0
51225,-1.00881313602,0
51226,-1.07239182,0
51227,-1.03161171512,0
51228,-1.10349076432,0
51229,-1.13937929697,0
51230,-1.33050316128,0
51231,-1.44783825341,0
51232,-1.45699946323,0
51233,-1.24242559555,0
51234,-1.62232848329,0
51235,-1.64352604639,0
51236,-1.24859259265,0
51237,-1.5406631022,0
51238,-1.59665033588,0
51239,-1.70321841646,0
51240,-1.72868399376,0
51241,-1.3250674255,0
51242,-1.69706575048,0
51243,-1.74026830853,0
51244,-1.45697717096,0
51245,-1.43723319283,0
51246,-1.54783351351,0
51247,-1.41969626603,0
51248,-1.62152277306,0
51249,-1.75937735058,0
51250,-1.63012760489,0
51251,-1.37774693268,0
51252,-1.79384225675,0
51253,-1.6483629748,0
51254,-1.76531225119,0
51255,-1.50613150807,0
51256,-1.76785119846,0
51257,-1.37658437025,0
51258,-1.49410572642,0
51259,-1.64664823129,0
51260,-1.7241697684,0
51261,-1.40715434237,0
51262,-1.28945740904,0
51263,-1.27752621894,0
51264,-1.30131122034,0
51265,-1.32655399238,0
51266,-1.46915470902,0
51267,-1.29797225371,0
51268,-1.17517535462,0
51269,-1.38590483226,0
51270,-1.48509389736,0
51271,-1.16808319204,0
51272,-1.14283802721,0
51273,-1.14297926454,0
51274,-1.29828790615,0
51275,-1.36354481986,0
51276,-1.14335405623,0
51277,-1.11692056147,0
51278,-0.988721783272,0
51279,-1.12438466302,0
51280,-1.19601839668,0
51281,-1.16751846788,0
51282,-0.757660739361,0
51283,-0.701192557479,0
51284,-1.04659093839,0
51285,-0.596662943227,0
51286,-0.655963178042,0
51287,-0.520399058695,0
51288,-0.563303154739,0
51289,-0.439272135,0
51290,-0.419689014813,0
51291,-0.764505790533,0
51292,-0.545512511177,0
51293,-0.452784577152,0
51294,-0.615364042445,0
51295,-0.492968536344,0
51296,-0.550632859605,0
51297,-0.199003918488,0
51298,-0.0659701250917,0
51299,-0.196177922705,0
51300,-0.314309703148,0
51301,-0.0815000894007,0
51302,-0.060372456394,0
51303,-0.177265737452,0
51304,-0.17204259792,0
51305,0.181211828217,0
51306,0.293708317852,0
51307,0.00925578577502,0
51308,0.385030309888,0
51309,0.0165037493117,0
51310,0.471286895424,0
51311,0.223099794651,0
51312,0.354311392,0
51313,0.24961506682,0
51314,0.431481729077,0
51315,0.551567942395,0
51316,0.658582579019,0
51317,0.383002568358,0
51318,0.755223215802,0
51319,0.525442335659,0
51320,0.543874260795,0
51321,0.523217472767,0
51322,0.797183073434,0
51323,0.602836153124,0
51324,0.632742313582,0
51325,0.651512061387,0
51326,0.715165384019,0
51327,0.835172472357,0
51328,1.10613264752,0
51329,0.959327956675,0
51330,0.835344738102,0
51331,1.17854188033,0
51332,1.16154098727,0
51333,0.852824395876,0
51334,1.14931568933,0
51335,1.28306776095,0
51336,1.285193123,0
51337,0.985317829971,0
51338,1.33343654509,0
51339,0.979753707931,0
51340,1.30934573104,0
51341,1.37204078547,0
51342,1.20264661702,0
51343,1.22834142241,0
51344,1.00441813054,0
51345,1.08990680427,0
51346,1.41529852505,0
51347,1.35352241303,0
51348,1.27683596708,0
51349,1.01356719269,0
51350,1.03100680723,0
51351,1.26945519652,0
51352,1.40546662248,0
51353,1.33217722064,0
51354,1.19699949676,0
51355,1.16325345093,0
51356,1.23672636984,0
51357,1.20402515419,0
51358,1.12007808437,0
51359,0.940342513017,0
51360,1.1821075539,0
51361,0.913716987577,0
51362,1.0809316837,0
51363,0.880793313541,0
51364,1.18217430495,0
51365,0.889464758263,0
51366,1.08979854777,0
51367,0.882731619771,0
51368,0.88462159999,0
51369,1.0911277784,0
51370,0.728346756243,0
51371,0.836481487088,0
51372,0.673578199503,0
51373,0.974139404108,0
51374,0.685268009682,0
51375,0.572005071694,0
51376,0.832180279528,0
51377,0.915962153263,0
51378,0.618743946342,0
51379,0.817049220331,0
51380,0.613024709953,0
51381,0.768251389411,0
51382,0.697107623142,0
51383,0.280296480608,0
51384,0.575204653914,0
51385,0.621579350803,0
51386,0.195235122515,0
51387,0.152646061545,0
51388,0.468826617256,0
51389,0.446514521434,0
51390,0.133700454701,0
51391,0.159244955071,0
51392,-0.0773061647528,0
51393,-0.0581088563575,0
51394,0.193058495874,0
51395,0.193548599544,0
51396,0.0196754540681,0
51397,0.101155628912,0
51398,-0.272395697373,0
51399,0.020320201837,0
51400,-0.359158864989,0
51401,-0.293436570452,0
51402,-0.0791755741905,0
51403,-0.276688355726,0
51404,-0.453853784545,0
51405,-0.604503708635,0
51406,-0.328539851933,0
51407,-0.695571321765,0
51408,-0.624323441933,0
51409,-0.582635986512,0
51410,-0.440970034946,0
51411,-0.696451034339,0
51412,-0.610087210056,0
51413,-0.830004932152,0
51414,-0.935115087475,0
51415,-0.659218595914,0
51416,-0.907345161527,0
51417,-1.12120435,0
51418,-1.11681856386,0
51419,-0.95088138779,0
51420,-0.838682784954,0
51421,-1.20524424743,0
51422,-1.10617157852,0
51423,-1.33611509957,0
51424,-1.36822769672,0
51425,-1.01823985949,0
51426,-1.08181854347,0
51427,-1.04103843859,0
51428,-1.11291748779,0
51429,-1.14880602044,0
51430,-1.33992988475,0
51431,-1.45726497688,0
51432,-1.4664261867,0
51433,-1.25185231902,0
51434,-1.63175520676,0
51435,-1.65295276986,0
51436,-1.25801931612,0
51437,-1.55008982567,0
51438,-1.60607705935,0
51439,-1.71264513993,0
51440,-1.73811071723,0
51441,-1.33449414897,0
51442,-1.70649247395,0
51443,-1.749695032,0
51444,-1.46640389443,0
51445,-1.4466599163,0
51446,-1.55726023698,0
51447,-1.4291229895,0
51448,-1.63094949653,0
51449,-1.76880407405,0
51450,-1.63955432836,0
51451,-1.38717365615,0
51452,-1.80326898022,0
51453,-1.65778969827,0
51454,-1.77473897466,0
51455,-1.51555823154,0
51456,-1.77727792193,0
51457,-1.38601109372,0
51458,-1.50353244989,0
51459,-1.65607495476,0
51460,-1.73359649187,0
51461,-1.41658106584,0
51462,-1.29888413251,0
51463,-1.28695294241,0
51464,-1.31073794381,0
51465,-1.33598071585,0
51466,-1.47858143249,0
51467,-1.30739897718,0
51468,-1.18460207809,0
51469,-1.39533155573,0
51470,-1.49452062083,0
51471,-1.17750991551,0
51472,-1.15226475068,0
51473,-1.15240598801,0
51474,-1.30771462962,0
51475,-1.37297154333,0
51476,-1.1527807797,0
51477,-1.12634728494,0
51478,-0.998148506742,0
51479,-1.13381138649,0
51480,-1.20544512015,0
51481,-1.17694519135,0
51482,-0.767087462831,0
51483,-0.710619280949,0
51484,-1.05601766186,0
51485,-0.606089666697,0
51486,-0.665389901512,0
51487,-0.529825782165,0
51488,-0.572729878209,0
51489,-0.44869885847,0
51490,-0.429115738283,0
51491,-0.773932514003,0
51492,-0.554939234647,0
51493,-0.462211300622,0
51494,-0.624790765915,0
51495,-0.502395259814,0
51496,-0.560059583075,0
51497,-0.208430641958,0
51498,-0.0753968485617,0
51499,-0.205604646175,0
51500,-0.323736426618,0
51501,-0.0909268128707,0
51502,-0.069799179864,0
51503,-0.186692460922,0
51504,-0.18146932139,0
51505,0.171785104747,0
51506,0.284281594382,0
51507,-0.00017093769499,0
51508,0.375603586418,0
51509,0.00707702584173,0
51510,0.461860171954,0
51511,0.213673071181,0
51512,0.34488466853,0
51513,0.24018834335,0
51514,0.422055005607,0
51515,0.542141218925,0
51516,0.649155855549,0
51517,0.373575844888,0
51518,0.745796492332,0
51519,0.516015612189,0
51520,0.534447537325,0
51521,0.513790749297,0
51522,0.787756349964,0
51523,0.593409429654,0
51524,0.623315590112,0
51525,0.642085337917,0
51526,0.705738660549,0
51527,0.825745748887,0
51528,1.09670592405,0
51529,0.949901233205,0
51530,0.825918014632,0
51531,1.16911515686,0
51532,1.1521142638,0
51533,0.843397672406,0
51534,1.13988896586,0
51535,1.27364103748,0
51536,1.27576639953,0
51537,0.975891106501,0
51538,1.32400982162,0
51539,0.970326984461,0
51540,1.29991900757,0
51541,1.362614062,0
51542,1.19321989355,0
51543,1.21891469894,0
51544,0.994991407068,0
51545,1.0804800808,0
51546,1.40587180158,0
51547,1.34409568956,0
51548,1.26740924361,0
51549,1.00414046922,0
51550,1.02158008376,0
51551,1.26002847305,0
51552,1.39603989901,0
51553,1.32275049717,0
51554,1.18757277329,0
51555,1.15382672746,0
51556,1.22729964637,0
51557,1.19459843072,0
51558,1.1106513609,0
51559,0.930915789547,0
51560,1.17268083043,0
51561,0.904290264107,0
51562,1.07150496023,0
51563,0.871366590071,0
51564,1.17274758148,0
51565,0.880038034793,0
51566,1.0803718243,0
51567,0.873304896301,0
51568,0.87519487652,0
51569,1.08170105493,0
51570,0.718920032773,0
51571,0.827054763618,0
51572,0.664151476033,0
51573,0.964712680638,0
51574,0.675841286212,0
51575,0.562578348224,0
51576,0.822753556058,0
51577,0.906535429793,0
51578,0.609317222872,0
51579,0.807622496861,0
51580,0.603597986483,0
51581,0.758824665941,0
51582,0.687680899672,0
51583,0.270869757138,0
51584,0.565777930444,0
51585,0.612152627333,0
51586,0.185808399045,0
51587,0.143219338075,0
51588,0.459399893786,0
51589,0.437087797964,0
51590,0.124273731231,0
51591,0.149818231601,0
51592,-0.0867328882228,0
51593,-0.0675355798275,0
51594,0.183631772404,0
51595,0.184121876074,0
51596,0.0102487305981,0
51597,0.0917289054415,0
51598,-0.281822420843,0
51599,0.010893478367,0
51600,-0.646895889687,0
51601,-0.58117359515,0
51602,-0.366912598889,0
51603,-0.564425380424,0
51604,-0.741590809243,0
51605,-0.892240733333,0
51606,-0.616276876631,0
51607,-0.983308346464,0
51608,-0.912060466631,0
51609,-0.87037301121,0
51610,-0.728707059644,0
51611,-0.984188059037,0
51612,-0.897824234754,0
51613,-1.11774195685,0
51614,-1.22285211217,0
51615,-0.946955620612,0
51616,-1.19508218623,0
51617,-1.4089413747,0
51618,-1.40455558856,0
51619,-1.23861841249,0
51620,-1.12641980965,0
51621,-1.49298127213,0
51622,-1.39390860322,0
51623,-1.62385212426,0
51624,-1.65596472142,0
51625,-1.30597688419,0
51626,-1.36955556817,0
51627,-1.32877546329,0
51628,-1.40065451249,0
51629,-1.43654304514,0
51630,-1.62766690945,0
51631,-1.74500200158,0
51632,-1.7541632114,0
51633,-1.53958934372,0
51634,-1.91949223146,0
51635,-1.94068979456,0
51636,-1.54575634082,0
51637,-1.83782685036,0
51638,-1.89381408405,0
51639,-2.00038216463,0
51640,-2.02584774192,0
51641,-1.62223117367,0
51642,-1.99422949865,0
51643,-2.0374320567,0
51644,-1.75414091913,0
51645,-1.734396941,0
51646,-1.84499726168,0
51647,-1.7168600142,0
51648,-1.91868652123,0
51649,-2.05654109874,0
51650,-1.92729135306,0
51651,-1.67491068085,0
51652,-2.09100600492,0
51653,-1.94552672297,0
51654,-2.06247599935,0
51655,-1.80329525623,0
51656,-2.06501494663,0
51657,-1.67374811842,0
51658,-1.79126947459,0
51659,-1.94381197946,0
51660,-2.02133351657,0
51661,-1.70431809053,0
51662,-1.5866211572,0
51663,-1.57468996711,0
51664,-1.59847496851,0
51665,-1.62371774055,0
51666,-1.76631845719,0
51667,-1.59513600187,0
51668,-1.47233910279,0
51669,-1.68306858043,0
51670,-1.78225764553,0
51671,-1.46524694021,0
51672,-1.44000177538,0
51673,-1.44014301271,0
51674,-1.59545165432,0
51675,-1.66070856802,0
51676,-1.4405178044,0
51677,-1.41408430964,0
51678,-1.28588553144,0
51679,-1.42154841119,0
51680,-1.49318214485,0
51681,-1.46468221604,0
51682,-1.05482448753,0
51683,-0.998356305647,0
51684,-1.34375468656,0
51685,-0.893826691395,0
51686,-0.95312692621,0
51687,-0.817562806863,0
51688,-0.860466902908,0
51689,-0.736435883168,0
51690,-0.716852762981,0
51691,-1.0616695387,0
51692,-0.842676259345,0
51693,-0.74994832532,0
51694,-0.912527790613,0
51695,-0.790132284512,0
51696,-0.847796607773,0
51697,-0.496167666656,0
51698,-0.36313387326,0
51699,-0.493341670873,0
51700,-0.611473451316,0
51701,-0.378663837569,0
51702,-0.357536204562,0
51703,-0.47442948562,0
51704,-0.469206346088,0
51705,-0.115951919951,0
51706,-0.00345543031634,0
51707,-0.287907962393,0
51708,0.0878665617198,0
51709,-0.280659998856,0
51710,0.174123147256,0
51711,-0.0740639535169,0
51712,0.0571476438322,0
51713,-0.047548681348,0
51714,0.134317980909,0
51715,0.254404194227,0
51716,0.361418830851,0
51717,0.0858388201897,0
51718,0.458059467634,0
51719,0.228278587491,0
51720,0.246710512627,0
51721,0.226053724599,0
51722,0.500019325265,0
51723,0.305672404955,0
51724,0.335578565414,0
51725,0.354348313219,0
51726,0.418001635851,0
51727,0.538008724188,0
51728,0.808968899355,0
51729,0.662164208507,0
51730,0.538180989934,0
51731,0.881378132159,0
51732,0.864377239098,0
51733,0.555660647708,0
51734,0.852151941161,0
51735,0.985904012786,0
51736,0.988029374837,0
51737,0.688154081803,0
51738,1.03627279692,0
51739,0.682589959762,0
51740,1.01218198287,0
51741,1.0748770373,0
51742,0.905482868852,0
51743,0.93117767424,0
51744,0.70725438237,0
51745,0.792743056104,0
51746,1.11813477689,0
51747,1.05635866486,0
51748,0.97967221891,0
51749,0.716403444521,0
51750,0.73384305906,0
51751,0.972291448352,0
51752,1.10830287431,0
51753,1.03501347248,0
51754,0.899835748588,0
51755,0.866089702762,0
51756,0.939562621672,0
51757,0.906861406018,0
51758,0.822914336203,0
51759,0.643178764849,0
51760,0.884943805733,0
51761,0.616553239409,0
51762,0.783767935532,0
51763,0.583629565373,0
51764,0.88501055678,0
51765,0.592301010095,0
51766,0.792634799598,0
51767,0.585567871603,0
51768,0.587457851822,0
51769,0.793964030232,0
51770,0.431183008075,0
51771,0.53931773892,0
51772,0.376414451335,0
51773,0.67697565594,0
51774,0.388104261514,0
51775,0.274841323526,0
51776,0.53501653136,0
51777,0.618798405094,0
51778,0.321580198174,0
51779,0.519885472163,0
51780,0.315860961785,0
51781,0.471087641243,0
51782,0.399943874974,0
51783,-0.0168672675597,0
51784,0.278040905746,0
51785,0.324415602635,0
51786,-0.101928625653,0
51787,-0.144517686623,0
51788,0.171662869088,0
51789,0.149350773266,0
51790,-0.163463293467,0
51791,-0.137918793097,0
51792,-0.374469912921,0
51793,-0.355272604526,0
51794,-0.104105252294,0
51795,-0.103615148624,0
51796,-0.2774882941,0
51797,-0.196008119257,0
51798,-0.569559445541,0
51799,-0.276843546331,0
51800,-0.737989874271,0
51801,-0.672267579735,0
51802,-0.458006583473,0
51803,-0.655519365009,0
51804,-0.832684793827,0
51805,-0.983334717918,0
51806,-0.707370861215,0
51807,-1.07440233105,0
51808,-1.00315445122,0
51809,-0.961466995794,0
51810,-0.819801044229,0
51811,-1.07528204362,0
51812,-0.988918219339,0
51813,-1.20883594143,0
51814,-1.31394609676,0
51815,-1.0380496052,0
51816,-1.28617617081,0
51817,-1.50003535929,0
51818,-1.49564957314,0
51819,-1.32971239707,0
51820,-1.21751379424,0
51821,-1.58407525671,0
51822,-1.4850025878,0
51823,-1.71494610885,0
51824,-1.747058706,0
51825,-1.39707086878,0
51826,-1.46064955275,0
51827,-1.41986944788,0
51828,-1.49174849707,0
51829,-1.52763702972,0
51830,-1.71876089403,0
51831,-1.83609598616,0
51832,-1.84525719598,0
51833,-1.6306833283,0
51834,-2.01058621604,0
51835,-2.03178377915,0
51836,-1.63685032541,0
51837,-1.92892083495,0
51838,-1.98490806864,0
51839,-2.09147614921,0
51840,-2.11694172651,0
51841,-1.71332515826,0
51842,-2.08532348323,0
51843,-2.12852604128,0
51844,-1.84523490371,0
51845,-1.82549092558,0
51846,-1.93609124626,0
51847,-1.80795399879,0
51848,-2.00978050582,0
51849,-2.14763508333,0
51850,-2.01838533764,0
51851,-1.76600466544,0
51852,-2.18209998951,0
51853,-2.03662070756,0
51854,-2.15356998394,0
51855,-1.89438924082,0
51856,-2.15610893121,0
51857,-1.76484210301,0
51858,-1.88236345918,0
51859,-2.03490596405,0
51860,-2.11242750115,0
51861,-1.79541207512,0
51862,-1.67771514179,0
51863,-1.6657839517,0
51864,-1.6895689531,0
51865,-1.71481172513,0
51866,-1.85741244177,0
51867,-1.68622998646,0
51868,-1.56343308737,0
51869,-1.77416256502,0
51870,-1.87335163011,0
51871,-1.5563409248,0
51872,-1.53109575997,0
51873,-1.53123699729,0
51874,-1.6865456389,0
51875,-1.75180255261,0
51876,-1.53161178898,0
51877,-1.50517829422,0
51878,-1.37697951602,0
51879,-1.51264239578,0
51880,-1.58427612943,0
51881,-1.55577620063,0
51882,-1.14591847211,0
51883,-1.08945029023,0
51884,-1.43484867114,0
51885,-0.98492067598,0
51886,-1.04422091079,0
51887,-0.908656791447,0
51888,-0.951560887492,0
51889,-0.827529867752,0
51890,-0.807946747566,0
51891,-1.15276352329,0
51892,-0.93377024393,0
51893,-0.841042309905,0
51894,-1.0036217752,0
51895,-0.881226269097,0
51896,-0.938890592358,0
51897,-0.587261651241,0
51898,-0.454227857844,0
51899,-0.584435655457,0
51900,-0.702567435901,0
51901,-0.469757822153,0
51902,-0.448630189147,0
51903,-0.565523470205,0
51904,-0.560300330673,0
51905,-0.207045904535,0
51906,-0.094549414901,0
51907,-0.379001946978,0
51908,-0.00322742286487,0
51909,-0.371753983441,0
51910,0.0830291626714,0
51911,-0.165157938102,0
51912,-0.0339463407525,0
51913,-0.138642665933,0
51914,0.0432239963241,0
51915,0.163310209642,0
51916,0.270324846267,0
51917,-0.00525516439493,0
51918,0.366965483049,0
51919,0.137184602906,0
51920,0.155616528042,0
51921,0.134959740014,0
51922,0.408925340681,0
51923,0.214578420371,0
51924,0.244484580829,0
51925,0.263254328635,0
51926,0.326907651267,0
51927,0.446914739604,0
51928,0.71787491477,0
51929,0.571070223923,0
51930,0.447087005349,0
51931,0.790284147575,0
51932,0.773283254513,0
51933,0.464566663123,0
51934,0.761057956576,0
51935,0.894810028202,0
51936,0.896935390252,0
51937,0.597060097218,0
51938,0.94517881234,0
51939,0.591495975178,0
51940,0.921087998286,0
51941,0.983783052716,0
51942,0.814388884267,0
51943,0.840083689656,0
51944,0.616160397785,0
51945,0.701649071519,0
51946,1.0270407923,0
51947,0.965264680273,0
51948,0.888578234326,0
51949,0.625309459937,0
51950,0.642749074476,0
51951,0.881197463767,0
51952,1.01720888973,0
51953,0.943919487892,0
51954,0.808741764003,0
51955,0.774995718177,0
51956,0.848468637087,0
51957,0.815767421434,0
51958,0.731820351618,0
51959,0.552084780265,0
51960,0.793849821148,0
51961,0.525459254824,0
51962,0.692673950947,0
51963,0.492535580788,0
51964,0.793916572195,0
51965,0.501207025511,0
51966,0.701540815013,0
51967,0.494473887018,0
51968,-1.1198855897,1
51969,-1.02832244848,1
51970,-0.93472767995,1
51971,-0.839521285702,1
51972,-0.743130499421,1
51973,-0.645987869688,1
51974,-0.548529318942,1
51975,-0.451192187299,1
51976,-0.354413270017,1
51977,-0.258626857393,1
51978,-0.164262785914,1
51979,-0.0717445093842,1
51980,0.0185128012991,1
51981,0.106104121204,1
51982,0.190636388891,1
51983,0.271730270259,1
51984,0.349021860781,1
51985,0.422164318514,1
51986,0.490829420526,1
51987,0.554709035787,1
51988,0.613516507884,1
51989,0.66698794138,1
51990,0.714883386033,1
51991,0.756987913555,1
51992,0.793112582093,1
51993,0.8230952841,1
51994,0.846801473777,1
51995,0.864124770847,1
51996,0.874987437924,1
51997,0.879340729363,1
51998,0.877165109997,1
51999,0.868470342803,1
52000,0.840022522698,1
52001,0.818435591024,1
52002,0.790533495608,1
52003,0.756441445634,1
52004,0.716312427382,1
52005,0.67032651771,1
52006,0.618690075968,1
52007,0.56163481797,1
52008,0.499416776185,1
52009,0.432315150801,1
52010,0.36063105683,1
52011,0.284686172872,1
52012,0.204821297597,1
52013,0.12139482043,1
52014,0.034781113297,1
52015,-0.0546311493492,1
52016,-0.146440734685,1
52017,-0.240235652029,1
52018,-0.335595001624,1
52019,-0.432090863407,1
52020,-0.529290217277,1
52021,-0.626756886248,1
52022,-0.724053493773,1
52023,-0.820743426445,1
52024,-0.91639279328,1
52025,-1.01057237278,1
52026,-1.10285953903,1
52027,-1.19284015824,1
52028,-1.2801104471,1
52029,-1.3642787848,1
52030,-1.44496747035,1
52031,-1.52181441751,1
52032,-1.59447477965,1
52033,-1.66262249723,1
52034,-1.72595176094,1
52035,-1.78417838405,1
52036,-1.83704107765,1
52037,-1.88430262318,1
52038,-1.92575093696,1
52039,-1.96120002184,1
52040,-1.99049080193,1
52041,-2.01349183639,1
52042,-2.03009990929,1
52043,-2.04024049278,1
52044,-2.04386808153,1
52045,-2.04096639691,1
52046,-2.03154846009,1
52047,-2.01565653356,1
52048,-1.99336193151,1
52049,-1.96476469979,1
52050,-1.92999316697,1
52051,-1.88920336847,1
52052,-1.84257834638,1
52053,-1.79032732802,1
52054,-1.73268478709,1
52055,-1.66990939145,1
52056,-1.6022828424,1
52057,-1.53010861051,1
52058,-1.45371057384,1
52059,-1.37343156458,1
52060,-1.28963183054,1
52061,-1.20268741863,1
52062,-1.11298848732,1
52063,-1.02093755584,1
52064,-0.926947697895,1
52065,-0.831440688038,1
52066,-0.734845108946,1
52067,-0.637594428195,1
52068,-0.540125053099,1
52069,-0.442874372348,1
52070,-0.346278793256,1
52071,-0.250771783399,1
52072,-0.156781925458,1
52073,-0.0647309939754,1
52074,0.0249679373387,1
52075,0.11191234925,1
52076,0.195712083286,1
52077,0.27599109255,1
52078,0.352389129212,1
52079,0.424563361104,1
52080,0.492189910157,1
52081,0.554965305792,1
52082,0.612607846724,1
52083,0.664858865085,1
52084,0.711483887179,1
52085,0.752273685673,1
52086,0.787045218493,1
52087,0.815642450215,1
52088,0.837937052267,1
52089,0.853828978795,1
52090,0.863246915615,1
52091,0.866148600232,1
52092,0.862521011489,1
52093,0.852380427998,1
52094,0.835772355095,1
52095,0.812771320633,1
52096,0.783480540544,1
52097,0.748031455662,1
52098,0.706583141889,1
52099,0.659321596354,1
52100,0.606458902753,1
52101,0.548232279643,1
52102,0.484903015932,1
52103,0.416755298356,1
52104,0.344094936213,1
52105,0.267247989053,1
52106,0.186559303509,1
52107,0.10239096581,1
52108,0.0151206769432,1
52109,-0.0748599422637,1
52110,-0.167147108517,1
52111,-0.261326688014,1
52112,-0.356976054849,1
52113,-0.453665987521,1
52114,-0.550962595046,1
52115,-0.648429264017,1
52116,-0.745628617887,1
52117,-0.842124479671,1
52118,-0.937483829265,1
52119,-1.03127874661,1
52120,-1.12308833194,1
52121,-1.21250059459,1
52122,-1.29911430172,1
52123,-1.38254077889,1
52124,-1.46240565417,1
52125,-1.53835053812,1
52126,-1.61003463209,1
52127,-1.67713625748,1
52128,-1.73935429926,1
52129,-1.79640955726,1
52130,-1.848045999,1
52131,-1.89403190868,1
52132,-1.93416092693,1
52133,-1.9682529769,1
52134,-1.99615507232,1
52135,-2.01774200399,1
52136,-2.0329169017,1
52137,-2.0416116689,1
52138,-2.04378728826,1
52139,-2.03943399683,1
52140,-2.02857132975,1
52141,-2.01124803268,1
52142,-1.987541843,1
52143,-1.95755914099,1
52144,-1.92143447246,1
52145,-1.87932994493,1
52146,-1.83143450028,1
52147,-1.77796306679,1
52148,-1.71915559469,1
52149,-1.65527597943,1
52150,-1.58661087742,1
52151,-1.51346841968,1
52152,-1.43617682916,1
52153,-1.35508294779,1
52154,-1.27055068011,1
52155,-1.1829593602,1
52156,-1.09270204952,1
52157,-1.00018377299,1
52158,-0.905819701508,1
52159,-0.810033288885,1
52160,-0.713254371602,1
52161,-0.61591723996,1
52162,-0.518458689213,1
52163,-0.42131605948,1
52164,-0.324925273199,1
52165,-0.229718878951,1
52166,-0.136124110421,1
52167,-0.0445609692062,1
52168,0.483090944845,0
52169,0.689597123255,0
52170,0.326816101097,0
52171,0.434950831942,0
52172,0.272047544358,0
52173,0.572608748963,0
52174,0.283737354536,0
52175,0.170474416549,0
52176,0.430649624382,0
52177,0.514431498117,0
52178,0.217213291197,0
52179,0.415518565186,0
52180,0.211494054808,0
52181,0.366720734265,0
52182,0.295576967997,0
52183,-0.121234174537,0
52184,0.173673998769,0
52185,0.220048695658,0
52186,-0.20629553263,0
52187,-0.248884593601,0
52188,0.0672959621111,0
52189,0.0449838662889,0
52190,-0.267830200445,0
52191,-0.242285700074,0
52192,-0.478836819898,0
52193,-0.459639511503,0
52194,-0.208472159271,0
52195,-0.207982055602,0
52196,-0.381855201077,0
52197,-0.300375026234,0
52198,-0.673926352518,0
52199,-0.381210453308,0
52200,-0.800457149731,0
52201,-0.734734855195,0
52202,-0.520473858933,0
52203,-0.717986640469,0
52204,-0.895152069287,0
52205,-1.04580199338,0
52206,-0.769838136675,0
52207,-1.13686960651,0
52208,-1.06562172668,0
52209,-1.02393427125,0
52210,-0.882268319689,0
52211,-1.13774931908,0
52212,-1.0513854948,0
52213,-1.27130321689,0
52214,-1.37641337222,0
52215,-1.10051688066,0
52216,-1.34864344627,0
52217,-1.56250263475,0
52218,-1.5581168486,0
52219,-1.39217967253,0
52220,-1.2799810697,0
52221,-1.64654253217,0
52222,-1.54746986326,0
52223,-1.77741338431,0
52224,-1.80952598146,0
52225,-1.45953814424,0
52226,-1.52311682821,0
52227,-1.48233672334,0
52228,-1.55421577253,0
52229,-1.59010430518,0
52230,-1.78122816949,0
52231,-1.89856326162,0
52232,-1.90772447144,0
52233,-1.69315060376,0
52234,-2.0730534915,0
52235,-2.09425105461,0
52236,-1.69931760087,0
52237,-1.99138811041,0
52238,-2.0473753441,0
52239,-2.15394342467,0
52240,-2.17940900197,0
52241,-1.77579243372,0
52242,-2.14779075869,0
52243,-2.19099331674,0
52244,-1.90770217917,0
52245,-1.88795820104,0
52246,-1.99855852172,0
52247,-1.87042127425,0
52248,-2.07224778128,0
52249,-2.21010235879,0
52250,-2.0808526131,0
52251,-1.8284719409,0
52252,-2.24456726497,0
52253,-2.09908798302,0
52254,-2.2160372594,0
52255,-1.95685651628,0
52256,-2.21857620667,0
52257,-1.82730937847,0
52258,-1.94483073464,0
52259,-2.09737323951,0
52260,-2.17489477661,0
52261,-1.85787935058,0
52262,-1.74018241725,0
52263,-1.72825122715,0
52264,-1.75203622856,0
52265,-1.77727900059,0
52266,-1.91987971723,0
52267,-1.74869726192,0
52268,-1.62590036283,0
52269,-1.83662984048,0
52270,-1.93581890557,0
52271,-1.61880820026,0
52272,-1.59356303542,0
52273,-1.59370427275,0
52274,-1.74901291436,0
52275,-1.81426982807,0
52276,-1.59407906444,0
52277,-1.56764556968,0
52278,-1.43944679148,0
52279,-1.57510967124,0
52280,-1.64674340489,0
52281,-1.61824347609,0
52282,-1.20838574757,0
52283,-1.15191756569,0
52284,-1.4973159466,0
52285,-1.04738795144,0
52286,-1.10668818625,0
52287,-0.971124066907,0
52288,-1.01402816295,0
52289,-0.889997143212,0
52290,-0.870414023025,0
52291,-1.21523079875,0
52292,-0.99623751939,0
52293,-0.903509585364,0
52294,-1.06608905066,0
52295,-0.943693544556,0
52296,-1.00135786782,0
52297,-0.649728926701,0
52298,-0.516695133304,0
52299,-0.646902930917,0
52300,-0.765034711361,0
52301,-0.532225097613,0
52302,-0.511097464606,0
52303,-0.627990745665,0
52304,-0.622767606133,0
52305,-0.269513179995,0
52306,-0.157016690361,0
52307,-0.441469222437,0
52308,-0.0656946983246,0
52309,-0.434221258901,0
52310,0.0205618872116,0
52311,-0.227625213561,0
52312,-0.0964136162122,0
52313,-0.201109941392,0
52314,-0.0192432791357,0
52315,0.100842934183,0
52316,0.207857570807,0
52317,-0.0677224398547,0
52318,0.30449820759,0
52319,0.0747173274466,0
52320,0.0931492525827,0
52321,0.0724924645542,0
52322,0.346458065221,0
52323,0.152111144911,0
52324,0.18201730537,0
52325,0.200787053175,0
52326,0.264440375807,0
52327,0.384447464144,0
52328,0.655407639311,0
52329,0.508602948463,0
52330,0.38461972989,0
52331,0.727816872115,0
52332,0.710815979054,0
52333,0.402099387663,0
52334,0.698590681116,0
52335,0.832342752742,0
52336,0.834468114792,0
52337,0.534592821758,0
52338,0.88271153688,0
52339,0.529028699718,0
52340,0.858620722826,0
52341,0.921315777256,0
52342,0.751921608807,0
52343,0.777616414196,0
52344,0.553693122325,0
52345,0.639181796059,0
52346,0.964573516842,0
52347,0.902797404814,0
52348,0.826110958866,0
52349,0.562842184477,0
52350,0.580281799016,0
52351,0.818730188308,0
52352,0.954741614266,0
52353,0.881452212432,0
52354,0.746274488543,0
52355,0.712528442717,0
52356,0.786001361627,0
52357,0.753300145974,0
52358,0.669353076158,0
52359,0.489617504805,0
52360,0.731382545688,0
52361,0.462991979365,0
52362,0.630206675487,0
52363,0.430068305329,0
52364,0.731449296735,0
52365,0.438739750051,0
52366,0.639073539554,0
52367,0.432006611559,0
52368,0.433896591778,0
52369,0.640402770188,0
52370,0.27762174803,0
52371,0.385756478875,0
52372,0.222853191291,0
52373,0.523414395896,0
52374,0.234543001469,0
52375,0.121280063481,0
52376,0.381455271315,0
52377,0.46523714505,0
52378,0.168018938129,0
52379,0.366324212119,0
52380,0.162299701741,0
52381,0.317526381198,0
52382,0.24638261493,0
52383,-0.170428527604,0
52384,0.124479645702,0
52385,0.170854342591,0
52386,-0.255489885697,0
52387,-0.298078946668,0
52388,0.018101609044,0
52389,-0.00421048677815,0
52390,-0.317024553512,0
52391,-0.291480053141,0
52392,-0.528031172965,0
52393,-0.50883386457,0
52394,-0.257666512338,0
52395,-0.257176408669,0
52396,-0.431049554144,0
52397,-0.349569379301,0
52398,-0.723120705585,0
52399,-0.430404806376,0
52400,-0.778589849604,0
52401,-0.712867555068,0
52402,-0.498606558806,0
52403,-0.696119340342,0
52404,-0.87328476916,0
52405,-1.02393469325,0
52406,-0.747970836548,0
52407,-1.11500230638,0
52408,-1.04375442655,0
52409,-1.00206697113,0
52410,-0.860401019562,0
52411,-1.11588201895,0
52412,-1.02951819467,0
52413,-1.24943591677,0
52414,-1.35454607209,0
52415,-1.07864958053,0
52416,-1.32677614614,0
52417,-1.54063533462,0
52418,-1.53624954847,0
52419,-1.37031237241,0
52420,-1.25811376957,0
52421,-1.62467523205,0
52422,-1.52560256313,0
52423,-1.75554608418,0
52424,-1.78765868134,0
52425,-1.43767084411,0
52426,-1.50124952809,0
52427,-1.46046942321,0
52428,-1.5323484724,0
52429,-1.56823700506,0
52430,-1.75936086936,0
52431,-1.87669596149,0
52432,-1.88585717131,0
52433,-1.67128330364,0
52434,-2.05118619138,0
52435,-2.07238375448,0
52436,-1.67745030074,0
52437,-1.96952081028,0
52438,-2.02550804397,0
52439,-2.13207612455,0
52440,-2.15754170184,0
52441,-1.75392513359,0
52442,-2.12592345857,0
52443,-2.16912601662,0
52444,-1.88583487905,0
52445,-1.86609090092,0
52446,-1.97669122159,0
52447,-1.84855397412,0
52448,-2.05038048115,0
52449,-2.18823505866,0
52450,-2.05898531298,0
52451,-1.80660464077,0
52452,-2.22269996484,0
52453,-2.07722068289,0
52454,-2.19416995927,0
52455,-1.93498921615,0
52456,-2.19670890655,0
52457,-1.80544207834,0
52458,-1.92296343451,0
52459,-2.07550593938,0
52460,-2.15302747648,0
52461,-1.83601205045,0
52462,-1.71831511712,0
52463,-1.70638392703,0
52464,-1.73016892843,0
52465,-1.75541170046,0
52466,-1.89801241711,0
52467,-1.72682996179,0
52468,-1.6040330627,0
52469,-1.81476254035,0
52470,-1.91395160545,0
52471,-1.59694090013,0
52472,-1.5716957353,0
52473,-1.57183697263,0
52474,-1.72714561424,0
52475,-1.79240252794,0
52476,-1.57221176432,0
52477,-1.54577826956,0
52478,-1.41757949136,0
52479,-1.55324237111,0
52480,-1.62487610477,0
52481,-1.59637617596,0
52482,-1.18651844745,0
52483,-1.13005026556,0
52484,-1.47544864647,0
52485,-1.02552065131,0
52486,-1.08482088613,0
52487,-0.94925676678,0
52488,-0.992160862825,0
52489,-0.868129843085,0
52490,-0.848546722898,0
52491,-1.19336349862,0
52492,-0.974370219263,0
52493,-0.881642285237,0
52494,-1.04422175053,0
52495,-0.921826244429,0
52496,-0.97949056769,0
52497,-0.627861626574,0
52498,-0.494827833177,0
52499,-0.62503563079,0
52500,-0.743167411234,0
52501,-0.510357797486,0
52502,-0.489230164479,0
52503,-0.606123445538,0
52504,-0.600900306006,0
52505,-0.247645879868,0
52506,-0.135149390234,0
52507,-0.41960192231,0
52508,-0.0438273981977,0
52509,-0.412353958774,0
52510,0.0424291873386,0
52511,-0.205757913434,0
52512,-0.0745463160853,0
52513,-0.179242641265,0
52514,0.0026240209913,0
52515,0.12271023431,0
52516,0.229724870934,0
52517,-0.0458551397277,0
52518,0.326365507717,0
52519,0.0965846275735,0
52520,0.11501655271,0
52521,0.0943597646812,0
52522,0.368325365348,0
52523,0.173978445038,0
52524,0.203884605497,0
52525,0.222654353302,0
52526,0.286307675934,0
52527,0.406314764271,0
52528,0.677274939438,0
52529,0.53047024859,0
52530,0.406487030017,0
52531,0.749684172242,0
52532,0.732683279181,0
52533,0.42396668779,0
52534,0.720457981243,0
52535,0.854210052869,0
52536,0.856335414919,0
52537,0.556460121885,0
52538,0.904578837007,0
52539,0.550895999845,0
52540,0.880488022953,0
52541,0.943183077383,0
52542,0.773788908934,0
52543,0.799483714323,0
52544,0.575560422452,0
52545,0.661049096186,0
52546,0.986440816969,0
52547,0.924664704941,0
52548,0.847978258993,0
52549,0.584709484604,0
52550,0.602149099143,0
52551,0.840597488435,0
52552,0.976608914393,0
52553,0.903319512559,0
52554,0.76814178867,0
52555,0.734395742844,0
52556,0.807868661754,0
52557,0.775167446101,0
52558,0.691220376285,0
52559,0.511484804932,0
52560,0.753249845815,0
52561,0.484859279492,0
52562,0.652073975614,0
52563,0.451935605456,0
52564,0.753316596862,0
52565,0.460607050178,0
52566,0.660940839681,0
52567,0.453873911686,0
52568,0.455763891905,0
52569,0.662270070315,0
52570,0.299489048157,0
52571,0.407623779002,0
52572,0.244720491418,0
52573,0.545281696023,0
52574,0.256410301596,0
52575,0.143147363608,0
52576,0.403322571442,0
52577,0.487104445177,0
52578,0.189886238256,0
52579,0.388191512246,0
52580,0.184167001868,0
52581,0.339393681325,0
52582,0.268249915056,0
52583,-0.148561227477,0
52584,0.146346945829,0
52585,0.192721642718,0
52586,-0.23362258557,0
52587,-0.276211646541,0
52588,0.039968909171,0
52589,0.0176568133488,0
52590,-0.295157253385,0
52591,-0.269612753014,0
52592,-0.506163872838,0
52593,-0.486966564443,0
52594,-0.235799212211,0
52595,-0.235309108542,0
52596,-0.409182254017,0
52597,-0.327702079174,0
52598,-0.701253405458,0
52599,-0.408537506249,0
52600,-0.651112564064,0
52601,-0.585390269528,0
52602,-0.371129273266,0
52603,-0.568642054802,0
52604,-0.74580748362,0
52605,-0.896457407711,0
52606,-0.620493551008,0
52607,-0.987525020841,0
52608,-0.916277141009,0
52609,-0.874589685587,0
52610,-0.732923734022,0
52611,-0.988404733414,0
52612,-0.902040909132,0
52613,-1.12195863123,0
52614,-1.22706878655,0
52615,-0.95117229499,0
52616,-1.1992988606,0
52617,-1.41315804908,0
52618,-1.40877226293,0
52619,-1.24283508687,0
52620,-1.13063648403,0
52621,-1.49719794651,0
52622,-1.39812527759,0
52623,-1.62806879864,0
52624,-1.6601813958,0
52625,-1.31019355857,0
52626,-1.37377224255,0
52627,-1.33299213767,0
52628,-1.40487118686,0
52629,-1.44075971952,0
52630,-1.63188358382,0
52631,-1.74921867595,0
52632,-1.75837988577,0
52633,-1.5438060181,0
52634,-1.92370890584,0
52635,-1.94490646894,0
52636,-1.5499730152,0
52637,-1.84204352474,0
52638,-1.89803075843,0
52639,-2.00459883901,0
52640,-2.0300644163,0
52641,-1.62644784805,0
52642,-1.99844617303,0
52643,-2.04164873108,0
52644,-1.75835759351,0
52645,-1.73861361538,0
52646,-1.84921393605,0
52647,-1.72107668858,0
52648,-1.92290319561,0
52649,-2.06075777312,0
52650,-1.93150802744,0
52651,-1.67912735523,0
52652,-2.0952226793,0
52653,-1.94974339735,0
52654,-2.06669267373,0
52655,-1.80751193061,0
52656,-2.06923162101,0
52657,-1.6779647928,0
52658,-1.79548614897,0
52659,-1.94802865384,0
52660,-2.02555019095,0
52661,-1.70853476491,0
52662,-1.59083783158,0
52663,-1.57890664149,0
52664,-1.60269164289,0
52665,-1.62793441492,0
52666,-1.77053513157,0
52667,-1.59935267625,0
52668,-1.47655577716,0
52669,-1.68728525481,0
52670,-1.78647431991,0
52671,-1.46946361459,0
52672,-1.44421844976,0
52673,-1.44435968709,0
52674,-1.5996683287,0
52675,-1.6649252424,0
52676,-1.44473447878,0
52677,-1.41830098402,0
52678,-1.29010220582,0
52679,-1.42576508557,0
52680,-1.49739881923,0
52681,-1.46889889042,0
52682,-1.05904116191,0
52683,-1.00257298002,0
52684,-1.34797136093,0
52685,-0.898043365773,0
52686,-0.957343600587,0
52687,-0.821779481241,0
52688,-0.864683577285,0
52689,-0.740652557545,0
52690,-0.721069437359,0
52691,-1.06588621308,0
52692,-0.846892933723,0
52693,-0.754164999698,0
52694,-0.916744464991,0
52695,-0.79434895889,0
52696,-0.852013282151,0
52697,-0.500384341034,0
52698,-0.367350547637,0
52699,-0.49755834525,0
52700,-0.615690125694,0
52701,-0.382880511946,0
52702,-0.36175287894,0
52703,-0.478646159998,0
52704,-0.473423020466,0
52705,-0.120168594328,0
52706,-0.007672104694,0
52707,-0.292124636771,0
52708,0.0836498873421,0
52709,-0.284876673234,0
52710,0.169906472878,0
52711,-0.0782806278946,0
52712,0.0529309694545,0
52713,-0.0517653557256,0
52714,0.130101306531,0
52715,0.250187519849,0
52716,0.357202156474,0
52717,0.081622145812,0
52718,0.453842793256,0
52719,0.224061913113,0
52720,0.242493838249,0
52721,0.221837050221,0
52722,0.495802650888,0
52723,0.301455730578,0
52724,0.331361891036,0
52725,0.350131638842,0
52726,0.413784961474,0
52727,0.533792049811,0
52728,0.804752224977,0
52729,0.65794753413,0
52730,0.533964315556,0
52731,0.877161457782,0
52732,0.86016056472,0
52733,0.55144397333,0
52734,0.847935266783,0
52735,0.981687338409,0
52736,0.983812700459,0
52737,0.683937407425,0
52738,1.03205612255,0
52739,0.678373285385,0
52740,1.00796530849,0
52741,1.07066036292,0
52742,0.901266194474,0
52743,0.926960999863,0
52744,0.703037707992,0
52745,0.788526381726,0
52746,1.11391810251,0
52747,1.05214199048,0
52748,0.975455544533,0
52749,0.712186770144,0
52750,0.729626384683,0
52751,0.968074773974,0
52752,1.10408619993,0
52753,1.0307967981,0
52754,0.89561907421,0
52755,0.861873028384,0
52756,0.935345947294,0
52757,0.902644731641,0
52758,0.818697661825,0
52759,0.638962090472,0
52760,0.880727131355,0
52761,0.612336565031,0
52762,0.779551261154,0
52763,0.579412890995,0
52764,0.880793882402,0
52765,0.588084335718,0
52766,0.78841812522,0
52767,0.581351197225,0
52768,0.583241177444,0
52769,0.789747355854,0
52770,0.426966333697,0
52771,0.535101064542,0
52772,0.372197776957,0
52773,0.672758981563,0
52774,0.383887587136,0
52775,0.270624649148,0
52776,0.530799856982,0
52777,0.614581730717,0
52778,0.317363523796,0
52779,0.515668797785,0
52780,0.311644287408,0
52781,0.466870966865,0
52782,0.395727200596,0
52783,-0.0210839419373,0
52784,0.273824231368,0
52785,0.320198928258,0
52786,-0.106145300031,0
52787,-0.148734361001,0
52788,0.167446194711,0
52789,0.145134098889,0
52790,-0.167679967845,0
52791,-0.142135467475,0
52792,-0.378686587299,0
52793,-0.359489278903,0
52794,-0.108321926672,0
52795,-0.107831823002,0
52796,-0.281704968478,0
52797,-0.200224793634,0
52798,-0.573776119919,0
52799,-0.281060220709,0
52800,-0.711900459598,0
52801,-0.646178165062,0
52802,-0.4319171688,0
52803,-0.629429950336,0
52804,-0.806595379154,0
52805,-0.957245303245,0
52806,-0.681281446543,0
52807,-1.04831291638,0
52808,-0.977065036543,0
52809,-0.935377581122,0
52810,-0.793711629556,0
52811,-1.04919262895,0
52812,-0.962828804666,0
52813,-1.18274652676,0
52814,-1.28785668208,0
52815,-1.01196019052,0
52816,-1.26008675614,0
52817,-1.47394594461,0
52818,-1.46956015847,0
52819,-1.3036229824,0
52820,-1.19142437956,0
52821,-1.55798584204,0
52822,-1.45891317313,0
52823,-1.68885669417,0
52824,-1.72096929133,0
52825,-1.3709814541,0
52826,-1.43456013808,0
52827,-1.3937800332,0
52828,-1.4656590824,0
52829,-1.50154761505,0
52830,-1.69267147936,0
52831,-1.81000657149,0
52832,-1.81916778131,0
52833,-1.60459391363,0
52834,-1.98449680137,0
52835,-2.00569436447,0
52836,-1.61076091073,0
52837,-1.90283142028,0
52838,-1.95881865396,0
52839,-2.06538673454,0
52840,-2.09085231184,0
52841,-1.68723574358,0
52842,-2.05923406856,0
52843,-2.10243662661,0
52844,-1.81914548904,0
52845,-1.79940151091,0
52846,-1.91000183159,0
52847,-1.78186458411,0
52848,-1.98369109114,0
52849,-2.12154566866,0
52850,-1.99229592297,0
52851,-1.73991525076,0
52852,-2.15601057483,0
52853,-2.01053129288,0
52854,-2.12748056927,0
52855,-1.86829982615,0
52856,-2.13001951654,0
52857,-1.73875268833,0
52858,-1.8562740445,0
52859,-2.00881654937,0
52860,-2.08633808648,0
52861,-1.76932266044,0
52862,-1.65162572712,0
52863,-1.63969453702,0
52864,-1.66347953842,0
52865,-1.68872231046,0
52866,-1.8313230271,0
52867,-1.66014057179,0
52868,-1.5373436727,0
52869,-1.74807315034,0
52870,-1.84726221544,0
52871,-1.53025151012,0
52872,-1.50500634529,0
52873,-1.50514758262,0
52874,-1.66045622423,0
52875,-1.72571313794,0
52876,-1.50552237431,0
52877,-1.47908887955,0
52878,-1.35089010135,0
52879,-1.4865529811,0
52880,-1.55818671476,0
52881,-1.52968678596,0
52882,-1.11982905744,0
52883,-1.06336087556,0
52884,-1.40875925647,0
52885,-0.958831261307,0
52886,-1.01813149612,0
52887,-0.882567376775,0
52888,-0.925471472819,0
52889,-0.801440453079,0
52890,-0.781857332893,0
52891,-1.12667410861,0
52892,-0.907680829257,0
52893,-0.814952895232,0
52894,-0.977532360525,0
52895,-0.855136854424,0
52896,-0.912801177685,0
52897,-0.561172236568,0
52898,-0.428138443172,0
52899,-0.558346240785,0
52900,-0.676478021228,0
52901,-0.443668407481,0
52902,-0.422540774474,0
52903,-0.539434055532,0
52904,-0.534210916,0
52905,-0.180956489862,0
52906,-0.0684600002281,0
52907,-0.352912532305,0
52908,0.022861991808,0
52909,-0.345664568768,0
52910,0.109118577344,0
52911,-0.139068523429,0
52912,-0.00785692607962,0
52913,-0.11255325126,0
52914,0.0693134109969,0
52915,0.189399624315,0
52916,0.296414260939,0
52917,0.0208342502779,0
52918,0.393054897722,0
52919,0.163274017579,0
52920,0.181705942715,0
52921,0.161049154687,0
52922,0.435014755354,0
52923,0.240667835044,0
52924,0.270573995502,0
52925,0.289343743307,0
52926,0.35299706594,0
52927,0.473004154277,0
52928,0.743964329443,0
52929,0.597159638596,0
52930,0.473176420022,0
52931,0.816373562247,0
52932,0.799372669186,0
52933,0.490656077796,0
52934,0.787147371249,0
52935,0.920899442875,0
52936,0.923024804925,0
52937,0.623149511891,0
52938,0.971268227013,0
52939,0.617585389851,0
52940,0.947177412959,0
52941,1.00987246739,0
52942,0.84047829894,0
52943,0.866173104328,0
52944,0.642249812458,0
52945,0.727738486192,0
52946,1.05313020697,0
52947,0.991354094946,0
52948,0.914667648999,0
52949,0.651398874609,0
52950,0.668838489148,0
52951,0.90728687844,0
52952,1.0432983044,0
52953,0.970008902565,0
52954,0.834831178676,0
52955,0.80108513285,0
52956,0.87455805176,0
52957,0.841856836107,0
52958,0.757909766291,0
52959,0.578174194937,0
52960,0.819939235821,0
52961,0.551548669497,0
52962,0.71876336562,0
52963,0.518624995461,0
52964,0.820005986868,0
52965,0.527296440184,0
52966,0.727630229686,0
52967,0.520563301691,0
52968,0.52245328191,0
52969,0.72895946032,0
52970,0.366178438163,0
52971,0.474313169008,0
52972,0.311409881423,0
52973,0.611971086029,0
52974,0.323099691602,0
52975,0.209836753614,0
52976,0.470011961448,0
52977,0.553793835183,0
52978,0.256575628262,0
52979,0.454880902251,0
52980,0.250856391874,0
52981,0.406083071331,0
52982,0.334939305062,0
52983,-0.0818718374714,0
52984,0.213036335834,0
52985,0.259411032723,0
52986,-0.166933195565,0
52987,-0.209522256535,0
52988,0.106658299177,0
52989,0.0843462033545,0
52990,-0.228467863379,0
52991,-0.202923363009,0
52992,-0.439474482833,0
52993,-0.420277174437,0
52994,-0.169109822206,0
52995,-0.168619718536,0
52996,-0.342492864012,0
52997,-0.261012689168,0
52998,-0.634564015453,0
52999,-0.341848116243,0
53000,-0.663589045831,0
53001,-0.597866751295,0
53002,-0.383605755033,0
53003,-0.581118536569,0
53004,-0.758283965387,0
53005,-0.908933889478,0
53006,-0.632970032776,0
53007,-1.00000150261,0
53008,-0.928753622776,0
53009,-0.887066167355,0
53010,-0.745400215789,0
53011,-1.00088121518,0
53012,-0.914517390899,0
53013,-1.13443511299,0
53014,-1.23954526832,0
53015,-0.963648776757,0
53016,-1.21177534237,0
53017,-1.42563453085,0
53018,-1.4212487447,0
53019,-1.25531156863,0
53020,-1.1431129658,0
53021,-1.50967442827,0
53022,-1.41060175936,0
53023,-1.64054528041,0
53024,-1.67265787756,0
53025,-1.32267004034,0
53026,-1.38624872431,0
53027,-1.34546861944,0
53028,-1.41734766863,0
53029,-1.45323620128,0
53030,-1.64436006559,0
53031,-1.76169515772,0
53032,-1.77085636754,0
53033,-1.55628249986,0
53034,-1.9361853876,0
53035,-1.95738295071,0
53036,-1.56244949697,0
53037,-1.85452000651,0
53038,-1.9105072402,0
53039,-2.01707532077,0
53040,-2.04254089807,0
53041,-1.63892432982,0
53042,-2.01092265479,0
53043,-2.05412521284,0
53044,-1.77083407527,0
53045,-1.75109009714,0
53046,-1.86169041782,0
53047,-1.73355317035,0
53048,-1.93537967738,0
53049,-2.07323425489,0
53050,-1.9439845092,0
53051,-1.691603837,0
53052,-2.10769916107,0
53053,-1.96221987912,0
53054,-2.0791691555,0
53055,-1.81998841238,0
53056,-2.08170810277,0
53057,-1.69044127457,0
53058,-1.80796263074,0
53059,-1.96050513561,0
53060,-2.03802667271,0
53061,-1.72101124668,0
53062,-1.60331431335,0
53063,-1.59138312326,0
53064,-1.61516812466,0
53065,-1.64041089669,0
53066,-1.78301161333,0
53067,-1.61182915802,0
53068,-1.48903225893,0
53069,-1.69976173658,0
53070,-1.79895080167,0
53071,-1.48194009636,0
53072,-1.45669493153,0
53073,-1.45683616885,0
53074,-1.61214481046,0
53075,-1.67740172417,0
53076,-1.45721096054,0
53077,-1.43077746578,0
53078,-1.30257868758,0
53079,-1.43824156734,0
53080,-1.509875301,0
53081,-1.48137537219,0
53082,-1.07151764367,0
53083,-1.01504946179,0
53084,-1.3604478427,0
53085,-0.91051984754,0
53086,-0.969820082355,0
53087,-0.834255963008,0
53088,-0.877160059052,0
53089,-0.753129039312,0
53090,-0.733545919126,0
53091,-1.07836269485,0
53092,-0.85936941549,0
53093,-0.766641481465,0
53094,-0.929220946758,0
53095,-0.806825440657,0
53096,-0.864489763918,0
53097,-0.512860822801,0
53098,-0.379827029405,0
53099,-0.510034827018,0
53100,-0.628166607461,0
53101,-0.395356993714,0
53102,-0.374229360707,0
53103,-0.491122641765,0
53104,-0.485899502233,0
53105,-0.132645076095,0
53106,-0.0201485864611,0
53107,-0.304601118538,0
53108,0.0711734055749,0
53109,-0.297353155001,0
53110,0.157429991111,0
53111,-0.0907571096617,0
53112,0.0404544876873,0
53113,-0.0642418374928,0
53114,0.117624824764,0
53115,0.237711038082,0
53116,0.344725674706,0
53117,0.0691456640449,0
53118,0.441366311489,0
53119,0.211585431346,0
53120,0.230017356482,0
53121,0.209360568454,0
53122,0.483326169121,0
53123,0.288979248811,0
53124,0.318885409269,0
53125,0.337655157074,0
53126,0.401308479707,0
53127,0.521315568044,0
53128,0.79227574321,0
53129,0.645471052362,0
53130,0.521487833789,0
53131,0.864684976014,0
53132,0.847684082953,0
53133,0.538967491563,0
53134,0.835458785016,0
53135,0.969210856642,0
53136,0.971336218692,0
53137,0.671460925658,0
53138,1.01957964078,0
53139,0.665896803618,0
53140,0.995488826726,0
53141,1.05818388116,0
53142,0.888789712707,0
53143,0.914484518095,0
53144,0.690561226225,0
53145,0.776049899959,0
53146,1.10144162074,0
53147,1.03966550871,0
53148,0.962979062765,0
53149,0.699710288376,0
53150,0.717149902915,0
53151,0.955598292207,0
53152,1.09160971817,0
53153,1.01832031633,0
53154,0.883142592443,0
53155,0.849396546617,0
53156,0.922869465527,0
53157,0.890168249873,0
53158,0.806221180058,0
53159,0.626485608704,0
53160,0.868250649588,0
53161,0.599860083264,0
53162,0.767074779387,0
53163,0.566936409228,0
53164,0.868317400635,0
53165,0.575607853951,0
53166,0.775941643453,0
53167,0.568874715458,0
53168,0.570764695677,0
53169,0.777270874087,0
53170,0.41448985193,0
53171,0.522624582775,0
53172,0.35972129519,0
53173,0.660282499795,0
53174,0.371411105369,0
53175,0.258148167381,0
53176,0.518323375215,0
53177,0.60210524895,0
53178,0.304887042029,0
53179,0.503192316018,0
53180,0.29916780564,0
53181,0.454394485098,0
53182,0.383250718829,0
53183,-0.0335604237045,0
53184,0.261347749601,0
53185,0.30772244649,0
53186,-0.118621781798,0
53187,-0.161210842768,0
53188,0.154969712944,0
53189,0.132657617121,0
53190,-0.180156449612,0
53191,-0.154611949242,0
53192,-0.391163069066,0
53193,-0.37196576067,0
53194,-0.120798408439,0
53195,-0.120308304769,0
53196,-0.294181450245,0
53197,-0.212701275401,0
53198,-0.586252601686,0
53199,-0.293536702476,0
53200,-0.617045142715,0
53201,-0.551322848179,0
53202,-0.337061851917,0
53203,-0.534574633453,0
53204,-0.711740062271,0
53205,-0.862389986362,0
53206,-0.586426129659,0
53207,-0.953457599492,0
53208,-0.88220971966,0
53209,-0.840522264238,0
53210,-0.698856312673,0
53211,-0.954337312065,0
53212,-0.867973487782,0
53213,-1.08789120988,0
53214,-1.1930013652,0
53215,-0.91710487364,0
53216,-1.16523143925,0
53217,-1.37909062773,0
53218,-1.37470484158,0
53219,-1.20876766552,0
53220,-1.09656906268,0
53221,-1.46313052516,0
53222,-1.36405785624,0
53223,-1.59400137729,0
53224,-1.62611397445,0
53225,-1.27612613722,0
53226,-1.3397048212,0
53227,-1.29892471632,0
53228,-1.37080376551,0
53229,-1.40669229817,0
53230,-1.59781616247,0
53231,-1.7151512546,0
53232,-1.72431246442,0
53233,-1.50973859675,0
53234,-1.88964148449,0
53235,-1.91083904759,0
53236,-1.51590559385,0
53237,-1.80797610339,0
53238,-1.86396333708,0
53239,-1.97053141766,0
53240,-1.99599699495,0
53241,-1.5923804267,0
53242,-1.96437875168,0
53243,-2.00758130973,0
53244,-1.72429017216,0
53245,-1.70454619403,0
53246,-1.8151465147,0
53247,-1.68700926723,0
53248,-1.88883577426,0
53249,-2.02669035177,0
53250,-1.89744060609,0
53251,-1.64505993388,0
53252,-2.06115525795,0
53253,-1.915675976,0
53254,-2.03262525238,0
53255,-1.77344450926,0
53256,-2.03516419966,0
53257,-1.64389737145,0
53258,-1.76141872762,0
53259,-1.91396123249,0
53260,-1.9914827696,0
53261,-1.67446734356,0
53262,-1.55677041023,0
53263,-1.54483922014,0
53264,-1.56862422154,0
53265,-1.59386699357,0
53266,-1.73646771022,0
53267,-1.5652852549,0
53268,-1.44248835582,0
53269,-1.65321783346,0
53270,-1.75240689856,0
53271,-1.43539619324,0
53272,-1.41015102841,0
53273,-1.41029226574,0
53274,-1.56560090735,0
53275,-1.63085782105,0
53276,-1.41066705743,0
53277,-1.38423356267,0
53278,-1.25603478447,0
53279,-1.39169766422,0
53280,-1.46333139788,0
53281,-1.43483146907,0
53282,-1.02497374056,0
53283,-0.968505558675,0
53284,-1.31390393958,0
53285,-0.863975944424,0
53286,-0.923276179238,0
53287,-0.787712059891,0
53288,-0.830616155936,0
53289,-0.706585136196,0
53290,-0.68700201601,0
53291,-1.03181879173,0
53292,-0.812825512374,0
53293,-0.720097578348,0
53294,-0.882677043641,0
53295,-0.76028153754,0
53296,-0.817945860801,0
53297,-0.466316919685,0
53298,-0.333283126288,0
53299,-0.463490923901,0
53300,-0.581622704345,0
53301,-0.348813090597,0
53302,-0.327685457591,0
53303,-0.444578738649,0
53304,-0.439355599117,0
53305,-0.0861011729792,0
53306,0.0263953166552,0
53307,-0.258057215422,0
53308,0.117717308691,0
53309,-0.250809251885,0
53310,0.203973894228,0
53311,-0.0442132065454,0
53312,0.0869983908037,0
53313,-0.0176979343764,0
53314,0.16416872788,0
53315,0.284254941199,0
53316,0.391269577823,0
53317,0.115689567161,0
53318,0.487910214606,0
53319,0.258129334462,0
53320,0.276561259599,0
53321,0.25590447157,0
53322,0.529870072237,0
53323,0.335523151927,0
53324,0.365429312386,0
53325,0.384199060191,0
53326,0.447852382823,0
53327,0.56785947116,0
53328,0.838819646327,0
53329,0.692014955479,0
53330,0.568031736906,0
53331,0.911228879131,0
53332,0.89422798607,0
53333,0.585511394679,0
53334,0.882002688132,0
53335,1.01575475976,0
53336,1.01788012181,0
53337,0.718004828774,0
53338,1.0661235439,0
53339,0.712440706734,0
53340,1.04203272984,0
53341,1.10472778427,0
53342,0.935333615823,0
53343,0.961028421212,0
53344,0.737105129341,0
53345,0.822593803075,0
53346,1.14798552386,0
53347,1.08620941183,0
53348,1.00952296588,0
53349,0.746254191493,0
53350,0.763693806032,0
53351,1.00214219532,0
53352,1.13815362128,0
53353,1.06486421945,0
53354,0.929686495559,0
53355,0.895940449733,0
53356,0.969413368643,0
53357,0.93671215299,0
53358,0.852765083174,0
53359,0.673029511821,0
53360,0.914794552704,0
53361,0.646403986381,0
53362,0.813618682503,0
53363,0.613480312345,0
53364,0.914861303751,0
53365,0.622151757067,0
53366,0.82248554657,0
53367,0.615418618574,0
53368,0.617308598794,0
53369,0.823814777204,0
53370,0.461033755046,0
53371,0.569168485891,0
53372,0.406265198307,0
53373,0.706826402912,0
53374,0.417955008485,0
53375,0.304692070497,0
53376,0.564867278331,0
53377,0.648649152066,0
53378,0.351430945145,0
53379,0.549736219134,0
53380,0.345711708757,0
53381,0.500938388214,0
53382,0.429794621945,0
53383,0.0129834794119,0
53384,0.307891652717,0
53385,0.354266349607,0
53386,-0.0720778786814,0
53387,-0.114666939652,0
53388,0.20151361606,0
53389,0.179201520238,0
53390,-0.133612546496,0
53391,-0.108068046126,0
53392,-0.344619165949,0
53393,-0.325421857554,0
53394,-0.0742545053225,0
53395,-0.0737644016529,0
53396,-0.247637547128,0
53397,-0.166157372285,0
53398,-0.539708698569,0
53399,-0.24699279936,0
53400,-0.655416281133,0
53401,-0.589693986597,0
53402,-0.375432990335,0
53403,-0.572945771871,0
53404,-0.750111200689,0
53405,-0.90076112478,0
53406,-0.624797268077,0
53407,-0.99182873791,0
53408,-0.920580858078,0
53409,-0.878893402656,0
53410,-0.737227451091,0
53411,-0.992708450483,0
53412,-0.906344626201,0
53413,-1.1262623483,0
53414,-1.23137250362,0
53415,-0.955476012059,0
53416,-1.20360257767,0
53417,-1.41746176615,0
53418,-1.41307598,0
53419,-1.24713880394,0
53420,-1.1349402011,0
53421,-1.50150166358,0
53422,-1.40242899466,0
53423,-1.63237251571,0
53424,-1.66448511287,0
53425,-1.31449727564,0
53426,-1.37807595962,0
53427,-1.33729585474,0
53428,-1.40917490393,0
53429,-1.44506343659,0
53430,-1.63618730089,0
53431,-1.75352239302,0
53432,-1.76268360284,0
53433,-1.54810973517,0
53434,-1.92801262291,0
53435,-1.94921018601,0
53436,-1.55427673227,0
53437,-1.84634724181,0
53438,-1.9023344755,0
53439,-2.00890255608,0
53440,-2.03436813337,0
53441,-1.63075156512,0
53442,-2.00274989009,0
53443,-2.04595244815,0
53444,-1.76266131058,0
53445,-1.74291733245,0
53446,-1.85351765312,0
53447,-1.72538040565,0
53448,-1.92720691268,0
53449,-2.06506149019,0
53450,-1.9358117445,0
53451,-1.6834310723,0
53452,-2.09952639637,0
53453,-1.95404711442,0
53454,-2.0709963908,0
53455,-1.81181564768,0
53456,-2.07353533807,0
53457,-1.68226850987,0
53458,-1.79978986604,0
53459,-1.95233237091,0
53460,-2.02985390801,0
53461,-1.71283848198,0
53462,-1.59514154865,0
53463,-1.58321035856,0
53464,-1.60699535996,0
53465,-1.63223813199,0
53466,-1.77483884864,0
53467,-1.60365639332,0
53468,-1.48085949423,0
53469,-1.69158897188,0
53470,-1.79077803698,0
53471,-1.47376733166,0
53472,-1.44852216683,0
53473,-1.44866340416,0
53474,-1.60397204577,0
53475,-1.66922895947,0
53476,-1.44903819585,0
53477,-1.42260470108,0
53478,-1.29440592289,0
53479,-1.43006880264,0
53480,-1.5017025363,0
53481,-1.47320260749,0
53482,-1.06334487898,0
53483,-1.00687669709,0
53484,-1.352275078,0
53485,-0.902347082842,0
53486,-0.961647317656,0
53487,-0.826083198309,0
53488,-0.868987294354,0
53489,-0.744956274614,0
53490,-0.725373154428,0
53491,-1.07018993015,0
53492,-0.851196650792,0
53493,-0.758468716767,0
53494,-0.921048182059,0
53495,-0.798652675959,0
53496,-0.85631699922,0
53497,-0.504688058103,0
53498,-0.371654264706,0
53499,-0.501862062319,0
53500,-0.619993842763,0
53501,-0.387184229015,0
53502,-0.366056596009,0
53503,-0.482949877067,0
53504,-0.477726737535,0
53505,-0.124472311397,0
53506,-0.011975821763,0
53507,-0.29642835384,0
53508,0.0793461702731,0
53509,-0.289180390303,0
53510,0.165602755809,0
53511,-0.0825843449635,0
53512,0.0486272523855,0
53513,-0.0560690727946,0
53514,0.125797589462,0
53515,0.24588380278,0
53516,0.352898439405,0
53517,0.0773184287431,0
53518,0.449539076187,0
53519,0.219758196044,0
53520,0.23819012118,0
53521,0.217533333152,0
53522,0.491498933819,0
53523,0.297152013509,0
53524,0.327058173967,0
53525,0.345827921773,0
53526,0.409481244405,0
53527,0.529488332742,0
53528,0.800448507908,0
53529,0.653643817061,0
53530,0.529660598487,0
53531,0.872857740713,0
53532,0.855856847651,0
53533,0.547140256261,0
53534,0.843631549714,0
53535,0.97738362134,0
53536,0.97950898339,0
53537,0.679633690356,0
53538,1.02775240548,0
53539,0.674069568316,0
53540,1.00366159142,0
53541,1.06635664585,0
53542,0.896962477405,0
53543,0.922657282794,0
53544,0.698733990923,0
53545,0.784222664657,0
53546,1.10961438544,0
53547,1.04783827341,0
53548,0.971151827464,0
53549,0.707883053075,0
53550,0.725322667614,0
53551,0.963771056905,0
53552,1.09978248286,0
53553,1.02649308103,0
53554,0.891315357141,0
53555,0.857569311315,0
53556,0.931042230225,0
53557,0.898341014572,0
53558,0.814393944756,0
53559,0.634658373403,0
53560,0.876423414286,0
53561,0.608032847962,0
53562,0.775247544085,0
53563,0.575109173926,0
53564,0.876490165333,0
53565,0.583780618649,0
53566,0.784114408151,0
53567,0.577047480156,0
53568,0.578937460375,0
53569,0.785443638785,0
53570,0.422662616628,0
53571,0.530797347473,0
53572,0.367894059888,0
53573,0.668455264494,0
53574,0.379583870067,0
53575,0.266320932079,0
53576,0.526496139913,0
53577,0.610278013648,0
53578,0.313059806727,0
53579,0.511365080716,0
53580,0.307340570339,0
53581,0.462567249796,0
53582,0.391423483527,0
53583,-0.0253876590063,0
53584,0.269520514299,0
53585,0.315895211189,0
53586,-0.1104490171,0
53587,-0.15303807807,0
53588,0.163142477642,0
53589,0.14083038182,0
53590,-0.171983684914,0
53591,-0.146439184544,0
53592,-0.382990304368,0
53593,-0.363792995972,0
53594,-0.112625643741,0
53595,-0.112135540071,0
53596,-0.286008685547,0
53597,-0.204528510703,0
53598,-0.578079836988,0
53599,-0.285363937778,0
53600,-0.669524269346,0
53601,-0.60380197481,0
53602,-0.389540978548,0
53603,-0.587053760083,0
53604,-0.764219188902,0
53605,-0.914869112992,0
53606,-0.63890525629,0
53607,-1.00593672612,0
53608,-0.934688846291,0
53609,-0.893001390869,0
53610,-0.751335439304,0
53611,-1.0068164387,0
53612,-0.920452614413,0
53613,-1.14037033651,0
53614,-1.24548049183,0
53615,-0.969584000271,0
53616,-1.21771056588,0
53617,-1.43156975436,0
53618,-1.42718396822,0
53619,-1.26124679215,0
53620,-1.14904818931,0
53621,-1.51560965179,0
53622,-1.41653698288,0
53623,-1.64648050392,0
53624,-1.67859310108,0
53625,-1.32860526385,0
53626,-1.39218394783,0
53627,-1.35140384295,0
53628,-1.42328289215,0
53629,-1.4591714248,0
53630,-1.6502952891,0
53631,-1.76763038123,0
53632,-1.77679159106,0
53633,-1.56221772338,0
53634,-1.94212061112,0
53635,-1.96331817422,0
53636,-1.56838472048,0
53637,-1.86045523002,0
53638,-1.91644246371,0
53639,-2.02301054429,0
53640,-2.04847612158,0
53641,-1.64485955333,0
53642,-2.01685787831,0
53643,-2.06006043636,0
53644,-1.77676929879,0
53645,-1.75702532066,0
53646,-1.86762564133,0
53647,-1.73948839386,0
53648,-1.94131490089,0
53649,-2.0791694784,0
53650,-1.94991973272,0
53651,-1.69753906051,0
53652,-2.11363438458,0
53653,-1.96815510263,0
53654,-2.08510437901,0
53655,-1.82592363589,0
53656,-2.08764332629,0
53657,-1.69637649808,0
53658,-1.81389785425,0
53659,-1.96644035912,0
53660,-2.04396189623,0
53661,-1.72694647019,0
53662,-1.60924953686,0
53663,-1.59731834677,0
53664,-1.62110334817,0
53665,-1.64634612021,0
53666,-1.78894683685,0
53667,-1.61776438153,0
53668,-1.49496748245,0
53669,-1.70569696009,0
53670,-1.80488602519,0
53671,-1.48787531987,0
53672,-1.46263015504,0
53673,-1.46277139237,0
53674,-1.61808003398,0
53675,-1.68333694768,0
53676,-1.46314618406,0
53677,-1.4367126893,0
53678,-1.3085139111,0
53679,-1.44417679085,0
53680,-1.51581052451,0
53681,-1.4873105957,0
53682,-1.07745286719,0
53683,-1.02098468531,0
53684,-1.36638306621,0
53685,-0.916455071054,0
53686,-0.975755305869,0
53687,-0.840191186522,0
53688,-0.883095282567,0
53689,-0.759064262827,0
53690,-0.73948114264,0
53691,-1.08429791836,0
53692,-0.865304639004,0
53693,-0.772576704979,0
53694,-0.935156170272,0
53695,-0.812760664171,0
53696,-0.870424987432,0
53697,-0.518796046316,0
53698,-0.385762252919,0
53699,-0.515970050532,0
53700,-0.634101830975,0
53701,-0.401292217228,0
53702,-0.380164584221,0
53703,-0.49705786528,0
53704,-0.491834725748,0
53705,-0.13858029961,0
53706,-0.0260838099756,0
53707,-0.310536342052,0
53708,0.0652381820605,0
53709,-0.303288378516,0
53710,0.151494767597,0
53711,-0.0966923331761,0
53712,0.0345192641729,0
53713,-0.0701770610072,0
53714,0.111689601249,0
53715,0.231775814568,0
53716,0.338790451192,0
53717,0.0632104405305,0
53718,0.435431087975,0
53719,0.205650207832,0
53720,0.224082132968,0
53721,0.203425344939,0
53722,0.477390945606,0
53723,0.283044025296,0
53724,0.312950185755,0
53725,0.33171993356,0
53726,0.395373256192,0
53727,0.515380344529,0
53728,0.786340519696,0
53729,0.639535828848,0
53730,0.515552610275,0
53731,0.8587497525,0
53732,0.841748859439,0
53733,0.533032268049,0
53734,0.829523561502,0
53735,0.963275633127,0
53736,0.965400995177,0
53737,0.665525702144,0
53738,1.01364441727,0
53739,0.659961580103,0
53740,0.989553603211,0
53741,1.05224865764,0
53742,0.882854489193,0
53743,0.908549294581,0
53744,0.684626002711,0
53745,0.770114676445,0
53746,1.09550639723,0
53747,1.0337302852,0
53748,0.957043839251,0
53749,0.693775064862,0
53750,0.711214679401,0
53751,0.949663068693,0
53752,1.08567449465,0
53753,1.01238509282,0
53754,0.877207368929,0
53755,0.843461323102,0
53756,0.916934242012,0
53757,0.884233026359,0
53758,0.800285956543,0
53759,0.62055038519,0
53760,0.862315426073,0
53761,0.59392485975,0
53762,0.761139555873,0
53763,0.561001185714,0
53764,0.86238217712,0
53765,0.569672630436,0
53766,0.770006419939,0
53767,0.562939491944,0
53768,0.564829472163,0
53769,0.771335650573,0
53770,0.408554628415,0
53771,0.51668935926,0
53772,0.353786071676,0
53773,0.654347276281,0
53774,0.365475881854,0
53775,0.252212943867,0
53776,0.512388151701,0
53777,0.596170025435,0
53778,0.298951818515,0
53779,0.497257092504,0
53780,0.293232582126,0
53781,0.448459261584,0
53782,0.377315495315,0
53783,-0.0394956472189,0
53784,0.255412526087,0
53785,0.301787222976,0
53786,-0.124557005312,0
53787,-0.167146066282,0
53788,0.149034489429,0
53789,0.126722393607,0
53790,-0.186091673127,0
53791,-0.160547172756,0
53792,-0.39709829258,0
53793,-0.377900984185,0
53794,-0.126733631953,0
53795,-0.126243528284,0
53796,-0.300116673759,0
53797,-0.218636498916,0
53798,-0.5921878252,0
53799,-0.29947192599,0
53800,-0.899895808329,0
53801,-0.834173513793,0
53802,-0.619912517531,0
53803,-0.817425299067,0
53804,-0.994590727885,0
53805,-1.14524065198,0
53806,-0.869276795273,0
53807,-1.23630826511,0
53808,-1.16506038527,0
53809,-1.12337292985,0
53810,-0.981706978287,0
53811,-1.23718797768,0
53812,-1.1508241534,0
53813,-1.37074187549,0
53814,-1.47585203082,0
53815,-1.19995553925,0
53816,-1.44808210487,0
53817,-1.66194129334,0
53818,-1.6575555072,0
53819,-1.49161833113,0
53820,-1.37941972829,0
53821,-1.74598119077,0
53822,-1.64690852186,0
53823,-1.87685204291,0
53824,-1.90896464006,0
53825,-1.55897680283,0
53826,-1.62255548681,0
53827,-1.58177538193,0
53828,-1.65365443113,0
53829,-1.68954296378,0
53830,-1.88066682809,0
53831,-1.99800192022,0
53832,-2.00716313004,0
53833,-1.79258926236,0
53834,-2.1724921501,0
53835,-2.1936897132,0
53836,-1.79875625946,0
53837,-2.09082676901,0
53838,-2.14681400269,0
53839,-2.25338208327,0
53840,-2.27884766057,0
53841,-1.87523109231,0
53842,-2.24722941729,0
53843,-2.29043197534,0
53844,-2.00714083777,0
53845,-1.98739685964,0
53846,-2.09799718032,0
53847,-1.96985993284,0
53848,-2.17168643987,0
53849,-2.30954101739,0
53850,-2.1802912717,0
53851,-1.92791059949,0
53852,-2.34400592356,0
53853,-2.19852664162,0
53854,-2.315475918,0
53855,-2.05629517488,0
53856,-2.31801486527,0
53857,-1.92674803706,0
53858,-2.04426939323,0
53859,-2.1968118981,0
53860,-2.27433343521,0
53861,-1.95731800918,0
53862,-1.83962107585,0
53863,-1.82768988575,0
53864,-1.85147488716,0
53865,-1.87671765919,0
53866,-2.01931837583,0
53867,-1.84813592052,0
53868,-1.72533902143,0
53869,-1.93606849907,0
53870,-2.03525756417,0
53871,-1.71824685886,0
53872,-1.69300169402,0
53873,-1.69314293135,0
53874,-1.84845157296,0
53875,-1.91370848667,0
53876,-1.69351772304,0
53877,-1.66708422828,0
53878,-1.53888545008,0
53879,-1.67454832983,0
53880,-1.74618206349,0
53881,-1.71768213469,0
53882,-1.30782440617,0
53883,-1.25135622429,0
53884,-1.5967546052,0
53885,-1.14682661004,0
53886,-1.20612684485,0
53887,-1.07056272551,0
53888,-1.11346682155,0
53889,-0.98943580181,0
53890,-0.969852681624,0
53891,-1.31466945734,0
53892,-1.09567617799,0
53893,-1.00294824396,0
53894,-1.16552770926,0
53895,-1.04313220315,0
53896,-1.10079652642,0
53897,-0.749167585299,0
53898,-0.616133791902,0
53899,-0.746341589515,0
53900,-0.864473369959,0
53901,-0.631663756211,0
53902,-0.610536123205,0
53903,-0.727429404263,0
53904,-0.722206264731,0
53905,-0.368951838593,0
53906,-0.256455348959,0
53907,-0.540907881036,0
53908,-0.165133356923,0
53909,-0.533659917499,0
53910,-0.0788767713865,0
53911,-0.327063872159,0
53912,-0.19585227481,0
53913,-0.300548599991,0
53914,-0.118681937734,0
53915,0.00140427558449,0
53916,0.108418912209,0
53917,-0.167161098453,0
53918,0.205059548992,0
53919,-0.0247213311516,0
53920,-0.00628940601547,0
53921,-0.0269461940439,0
53922,0.247019406623,0
53923,0.0526724863129,0
53924,0.0825786467716,0
53925,0.101348394577,0
53926,0.165001717209,0
53927,0.285008805546,0
53928,0.555968980713,0
53929,0.409164289865,0
53930,0.285181071292,0
53931,0.628378213517,0
53932,0.611377320456,0
53933,0.302660729065,0
53934,0.599152022518,0
53935,0.732904094144,0
53936,0.735029456194,0
53937,0.43515416316,0
53938,0.783272878282,0
53939,0.42959004112,0
53940,0.759182064228,0
53941,0.821877118658,0
53942,0.652482950209,0
53943,0.678177755598,0
53944,0.454254463727,0
53945,0.539743137461,0
53946,0.865134858243,0
53947,0.803358746216,0
53948,0.726672300268,0
53949,0.463403525879,0
53950,0.480843140418,0
53951,0.71929152971,0
53952,0.855302955668,0
53953,0.782013553834,0
53954,0.646835829945,0
53955,0.613089784119,0
53956,0.686562703029,0
53957,0.653861487376,0
53958,0.56991441756,0
53959,0.390178846207,0
53960,0.63194388709,0
53961,0.363553320766,0
53962,0.530768016889,0
53963,0.33062964673,0
53964,0.632010638137,0
53965,0.339301091453,0
53966,0.539634880956,0
53967,0.33256795296,0
53968,0.334457933179,0
53969,0.54096411159,0
53970,0.178183089432,0
53971,0.286317820277,0
53972,0.123414532692,0
53973,0.423975737298,0
53974,0.135104342871,0
53975,0.0218414048833,0
53976,0.282016612717,0
53977,0.365798486452,0
53978,0.0685802795313,0
53979,0.26688555352,0
53980,0.0628610431427,0
53981,0.2180877226,0
53982,0.146943956331,0
53983,-0.269867186202,0
53984,0.0250409871034,0
53985,0.0714156839926,0
53986,-0.354928544295,0
53987,-0.397517605266,0
53988,-0.0813370495541,0
53989,-0.103649145376,0
53990,-0.41646321211,0
53991,-0.39091871174,0
53992,-0.627469831563,0
53993,-0.608272523168,0
53994,-0.357105170937,0
53995,-0.356615067267,0
53996,-0.530488212743,0
53997,-0.449008037899,0
53998,-0.822559364183,0
53999,-0.529843464974,0
54000,-0.843312074786,0
54001,-0.77758978025,0
54002,-0.563328783988,0
54003,-0.760841565523,0
54004,-0.938006994342,0
54005,-1.08865691843,0
54006,-0.81269306173,0
54007,-1.17972453156,0
54008,-1.10847665173,0
54009,-1.06678919631,0
54010,-0.925123244743,0
54011,-1.18060424414,0
54012,-1.09424041985,0
54013,-1.31415814195,0
54014,-1.41926829727,0
54015,-1.14337180571,0
54016,-1.39149837132,0
54017,-1.6053575598,0
54018,-1.60097177366,0
54019,-1.43503459759,0
54020,-1.32283599475,0
54021,-1.68939745723,0
54022,-1.59032478832,0
54023,-1.82026830936,0
54024,-1.85238090652,0
54025,-1.50239306929,0
54026,-1.56597175327,0
54027,-1.52519164839,0
54028,-1.59707069759,0
54029,-1.63295923024,0
54030,-1.82408309454,0
54031,-1.94141818667,0
54032,-1.9505793965,0
54033,-1.73600552882,0
54034,-2.11590841656,0
54035,-2.13710597966,0
54036,-1.74217252592,0
54037,-2.03424303546,0
54038,-2.09023026915,0
54039,-2.19679834973,0
54040,-2.22226392702,0
54041,-1.81864735877,0
54042,-2.19064568375,0
54043,-2.2338482418,0
54044,-1.95055710423,0
54045,-1.9308131261,0
54046,-2.04141344677,0
54047,-1.9132761993,0
54048,-2.11510270633,0
54049,-2.25295728384,0
54050,-2.12370753816,0
54051,-1.87132686595,0
54052,-2.28742219002,0
54053,-2.14194290807,0
54054,-2.25889218445,0
54055,-1.99971144133,0
54056,-2.26143113173,0
54057,-1.87016430352,0
54058,-1.98768565969,0
54059,-2.14022816456,0
54060,-2.21774970167,0
54061,-1.90073427563,0
54062,-1.7830373423,0
54063,-1.77110615221,0
54064,-1.79489115361,0
54065,-1.82013392565,0
54066,-1.96273464229,0
54067,-1.79155218697,0
54068,-1.66875528789,0
54069,-1.87948476553,0
54070,-1.97867383063,0
54071,-1.66166312531,0
54072,-1.63641796048,0
54073,-1.63655919781,0
54074,-1.79186783942,0
54075,-1.85712475312,0
54076,-1.6369339895,0
54077,-1.61050049474,0
54078,-1.48230171654,0
54079,-1.61796459629,0
54080,-1.68959832995,0
54081,-1.66109840114,0
54082,-1.25124067263,0
54083,-1.19477249075,0
54084,-1.54017087165,0
54085,-1.09024287649,0
54086,-1.14954311131,0
54087,-1.01397899196,0
54088,-1.05688308801,0
54089,-0.932852068267,0
54090,-0.91326894808,0
54091,-1.2580857238,0
54092,-1.03909244444,0
54093,-0.946364510419,0
54094,-1.10894397571,0
54095,-0.986548469611,0
54096,-1.04421279287,0
54097,-0.692583851756,0
54098,-0.559550058359,0
54099,-0.689757855972,0
54100,-0.807889636415,0
54101,-0.575080022668,0
54102,-0.553952389661,0
54103,-0.67084567072,0
54104,-0.665622531188,0
54105,-0.31236810505,0
54106,-0.199871615416,0
54107,-0.484324147492,0
54108,-0.108549623379,0
54109,-0.477076183956,0
54110,-0.0222930378432,0
54111,-0.270480138616,0
54112,-0.139268541267,0
54113,-0.243964866447,0
54114,-0.0620982041905,0
54115,0.0579880091278,0
54116,0.165002645752,0
54117,-0.11057736491,0
54118,0.261643282535,0
54119,0.0318624023917,0
54120,0.0502943275279,0
54121,0.0296375394994,0
54122,0.303603140166,0
54123,0.109256219856,0
54124,0.139162380315,0
54125,0.15793212812,0
54126,0.221585450752,0
54127,0.341592539089,0
54128,0.612552714256,0
54129,0.465748023408,0
54130,0.341764804835,0
54131,0.68496194706,0
54132,0.667961053999,0
54133,0.359244462609,0
54134,0.655735756062,0
54135,0.789487827687,0
54136,0.791613189737,0
54137,0.491737896704,0
54138,0.839856611826,0
54139,0.486173774663,0
54140,0.815765797771,0
54141,0.878460852201,0
54142,0.709066683753,0
54143,0.734761489141,0
54144,0.510838197271,0
54145,0.596326871005,0
54146,0.921718591787,0
54147,0.859942479759,0
54148,0.783256033811,0
54149,0.519987259422,0
54150,0.537426873961,0
54151,0.775875263253,0
54152,0.911886689211,0
54153,0.838597287377,0
54154,0.703419563489,0
54155,0.669673517662,0
54156,0.743146436572,0
54157,0.710445220919,0
54158,0.626498151103,0
54159,0.44676257975,0
54160,0.688527620633,0
54161,0.42013705431,0
54162,0.587351750433,0
54163,0.387213380274,0
54164,0.68859437168,0
54165,0.395884824996,0
54166,0.596218614499,0
54167,0.389151686504,0
54168,0.391041666723,0
54169,0.597547845133,0
54170,0.234766822975,0
54171,0.34290155382,0
54172,0.179998266236,0
54173,0.480559470841,0
54174,0.191688076414,0
54175,0.0784251384267,0
54176,0.338600346261,0
54177,0.422382219995,0
54178,0.125164013075,0
54179,0.323469287064,0
54180,0.119444776686,0
54181,0.274671456144,0
54182,0.203527689875,0
54183,-0.213283452659,0
54184,0.0816247206467,0
54185,0.127999417536,0
54186,-0.298344810752,0
54187,-0.340933871722,0
54188,-0.0247533160108,0
54189,-0.047065411833,0
54190,-0.359879478567,0
54191,-0.334334978196,0
54192,-0.57088609802,0
54193,-0.551688789625,0
54194,-0.300521437393,0
54195,-0.300031333724,0
54196,-0.473904479199,0
54197,-0.392424304356,0
54198,-0.76597563064,0
54199,-0.47325973143,0
54200,-0.911735246399,0
54201,-0.846012951863,0
54202,-0.631751955601,0
54203,-0.829264737137,0
54204,-1.00643016596,0
54205,-1.15708009005,0
54206,-0.881116233343,0
54207,-1.24814770318,0
54208,-1.17689982334,0
54209,-1.13521236792,0
54210,-0.993546416357,0
54211,-1.24902741575,0
54212,-1.16266359147,0
54213,-1.38258131356,0
54214,-1.48769146889,0
54215,-1.21179497732,0
54216,-1.45992154294,0
54217,-1.67378073141,0
54218,-1.66939494527,0
54219,-1.5034577692,0
54220,-1.39125916636,0
54221,-1.75782062884,0
54222,-1.65874795993,0
54223,-1.88869148098,0
54224,-1.92080407813,0
54225,-1.5708162409,0
54226,-1.63439492488,0
54227,-1.59361482,0
54228,-1.6654938692,0
54229,-1.70138240185,0
54230,-1.89250626616,0
54231,-2.00984135829,0
54232,-2.01900256811,0
54233,-1.80442870043,0
54234,-2.18433158817,0
54235,-2.20552915127,0
54236,-1.81059569753,0
54237,-2.10266620708,0
54238,-2.15865344076,0
54239,-2.26522152134,0
54240,-2.29068709864,0
54241,-1.88707053038,0
54242,-2.25906885536,0
54243,-2.30227141341,0
54244,-2.01898027584,0
54245,-1.99923629771,0
54246,-2.10983661839,0
54247,-1.98169937091,0
54248,-2.18352587794,0
54249,-2.32138045546,0
54250,-2.19213070977,0
54251,-1.93975003756,0
54252,-2.35584536163,0
54253,-2.21036607969,0
54254,-2.32731535607,0
54255,-2.06813461295,0
54256,-2.32985430334,0
54257,-1.93858747513,0
54258,-2.0561088313,0
54259,-2.20865133617,0
54260,-2.28617287328,0
54261,-1.96915744725,0
54262,-1.85146051392,0
54263,-1.83952932382,0
54264,-1.86331432523,0
54265,-1.88855709726,0
54266,-2.0311578139,0
54267,-1.85997535859,0
54268,-1.7371784595,0
54269,-1.94790793714,0
54270,-2.04709700224,0
54271,-1.73008629693,0
54272,-1.70484113209,0
54273,-1.70498236942,0
54274,-1.86029101103,0
54275,-1.92554792474,0
54276,-1.70535716111,0
54277,-1.67892366635,0
54278,-1.55072488815,0
54279,-1.6863877679,0
54280,-1.75802150156,0
54281,-1.72952157276,0
54282,-1.31966384424,0
54283,-1.26319566236,0
54284,-1.60859404327,0
54285,-1.15866604811,0
54286,-1.21796628292,0
54287,-1.08240216358,0
54288,-1.12530625962,0
54289,-1.00127523988,0
54290,-0.981692119694,0
54291,-1.32650889541,0
54292,-1.10751561606,0
54293,-1.01478768203,0
54294,-1.17736714733,0
54295,-1.05497164122,0
54296,-1.11263596449,0
54297,-0.761007023369,0
54298,-0.627973229972,0
54299,-0.758181027585,0
54300,-0.876312808029,0
54301,-0.643503194281,0
54302,-0.622375561275,0
54303,-0.739268842333,0
54304,-0.734045702801,0
54305,-0.380791276663,0
54306,-0.268294787029,0
54307,-0.552747319106,0
54308,-0.176972794993,0
54309,-0.545499355569,0
54310,-0.0907162094566,0
54311,-0.33890331023,0
54312,-0.20769171288,0
54313,-0.312388038061,0
54314,-0.130521375804,0
54315,-0.0104351624856,0
54316,0.0965794741386,0
54317,-0.179000536523,0
54318,0.193220110921,0
54319,-0.0365607692216,0
54320,-0.0181288440855,0
54321,-0.038785632114,0
54322,0.235179968553,0
54323,0.0408330482429,0
54324,0.0707392087015,0
54325,0.0895089565066,0
54326,0.153162279139,0
54327,0.273169367476,0
54328,0.544129542642,0
54329,0.397324851795,0
54330,0.273341633221,0
54331,0.616538775447,0
54332,0.599537882385,0
54333,0.290821290995,0
54334,0.587312584448,0
54335,0.721064656074,0
54336,0.723190018124,0
54337,0.42331472509,0
54338,0.771433440212,0
54339,0.41775060305,0
54340,0.747342626158,0
54341,0.810037680588,0
54342,0.640643512139,0
54343,0.666338317528,0
54344,0.442415025657,0
54345,0.527903699391,0
54346,0.853295420173,0
54347,0.791519308146,0
54348,0.714832862198,0
54349,0.451564087809,0
54350,0.469003702348,0
54351,0.707452091639,0
54352,0.843463517598,0
54353,0.770174115764,0
54354,0.634996391875,0
54355,0.601250346049,0
54356,0.674723264959,0
54357,0.642022049306,0
54358,0.55807497949,0
54359,0.378339408137,0
54360,0.62010444902,0
54361,0.351713882696,0
54362,0.518928578819,0
54363,0.31879020866,0
54364,0.620171200067,0
54365,0.327461653383,0
54366,0.527795442886,0
54367,0.32072851489,0
54368,0.322618495109,0
54369,0.529124673519,0
54370,0.166343651362,0
54371,0.274478382207,0
54372,0.111575094622,0
54373,0.412136299228,0
54374,0.123264904801,0
54375,0.0100019668133,0
54376,0.270177174647,0
54377,0.353959048382,0
54378,0.0567408414613,0
54379,0.25504611545,0
54380,0.0510216050727,0
54381,0.20624828453,0
54382,0.135104518261,0
54383,-0.281706624272,0
54384,0.0132015490334,0
54385,0.0595762459226,0
54386,-0.366767982366,0
54387,-0.409357043336,0
54388,-0.0931764876242,0
54389,-0.115488583446,0
54390,-0.42830265018,0
54391,-0.40275814981,0
54392,-0.639309269633,0
54393,-0.620111961238,0
54394,-0.368944609007,0
54395,-0.368454505337,0
54396,-0.542327650813,0
54397,-0.460847475969,0
54398,-0.834398802254,0
54399,-0.541682903044,0
54400,-0.966971994294,0
54401,-0.901249699758,0
54402,-0.686988703496,0
54403,-0.884501485032,0
54404,-1.06166691385,0
54405,-1.21231683794,0
54406,-0.936352981238,0
54407,-1.30338445107,0
54408,-1.23213657124,0
54409,-1.19044911582,0
54410,-1.04878316425,0
54411,-1.30426416364,0
54412,-1.21790033936,0
54413,-1.43781806146,0
54414,-1.54292821678,0
54415,-1.26703172522,0
54416,-1.51515829083,0
54417,-1.72901747931,0
54418,-1.72463169316,0
54419,-1.5586945171,0
54420,-1.44649591426,0
54421,-1.81305737674,0
54422,-1.71398470782,0
54423,-1.94392822887,0
54424,-1.97604082603,0
54425,-1.6260529888,0
54426,-1.68963167278,0
54427,-1.6488515679,0
54428,-1.72073061709,0
54429,-1.75661914975,0
54430,-1.94774301405,0
54431,-2.06507810618,0
54432,-2.074239316,0
54433,-1.85966544833,0
54434,-2.23956833607,0
54435,-2.26076589917,0
54436,-1.86583244543,0
54437,-2.15790295497,0
54438,-2.21389018866,0
54439,-2.32045826924,0
54440,-2.34592384653,0
54441,-1.94230727828,0
54442,-2.31430560326,0
54443,-2.35750816131,0
54444,-2.07421702374,0
54445,-2.05447304561,0
54446,-2.16507336628,0
54447,-2.03693611881,0
54448,-2.23876262584,0
54449,-2.37661720335,0
54450,-2.24736745767,0
54451,-1.99498678546,0
54452,-2.41108210953,0
54453,-2.26560282758,0
54454,-2.38255210396,0
54455,-2.12337136084,0
54456,-2.38509105124,0
54457,-1.99382422303,0
54458,-2.1113455792,0
54459,-2.26388808407,0
54460,-2.34140962118,0
54461,-2.02439419514,0
54462,-1.90669726181,0
54463,-1.89476607172,0
54464,-1.91855107312,0
54465,-1.94379384515,0
54466,-2.0863945618,0
54467,-1.91521210648,0
54468,-1.79241520739,0
54469,-2.00314468504,0
54470,-2.10233375014,0
54471,-1.78532304482,0
54472,-1.76007787999,0
54473,-1.76021911732,0
54474,-1.91552775893,0
54475,-1.98078467263,0
54476,-1.76059390901,0
54477,-1.73416041425,0
54478,-1.60596163605,0
54479,-1.7416245158,0
54480,-1.81325824946,0
54481,-1.78475832065,0
54482,-1.37490059214,0
54483,-1.31843241025,0
54484,-1.66383079116,0
54485,-1.213902796,0
54486,-1.27320303082,0
54487,-1.13763891147,0
54488,-1.18054300752,0
54489,-1.05651198778,0
54490,-1.03692886759,0
54491,-1.38174564331,0
54492,-1.16275236395,0
54493,-1.07002442993,0
54494,-1.23260389522,0
54495,-1.11020838912,0
54496,-1.16787271238,0
54497,-0.816243771264,0
54498,-0.683209977868,0
54499,-0.81341777548,0
54500,-0.931549555924,0
54501,-0.698739942177,0
54502,-0.67761230917,0
54503,-0.794505590228,0
54504,-0.789282450696,0
54505,-0.436028024558,0
54506,-0.323531534924,0
54507,-0.607984067001,0
54508,-0.232209542888,0
54509,-0.600736103464,0
54510,-0.145952957352,0
54511,-0.394140058125,0
54512,-0.262928460776,0
54513,-0.367624785956,0
54514,-0.185758123699,0
54515,-0.0656719103807,0
54516,0.0413427262435,0
54517,-0.234237284418,0
54518,0.137983363026,0
54519,-0.0917975171168,0
54520,-0.0733655919807,0
54521,-0.0940223800091,0
54522,0.179943220658,0
54523,-0.0144036996523,0
54524,0.0155024608064,0
54525,0.0342722086114,0
54526,0.0979255312436,0
54527,0.217932619581,0
54528,0.488892794747,0
54529,0.3420881039,0
54530,0.218104885326,0
54531,0.561302027551,0
54532,0.54430113449,0
54533,0.2355845431,0
54534,0.532075836553,0
54535,0.665827908179,0
54536,0.667953270229,0
54537,0.368077977195,0
54538,0.716196692317,0
54539,0.362513855155,0
54540,0.692105878263,0
54541,0.754800932693,0
54542,0.585406764244,0
54543,0.611101569633,0
54544,0.387178277762,0
54545,0.472666951496,0
54546,0.798058672278,0
54547,0.73628256025,0
54548,0.659596114303,0
54549,0.396327339913,0
54550,0.413766954452,0
54551,0.652215343744,0
54552,0.788226769702,0
54553,0.714937367869,0
54554,0.57975964398,0
54555,0.546013598154,0
54556,0.619486517064,0
54557,0.586785301411,0
54558,0.502838231595,0
54559,0.323102660241,0
54560,0.564867701125,0
54561,0.296477134801,0
54562,0.463691830924,0
54563,0.263553460765,0
54564,0.564934452172,0
54565,0.272224905488,0
54566,0.47255869499,0
54567,0.265491766995,0
54568,0.267381747214,0
54569,0.473887925624,0
54570,0.111106903467,0
54571,0.219241634312,0
54572,0.0563383467272,0
54573,0.356899551333,0
54574,0.0680281569058,0
54575,-0.0452347810819,0
54576,0.214940426752,0
54577,0.298722300487,0
54578,0.00150409356611,0
54579,0.199809367555,0
54580,-0.00421514282246,0
54581,0.151011536635,0
54582,0.0798677703662,0
54583,-0.336943372167,0
54584,-0.0420351988618,0
54585,0.00433949802742,0
54586,-0.422004730261,0
54587,-0.464593791231,0
54588,-0.148413235519,0
54589,-0.170725331342,0
54590,-0.483539398075,0
54591,-0.457994897705,0
54592,-0.694546017529,0
54593,-0.675348709133,0
54594,-0.424181356902,0
54595,-0.423691253232,0
54596,-0.597564398708,0
54597,-0.516084223864,0
54598,-0.889635550149,0
54599,-0.596919650939,0
54600,-0.893608605932,0
54601,-0.827886311396,0
54602,-0.613625315134,0
54603,-0.811138096669,0
54604,-0.988303525488,0
54605,-1.13895344958,0
54606,-0.862989592876,0
54607,-1.23002106271,0
54608,-1.15877318288,0
54609,-1.11708572745,0
54610,-0.975419775889,0
54611,-1.23090077528,0
54612,-1.144536951,0
54613,-1.36445467309,0
54614,-1.46956482842,0
54615,-1.19366833686,0
54616,-1.44179490247,0
54617,-1.65565409095,0
54618,-1.6512683048,0
54619,-1.48533112873,0
54620,-1.3731325259,0
54621,-1.73969398838,0
54622,-1.64062131946,0
54623,-1.87056484051,0
54624,-1.90267743766,0
54625,-1.55268960044,0
54626,-1.61626828441,0
54627,-1.57548817954,0
54628,-1.64736722873,0
54629,-1.68325576139,0
54630,-1.87437962569,0
54631,-1.99171471782,0
54632,-2.00087592764,0
54633,-1.78630205997,0
54634,-2.1662049477,0
54635,-2.18740251081,0
54636,-1.79246905707,0
54637,-2.08453956661,0
54638,-2.1405268003,0
54639,-2.24709488087,0
54640,-2.27256045817,0
54641,-1.86894388992,0
54642,-2.24094221489,0
54643,-2.28414477294,0
54644,-2.00085363537,0
54645,-1.98110965724,0
54646,-2.09170997792,0
54647,-1.96357273045,0
54648,-2.16539923748,0
54649,-2.30325381499,0
54650,-2.1740040693,0
54651,-1.9216233971,0
54652,-2.33771872117,0
54653,-2.19223943922,0
54654,-2.3091887156,0
54655,-2.05000797248,0
54656,-2.31172766287,0
54657,-1.92046083467,0
54658,-2.03798219084,0
54659,-2.19052469571,0
54660,-2.26804623281,0
54661,-1.95103080678,0
54662,-1.83333387345,0
54663,-1.82140268336,0
54664,-1.84518768476,0
54665,-1.87043045679,0
54666,-2.01303117343,0
54667,-1.84184871812,0
54668,-1.71905181903,0
54669,-1.92978129668,0
54670,-2.02897036177,0
54671,-1.71195965646,0
54672,-1.68671449163,0
54673,-1.68685572895,0
54674,-1.84216437056,0
54675,-1.90742128427,0
54676,-1.68723052064,0
54677,-1.66079702588,0
54678,-1.53259824769,0
54679,-1.66826112744,0
54680,-1.7398948611,0
54681,-1.71139493229,0
54682,-1.30153720377,0
54683,-1.24506902189,0
54684,-1.5904674028,0
54685,-1.14053940764,0
54686,-1.19983964245,0
54687,-1.06427552311,0
54688,-1.10717961915,0
54689,-0.983148599413,0
54690,-0.963565479226,0
54691,-1.30838225495,0
54692,-1.08938897559,0
54693,-0.996661041565,0
54694,-1.15924050686,0
54695,-1.03684500076,0
54696,-1.09450932402,0
54697,-0.742880382902,0
54698,-0.609846589505,0
54699,-0.740054387118,0
54700,-0.858186167561,0
54701,-0.625376553814,0
54702,-0.604248920807,0
54703,-0.721142201866,0
54704,-0.715919062334,0
54705,-0.362664636196,0
54706,-0.250168146561,0
54707,-0.534620678638,0
54708,-0.158846154525,0
54709,-0.527372715101,0
54710,-0.0725895689891,0
54711,-0.320776669762,0
54712,-0.189565072413,0
54713,-0.294261397593,0
54714,-0.112394735336,0
54715,0.00769147798193,0
54716,0.114706114606,0
54717,-0.160873896055,0
54718,0.211346751389,0
54719,-0.0184341287541,0
54720,-2.2036180285e-06,0
54721,-0.0206589916465,0
54722,0.25330660902,0
54723,0.0589596887104,0
54724,0.088865849169,0
54725,0.107635596974,0
54726,0.171288919606,0
54727,0.291296007943,0
54728,0.56225618311,0
54729,0.415451492262,0
54730,0.291468273689,0
54731,0.634665415914,0
54732,0.617664522853,0
54733,0.308947931463,0
54734,0.605439224916,0
54735,0.739191296541,0
54736,0.741316658591,0
54737,0.441441365558,0
54738,0.78956008068,0
54739,0.435877243517,0
54740,0.765469266625,0
54741,0.828164321055,0
54742,0.658770152607,0
54743,0.684464957995,0
54744,0.460541666125,0
54745,0.546030339859,0
54746,0.871422060641,0
54747,0.809645948613,0
54748,0.732959502665,0
54749,0.469690728276,0
54750,0.487130342815,0
54751,0.725578732107,0
54752,0.861590158065,0
54753,0.788300756232,0
54754,0.653123032343,0
54755,0.619376986516,0
54756,0.692849905427,0
54757,0.660148689773,0
54758,0.576201619958,0
54759,0.396466048604,0
54760,0.638231089487,0
54761,0.369840523164,0
54762,0.537055219287,0
54763,0.336916849128,0
54764,0.638297840534,0
54765,0.34558829385,0
54766,0.545922083353,0
54767,0.338855155358,0
54768,0.340745135577,0
54769,0.547251313987,0
54770,0.18447029183,0
54771,0.292605022675,0
54772,0.12970173509,0
54773,0.430262939695,0
54774,0.141391545268,0
54775,0.0281286072808,0
54776,0.288303815115,0
54777,0.372085688849,0
54778,0.0748674819288,0
54779,0.273172755918,0
54780,0.0691482455402,0
54781,0.224374924998,0
54782,0.153231158729,0
54783,-0.263579983805,0
54784,0.0313281895008,0
54785,0.0777028863901,0
54786,-0.348641341898,0
54787,-0.391230402868,0
54788,-0.0750498471567,0
54789,-0.0973619429789,0
54790,-0.410176009713,0
54791,-0.384631509342,0
54792,-0.621182629166,0
54793,-0.601985320771,0
54794,-0.350817968539,0
54795,-0.350327864869,0
54796,-0.524201010345,0
54797,-0.442720835502,0
54798,-0.816272161786,0
54799,-0.523556262576,0
54800,-0.991332523511,0
54801,-0.925610228975,0
54802,-0.711349232713,0
54803,-0.908862014248,0
54804,-1.08602744307,0
54805,-1.23667736716,0
54806,-0.960713510455,0
54807,-1.32774498029,0
54808,-1.25649710046,0
54809,-1.21480964503,0
54810,-1.07314369347,0
54811,-1.32862469286,0
54812,-1.24226086858,0
54813,-1.46217859067,0
54814,-1.567288746,0
54815,-1.29139225444,0
54816,-1.53951882005,0
54817,-1.75337800853,0
54818,-1.74899222238,0
54819,-1.58305504631,0
54820,-1.47085644348,0
54821,-1.83741790595,0
54822,-1.73834523704,0
54823,-1.96828875809,0
54824,-2.00040135524,0
54825,-1.65041351802,0
54826,-1.71399220199,0
54827,-1.67321209712,0
54828,-1.74509114631,0
54829,-1.78097967896,0
54830,-1.97210354327,0
54831,-2.0894386354,0
54832,-2.09859984522,0
54833,-1.88402597754,0
54834,-2.26392886528,0
54835,-2.28512642839,0
54836,-1.89019297465,0
54837,-2.18226348419,0
54838,-2.23825071788,0
54839,-2.34481879845,0
54840,-2.37028437575,0
54841,-1.96666780749,0
54842,-2.33866613247,0
54843,-2.38186869052,0
54844,-2.09857755295,0
54845,-2.07883357482,0
54846,-2.1894338955,0
54847,-2.06129664803,0
54848,-2.26312315506,0
54849,-2.40097773257,0
54850,-2.27172798688,0
54851,-2.01934731468,0
54852,-2.43544263875,0
54853,-2.2899633568,0
54854,-2.40691263318,0
54855,-2.14773189006,0
54856,-2.40945158045,0
54857,-2.01818475225,0
54858,-2.13570610842,0
54859,-2.28824861329,0
54860,-2.36577015039,0
54861,-2.04875472436,0
54862,-1.93105779103,0
54863,-1.91912660093,0
54864,-1.94291160234,0
54865,-1.96815437437,0
54866,-2.11075509101,0
54867,-1.9395726357,0
54868,-1.81677573661,0
54869,-2.02750521426,0
54870,-2.12669427935,0
54871,-1.80968357404,0
54872,-1.7844384092,0
54873,-1.78457964653,0
54874,-1.93988828814,0
54875,-2.00514520185,0
54876,-1.78495443822,0
54877,-1.75852094346,0
54878,-1.63032216526,0
54879,-1.76598504502,0
54880,-1.83761877867,0
54881,-1.80911884987,0
54882,-1.39926112135,0
54883,-1.34279293947,0
54884,-1.68819132038,0
54885,-1.23826332522,0
54886,-1.29756356003,0
54887,-1.16199944069,0
54888,-1.20490353673,0
54889,-1.08087251699,0
54890,-1.06128939681,0
54891,-1.40610617252,0
54892,-1.18711289317,0
54893,-1.09438495914,0
54894,-1.25696442444,0
54895,-1.13456891834,0
54896,-1.1922332416,0
54897,-0.840604300481,0
54898,-0.707570507084,0
54899,-0.837778304697,0
54900,-0.95591008514,0
54901,-0.723100471393,0
54902,-0.701972838386,0
54903,-0.818866119445,0
54904,-0.813642979913,0
54905,-0.460388553775,0
54906,-0.347892064141,0
54907,-0.632344596217,0
54908,-0.256570072104,0
54909,-0.625096632681,0
54910,-0.170313486568,0
54911,-0.418500587341,0
54912,-0.287288989992,0
54913,-0.391985315172,0
54914,-0.210118652916,0
54915,-0.0900324395972,0
54916,0.016982197027,0
54917,-0.258597813635,0
54918,0.11362283381,0
54919,-0.116158046333,0
54920,-0.0977261211972,0
54921,-0.118382909226,0
54922,0.155582691441,0
54923,-0.0387642288688,0
54924,-0.00885806841014,0
54925,0.00991167939495,0
54926,0.0735650020271,0
54927,0.193572090364,0
54928,0.464532265531,0
54929,0.317727574683,0
54930,0.19374435611,0
54931,0.536941498335,0
54932,0.519940605274,0
54933,0.211224013884,0
54934,0.507715307337,0
54935,0.641467378962,0
54936,0.643592741012,0
54937,0.343717447979,0
54938,0.691836163101,0
54939,0.338153325938,0
54940,0.667745349046,0
54941,0.730440403476,0
54942,0.561046235028,0
54943,0.586741040416,0
54944,0.362817748545,0
54945,0.44830642228,0
54946,0.773698143062,0
54947,0.711922031034,0
54948,0.635235585086,0
54949,0.371966810697,0
54950,0.389406425236,0
54951,0.627854814528,0
54952,0.763866240486,0
54953,0.690576838652,0
54954,0.555399114764,0
54955,0.521653068937,0
54956,0.595125987847,0
54957,0.562424772194,0
54958,0.478477702378,0
54959,0.298742131025,0
54960,0.540507171908,0
54961,0.272116605585,0
54962,0.439331301708,0
54963,0.239192931549,0
54964,0.540573922955,0
54965,0.247864376271,0
54966,0.448198165774,0
54967,0.241131237779,0
54968,0.243021217998,0
54969,0.449527396408,0
54970,0.0867463742505,0
54971,0.194881105095,0
54972,0.0319778175107,0
54973,0.332539022116,0
54974,0.0436676276893,0
54975,-0.0695953102984,0
54976,0.190579897536,0
54977,0.27436177127,0
54978,-0.0228564356504,0
54979,0.175448838339,0
54980,-0.028575672039,0
54981,0.126651007419,0
54982,0.0555072411497,0
54983,-0.361303901384,0
54984,-0.0663957280783,0
54985,-0.0200210311891,0
54986,-0.446365259477,0
54987,-0.488954320447,0
54988,-0.172773764736,0
54989,-0.195085860558,0
54990,-0.507899927292,0
54991,-0.482355426921,0
54992,-0.718906546745,0
54993,-0.69970923835,0
54994,-0.448541886118,0
54995,-0.448051782449,0
54996,-0.621924927924,0
54997,-0.540444753081,0
54998,-0.913996079365,0
54999,-0.621280180155,0
55000,-0.98912707932,0
55001,-0.923404784783,0
55002,-0.709143788521,0
55003,-0.906656570057,0
55004,-1.08382199888,0
55005,-1.23447192297,0
55006,-0.958508066264,0
55007,-1.3255395361,0
55008,-1.25429165626,0
55009,-1.21260420084,0
55010,-1.07093824928,0
55011,-1.32641924867,0
55012,-1.24005542439,0
55013,-1.45997314648,0
55014,-1.56508330181,0
55015,-1.28918681024,0
55016,-1.53731337586,0
55017,-1.75117256433,0
55018,-1.74678677819,0
55019,-1.58084960212,0
55020,-1.46865099929,0
55021,-1.83521246176,0
55022,-1.73613979285,0
55023,-1.9660833139,0
55024,-1.99819591105,0
55025,-1.64820807382,0
55026,-1.7117867578,0
55027,-1.67100665292,0
55028,-1.74288570212,0
55029,-1.77877423477,0
55030,-1.96989809908,0
55031,-2.08723319121,0
55032,-2.09639440103,0
55033,-1.88182053335,0
55034,-2.26172342109,0
55035,-2.28292098419,0
55036,-1.88798753045,0
55037,-2.18005804,0
55038,-2.23604527368,0
55039,-2.34261335426,0
55040,-2.36807893156,0
55041,-1.9644623633,0
55042,-2.33646068828,0
55043,-2.37966324633,0
55044,-2.09637210876,0
55045,-2.07662813063,0
55046,-2.18722845131,0
55047,-2.05909120383,0
55048,-2.26091771086,0
55049,-2.39877228838,0
55050,-2.26952254269,0
55051,-2.01714187048,0
55052,-2.43323719456,0
55053,-2.28775791261,0
55054,-2.40470718899,0
55055,-2.14552644587,0
55056,-2.40724613626,0
55057,-2.01597930805,0
55058,-2.13350066422,0
55059,-2.28604316909,0
55060,-2.3635647062,0
55061,-2.04654928017,0
55062,-1.92885234684,0
55063,-1.91692115674,0
55064,-1.94070615815,0
55065,-1.96594893018,0
55066,-2.10854964682,0
55067,-1.93736719151,0
55068,-1.81457029242,0
55069,-2.02529977007,0
55070,-2.12448883516,0
55071,-1.80747812985,0
55072,-1.78223296501,0
55073,-1.78237420234,0
55074,-1.93768284395,0
55075,-2.00293975766,0
55076,-1.78274899403,0
55077,-1.75631549927,0
55078,-1.62811672107,0
55079,-1.76377960082,0
55080,-1.83541333448,0
55081,-1.80691340568,0
55082,-1.39705567716,0
55083,-1.34058749528,0
55084,-1.68598587619,0
55085,-1.23605788103,0
55086,-1.29535811584,0
55087,-1.1597939965,0
55088,-1.20269809254,0
55089,-1.0786670728,0
55090,-1.05908395261,0
55091,-1.40390072833,0
55092,-1.18490744898,0
55093,-1.09217951495,0
55094,-1.25475898025,0
55095,-1.13236347414,0
55096,-1.19002779741,0
55097,-0.838398856289,0
55098,-0.705365062893,0
55099,-0.835572860506,0
55100,-0.953704640949,0
55101,-0.720895027202,0
55102,-0.699767394195,0
55103,-0.816660675253,0
55104,-0.811437535721,0
55105,-0.458183109584,0
55106,-0.345686619949,0
55107,-0.630139152026,0
55108,-0.254364627913,0
55109,-0.622891188489,0
55110,-0.168108042377,0
55111,-0.41629514315,0
55112,-0.285083545801,0
55113,-0.389779870981,0
55114,-0.207913208724,0
55115,-0.0878269954059,0
55116,0.0191876412183,0
55117,-0.256392369443,0
55118,0.115828278001,0
55119,-0.113952602142,0
55120,-0.0955206770058,0
55121,-0.116177465034,0
55122,0.157788135633,0
55123,-0.0365587846774,0
55124,-0.00665262421881,0
55125,0.0121171235863,0
55126,0.0757704462184,0
55127,0.195777534556,0
55128,0.466737709722,0
55129,0.319933018874,0
55130,0.195949800301,0
55131,0.539146942526,0
55132,0.522146049465,0
55133,0.213429458075,0
55134,0.509920751528,0
55135,0.643672823154,0
55136,0.645798185204,0
55137,0.34592289217,0
55138,0.694041607292,0
55139,0.34035877013,0
55140,0.669950793237,0
55141,0.732645847668,0
55142,0.563251679219,0
55143,0.588946484607,0
55144,0.365023192737,0
55145,0.450511866471,0
55146,0.775903587253,0
55147,0.714127475225,0
55148,0.637441029277,0
55149,0.374172254888,0
55150,0.391611869427,0
55151,0.630060258719,0
55152,0.766071684677,0
55153,0.692782282844,0
55154,0.557604558955,0
55155,0.523858513129,0
55156,0.597331432039,0
55157,0.564630216385,0
55158,0.48068314657,0
55159,0.300947575216,0
55160,0.5427126161,0
55161,0.274322049776,0
55162,0.441536745899,0
55163,0.24139837574,0
55164,0.542779367147,0
55165,0.250069820462,0
55166,0.450403609965,0
55167,0.24333668197,0
55168,0.245226662189,0
55169,0.451732840599,0
55170,0.0889518184418,0
55171,0.197086549287,0
55172,0.0341832617021,0
55173,0.334744466307,0
55174,0.0458730718807,0
55175,-0.067389866107,0
55176,0.192785341727,0
55177,0.276567215462,0
55178,-0.0206509914591,0
55179,0.17765428253,0
55180,-0.0263702278476,0
55181,0.12885645161,0
55182,0.057712685341,0
55183,-0.359098457193,0
55184,-0.064190283887,0
55185,-0.0178155869977,0
55186,-0.444159815286,0
55187,-0.486748876256,0
55188,-0.170568320545,0
55189,-0.192880416367,0
55190,-0.5056944831,0
55191,-0.48014998273,0
55192,-0.716701102554,0
55193,-0.697503794158,0
55194,-0.446336441927,0
55195,-0.445846338257,0
55196,-0.619719483733,0
55197,-0.538239308889,0
55198,-0.911790635174,0
55199,-0.619074735964,0
55200,-0.980609951974,0
55201,-0.914887657438,0
55202,-0.700626661176,0
55203,-0.898139442711,0
55204,-1.07530487153,0
55205,-1.22595479562,0
55206,-0.949990938918,0
55207,-1.31702240875,0
55208,-1.24577452892,0
55209,-1.2040870735,0
55210,-1.06242112193,0
55211,-1.31790212132,0
55212,-1.23153829704,0
55213,-1.45145601914,0
55214,-1.55656617446,0
55215,-1.2806696829,0
55216,-1.52879624851,0
55217,-1.74265543699,0
55218,-1.73826965084,0
55219,-1.57233247478,0
55220,-1.46013387194,0
55221,-1.82669533442,0
55222,-1.7276226655,0
55223,-1.95756618655,0
55224,-1.98967878371,0
55225,-1.63969094648,0
55226,-1.70326963046,0
55227,-1.66248952558,0
55228,-1.73436857477,0
55229,-1.77025710743,0
55230,-1.96138097173,0
55231,-2.07871606386,0
55232,-2.08787727368,0
55233,-1.87330340601,0
55234,-2.25320629375,0
55235,-2.27440385685,0
55236,-1.87947040311,0
55237,-2.17154091265,0
55238,-2.22752814634,0
55239,-2.33409622692,0
55240,-2.35956180421,0
55241,-1.95594523596,0
55242,-2.32794356093,0
55243,-2.37114611899,0
55244,-2.08785498142,0
55245,-2.06811100329,0
55246,-2.17871132396,0
55247,-2.05057407649,0
55248,-2.25240058352,0
55249,-2.39025516103,0
55250,-2.26100541535,0
55251,-2.00862474314,0
55252,-2.42472006721,0
55253,-2.27924078526,0
55254,-2.39619006164,0
55255,-2.13700931852,0
55256,-2.39872900891,0
55257,-2.00746218071,0
55258,-2.12498353688,0
55259,-2.27752604175,0
55260,-2.35504757885,0
55261,-2.03803215282,0
55262,-1.92033521949,0
55263,-1.9084040294,0
55264,-1.9321890308,0
55265,-1.95743180283,0
55266,-2.10003251948,0
55267,-1.92885006416,0
55268,-1.80605316507,0
55269,-2.01678264272,0
55270,-2.11597170782,0
55271,-1.7989610025,0
55272,-1.77371583767,0
55273,-1.773857075,0
55274,-1.92916571661,0
55275,-1.99442263031,0
55276,-1.77423186669,0
55277,-1.74779837193,0
55278,-1.61959959373,0
55279,-1.75526247348,0
55280,-1.82689620714,0
55281,-1.79839627833,0
55282,-1.38853854982,0
55283,-1.33207036793,0
55284,-1.67746874884,0
55285,-1.22754075368,0
55286,-1.2868409885,0
55287,-1.15127686915,0
55288,-1.19418096519,0
55289,-1.07014994545,0
55290,-1.05056682527,0
55291,-1.39538360099,0
55292,-1.17639032163,0
55293,-1.08366238761,0
55294,-1.2462418529,0
55295,-1.1238463468,0
55296,-1.18151067006,0
55297,-0.829881728944,0
55298,-0.696847935547,0
55299,-0.82705573316,0
55300,-0.945187513603,0
55301,-0.712377899856,0
55302,-0.691250266849,0
55303,-0.808143547908,0
55304,-0.802920408376,0
55305,-0.449665982238,0
55306,-0.337169492604,0
55307,-0.62162202468,0
55308,-0.245847500567,0
55309,-0.614374061144,0
55310,-0.159590915031,0
55311,-0.407778015804,0
55312,-0.276566418455,0
55313,-0.381262743635,0
55314,-0.199396081378,0
55315,-0.0793098680602,0
55316,0.027704768564,0
55317,-0.247875242098,0
55318,0.124345405347,0
55319,-0.105435474796,0
55320,-0.0870035496601,0
55321,-0.107660337689,0
55322,0.166305262978,0
55323,-0.0280416573317,0
55324,0.0018645031269,0
55325,0.020634250932,0
55326,0.0842875735641,0
55327,0.204294661901,0
55328,0.475254837068,0
55329,0.32845014622,0
55330,0.204466927647,0
55331,0.547664069872,0
55332,0.530663176811,0
55333,0.221946585421,0
55334,0.518437878874,0
55335,0.652189950499,0
55336,0.654315312549,0
55337,0.354440019516,0
55338,0.702558734638,0
55339,0.348875897475,0
55340,0.678467920583,0
55341,0.741162975013,0
55342,0.571768806565,0
55343,0.597463611953,0
55344,0.373540320083,0
55345,0.459028993817,0
55346,0.784420714599,0
55347,0.722644602571,0
55348,0.645958156623,0
55349,0.382689382234,0
55350,0.400128996773,0
55351,0.638577386065,0
55352,0.774588812023,0
55353,0.701299410189,0
55354,0.566121686301,0
55355,0.532375640474,0
55356,0.605848559384,0
55357,0.573147343731,0
55358,0.489200273915,0
55359,0.309464702562,0
55360,0.551229743445,0
55361,0.282839177122,0
55362,0.450053873245,0
55363,0.249915503086,0
55364,0.551296494492,0
55365,0.258586947808,0
55366,0.458920737311,0
55367,0.251853809316,0
55368,0.253743789535,0
55369,0.460249967945,0
55370,0.0974689457875,0
55371,0.205603676632,0
55372,0.0427003890478,0
55373,0.343261593653,0
55374,0.0543901992264,0
55375,-0.0588727387613,0
55376,0.201302469073,0
55377,0.285084342807,0
55378,-0.0121338641133,0
55379,0.186171409876,0
55380,-0.0178531005019,0
55381,0.137373578956,0
55382,0.0662298126867,0
55383,-0.350581329847,0
55384,-0.0556731565412,0
55385,-0.00929845965204,0
55386,-0.43564268794,0
55387,-0.47823174891,0
55388,-0.162051193199,0
55389,-0.184363289021,0
55390,-0.497177355755,0
55391,-0.471632855384,0
55392,-0.708183975208,0
55393,-0.688986666813,0
55394,-0.437819314581,0
55395,-0.437329210912,0
55396,-0.611202356387,0
55397,-0.529722181544,0
55398,-0.903273507828,0
55399,-0.610557608618,0
55400,-0.715919111853,0
55401,-0.650196817317,0
55402,-0.435935821055,0
55403,-0.633448602591,0
55404,-0.810614031409,0
55405,-0.9612639555,0
55406,-0.685300098797,0
55407,-1.05233156863,0
55408,-0.981083688798,0
55409,-0.939396233376,0
55410,-0.797730281811,0
55411,-1.0532112812,0
55412,-0.966847456921,0
55413,-1.18676517902,0
55414,-1.29187533434,0
55415,-1.01597884278,0
55416,-1.26410540839,0
55417,-1.47796459687,0
55418,-1.47357881072,0
55419,-1.30764163466,0
55420,-1.19544303182,0
55421,-1.5620044943,0
55422,-1.46293182538,0
55423,-1.69287534643,0
55424,-1.72498794359,0
55425,-1.37500010636,0
55426,-1.43857879034,0
55427,-1.39779868546,0
55428,-1.46967773465,0
55429,-1.50556626731,0
55430,-1.69669013161,0
55431,-1.81402522374,0
55432,-1.82318643356,0
55433,-1.60861256589,0
55434,-1.98851545363,0
55435,-2.00971301673,0
55436,-1.61477956299,0
55437,-1.90685007253,0
55438,-1.96283730622,0
55439,-2.0694053868,0
55440,-2.09487096409,0
55441,-1.69125439584,0
55442,-2.06325272081,0
55443,-2.10645527887,0
55444,-1.8231641413,0
55445,-1.80342016317,0
55446,-1.91402048384,0
55447,-1.78588323637,0
55448,-1.9877097434,0
55449,-2.12556432091,0
55450,-1.99631457522,0
55451,-1.74393390302,0
55452,-2.16002922709,0
55453,-2.01454994514,0
55454,-2.13149922152,0
55455,-1.8723184784,0
55456,-2.13403816879,0
55457,-1.74277134059,0
55458,-1.86029269676,0
55459,-2.01283520163,0
55460,-2.09035673873,0
55461,-1.7733413127,0
55462,-1.65564437937,0
55463,-1.64371318928,0
55464,-1.66749819068,0
55465,-1.69274096271,0
55466,-1.83534167936,0
55467,-1.66415922404,0
55468,-1.54136232495,0
55469,-1.7520918026,0
55470,-1.8512808677,0
55471,-1.53427016238,0
55472,-1.50902499755,0
55473,-1.50916623488,0
55474,-1.66447487649,0
55475,-1.72973179019,0
55476,-1.50954102657,0
55477,-1.4831075318,0
55478,-1.35490875361,0
55479,-1.49057163336,0
55480,-1.56220536702,0
55481,-1.53370543821,0
55482,-1.1238477097,0
55483,-1.06737952781,0
55484,-1.41277790872,0
55485,-0.962849913562,0
55486,-1.02215014838,0
55487,-0.88658602903,0
55488,-0.929490125074,0
55489,-0.805459105334,0
55490,-0.785875985148,0
55491,-1.13069276087,0
55492,-0.911699481512,0
55493,-0.818971547487,0
55494,-0.98155101278,0
55495,-0.859155506679,0
55496,-0.91681982994,0
55497,-0.565190888823,0
55498,-0.432157095426,0
55499,-0.562364893039,0
55500,-0.680496673483,0
55501,-0.447687059736,0
55502,-0.426559426729,0
55503,-0.543452707787,0
55504,-0.538229568255,0
55505,-0.184975142117,0
55506,-0.072478652483,0
55507,-0.35693118456,0
55508,0.0188433395531,0
55509,-0.349683221023,0
55510,0.105099925089,0
55511,-0.143087175684,0
55512,-0.0118755783345,0
55513,-0.116571903515,0
55514,0.065294758742,0
55515,0.18538097206,0
55516,0.292395608685,0
55517,0.016815598023,0
55518,0.389036245467,0
55519,0.159255365324,0
55520,0.17768729046,0
55521,0.157030502432,0
55522,0.430996103099,0
55523,0.236649182789,0
55524,0.266555343247,0
55525,0.285325091053,0
55526,0.348978413685,0
55527,0.468985502022,0
55528,0.739945677188,0
55529,0.593140986341,0
55530,0.469157767767,0
55531,0.812354909993,0
55532,0.795354016931,0
55533,0.486637425541,0
55534,0.783128718994,0
55535,0.91688079062,0
55536,0.91900615267,0
55537,0.619130859636,0
55538,0.967249574758,0
55539,0.613566737596,0
55540,0.943158760704,0
55541,1.00585381513,0
55542,0.836459646685,0
55543,0.862154452074,0
55544,0.638231160203,0
55545,0.723719833937,0
55546,1.04911155472,0
55547,0.987335442691,0
55548,0.910648996744,0
55549,0.647380222354,0
55550,0.664819836894,0
55551,0.903268226185,0
55552,1.03927965214,0
55553,0.96599025031,0
55554,0.830812526421,0
55555,0.797066480595,0
55556,0.870539399505,0
55557,0.837838183852,0
55558,0.753891114036,0
55559,0.574155542683,0
55560,0.815920583566,0
55561,0.547530017242,0
55562,0.714744713365,0
55563,0.514606343206,0
55564,0.815987334613,0
55565,0.523277787929,0
55566,0.723611577431,0
55567,0.516544649436,0
55568,0.518434629655,0
55569,0.724940808065,0
55570,0.362159785908,0
55571,0.470294516753,0
55572,0.307391229168,0
55573,0.607952433774,0
55574,0.319081039347,0
55575,0.205818101359,0
55576,0.465993309193,0
55577,0.549775182928,0
55578,0.252556976007,0
55579,0.450862249996,0
55580,0.246837739619,0
55581,0.402064419076,0
55582,0.330920652807,0
55583,-0.0858904897263,0
55584,0.209017683579,0
55585,0.255392380468,0
55586,-0.17095184782,0
55587,-0.21354090879,0
55588,0.102639646922,0
55589,0.0803275510996,0
55590,-0.232486515634,0
55591,-0.206942015264,0
55592,-0.443493135088,0
55593,-0.424295826692,0
55594,-0.173128474461,0
55595,-0.172638370791,0
55596,-0.346511516267,0
55597,-0.265031341423,0
55598,-0.638582667708,0
55599,-0.345866768498,0
55600,-0.459841146039,0
55601,-0.394118851503,0
55602,-0.179857855241,0
55603,-0.377370636776,0
55604,-0.554536065595,0
55605,-0.705185989685,0
55606,-0.429222132983,0
55607,-0.796253602816,0
55608,-0.725005722984,0
55609,-0.683318267562,0
55610,-0.541652315997,0
55611,-0.797133315389,0
55612,-0.710769491106,0
55613,-0.930687213202,0
55614,-1.03579736853,0
55615,-0.759900876964,0
55616,-1.00802744258,0
55617,-1.22188663105,0
55618,-1.21750084491,0
55619,-1.05156366884,0
55620,-0.939365066005,0
55621,-1.30592652848,0
55622,-1.20685385957,0
55623,-1.43679738062,0
55624,-1.46890997777,0
55625,-1.11892214054,0
55626,-1.18250082452,0
55627,-1.14172071964,0
55628,-1.21359976884,0
55629,-1.24948830149,0
55630,-1.4406121658,0
55631,-1.55794725793,0
55632,-1.56710846775,0
55633,-1.35253460007,0
55634,-1.73243748781,0
55635,-1.75363505091,0
55636,-1.35870159717,0
55637,-1.65077210672,0
55638,-1.7067593404,0
55639,-1.81332742098,0
55640,-1.83879299828,0
55641,-1.43517643002,0
55642,-1.807174755,0
55643,-1.85037731305,0
55644,-1.56708617548,0
55645,-1.54734219735,0
55646,-1.65794251803,0
55647,-1.52980527055,0
55648,-1.73163177758,0
55649,-1.8694863551,0
55650,-1.74023660941,0
55651,-1.4878559372,0
55652,-1.90395126127,0
55653,-1.75847197933,0
55654,-1.87542125571,0
55655,-1.61624051259,0
55656,-1.87796020298,0
55657,-1.48669337477,0
55658,-1.60421473094,0
55659,-1.75675723581,0
55660,-1.83427877292,0
55661,-1.51726334689,0
55662,-1.39956641356,0
55663,-1.38763522346,0
55664,-1.41142022486,0
55665,-1.4366629969,0
55666,-1.57926371354,0
55667,-1.40808125823,0
55668,-1.28528435914,0
55669,-1.49601383678,0
55670,-1.59520290188,0
55671,-1.27819219656,0
55672,-1.25294703173,0
55673,-1.25308826906,0
55674,-1.40839691067,0
55675,-1.47365382438,0
55676,-1.25346306075,0
55677,-1.22702956599,0
55678,-1.09883078779,0
55679,-1.23449366754,0
55680,-1.3061274012,0
55681,-1.2776274724,0
55682,-0.867769743882,0
55683,-0.811301561999,0
55684,-1.15669994291,0
55685,-0.706771947747,0
55686,-0.766072182562,0
55687,-0.630508063215,0
55688,-0.67341215926,0
55689,-0.54938113952,0
55690,-0.529798019333,0
55691,-0.874614795053,0
55692,-0.655621515697,0
55693,-0.562893581672,0
55694,-0.725473046965,0
55695,-0.603077540864,0
55696,-0.660741864125,0
55697,-0.309112923009,0
55698,-0.176079129612,0
55699,-0.306286927225,0
55700,-0.424418707668,0
55701,-0.191609093921,0
55702,-0.170481460914,0
55703,-0.287374741973,0
55704,-0.282151602441,0
55705,0.071102823697,0
55706,0.183599313331,0
55707,-0.100853218745,0
55708,0.274921305367,0
55709,-0.0936052552087,0
55710,0.361177890904,0
55711,0.112990790131,0
55712,0.24420238748,0
55713,0.1395060623,0
55714,0.321372724556,0
55715,0.441458937875,0
55716,0.548473574499,0
55717,0.272893563837,0
55718,0.645114211282,0
55719,0.415333331139,0
55720,0.433765256275,0
55721,0.413108468246,0
55722,0.687074068913,0
55723,0.492727148603,0
55724,0.522633309062,0
55725,0.541403056867,0
55726,0.605056379499,0
55727,0.725063467836,0
55728,0.996023643003,0
55729,0.849218952155,0
55730,0.725235733582,0
55731,1.06843287581,0
55732,1.05143198275,0
55733,0.742715391356,0
55734,1.03920668481,0
55735,1.17295875643,0
55736,1.17508411848,0
55737,0.875208825451,0
55738,1.22332754057,0
55739,0.86964470341,0
55740,1.19923672652,0
55741,1.26193178095,0
55742,1.0925376125,0
55743,1.11823241789,0
55744,0.894309126017,0
55745,0.979797799752,0
55746,1.30518952053,0
55747,1.24341340851,0
55748,1.16672696256,0
55749,0.903458188169,0
55750,0.920897802708,0
55751,1.159346192,0
55752,1.29535761796,0
55753,1.22206821612,0
55754,1.08689049224,0
55755,1.05314444641,0
55756,1.12661736532,0
55757,1.09391614967,0
55758,1.00996907985,0
55759,0.830233508497,0
55760,1.07199854938,0
55761,0.803607983057,0
55762,0.97082267918,0
55763,0.770684309021,0
55764,1.07206530043,0
55765,0.779355753743,0
55766,0.979689543246,0
55767,0.772622615251,0
55768,0.77451259547,0
55769,0.98101877388,0
55770,0.618237751722,0
55771,0.726372482567,0
55772,0.563469194983,0
55773,0.864030399588,0
55774,0.575159005161,0
55775,0.461896067174,0
55776,0.722071275008,0
55777,0.805853148742,0
55778,0.508634941822,0
55779,0.706940215811,0
55780,0.502915705433,0
55781,0.658142384891,0
55782,0.586998618622,0
55783,0.170187476088,0
55784,0.465095649394,0
55785,0.511470346283,0
55786,0.0851261179948,0
55787,0.0425370570245,0
55788,0.358717612736,0
55789,0.336405516914,0
55790,0.0235914501802,0
55791,0.0491359505506,0
55792,-0.187415169273,0
55793,-0.168217860878,0
55794,0.0829494913537,0
55795,0.0834395950233,0
55796,-0.0904335504523,0
55797,-0.00895337560887,0
55798,-0.382504701893,0
55799,-0.0897888026834,0
55800,-0.529514468306,0
55801,-0.46379217377,0
55802,-0.249531177508,0
55803,-0.447043959044,0
55804,-0.624209387862,0
55805,-0.774859311953,0
55806,-0.498895455251,0
55807,-0.865926925083,0
55808,-0.794679045251,0
55809,-0.75299158983,0
55810,-0.611325638264,0
55811,-0.866806637657,0
55812,-0.780442813374,0
55813,-1.00036053547,0
55814,-1.10547069079,0
55815,-0.829574199232,0
55816,-1.07770076484,0
55817,-1.29155995332,0
55818,-1.28717416718,0
55819,-1.12123699111,0
55820,-1.00903838827,0
55821,-1.37559985075,0
55822,-1.27652718184,0
55823,-1.50647070288,0
55824,-1.53858330004,0
55825,-1.18859546281,0
55826,-1.25217414679,0
55827,-1.21139404191,0
55828,-1.28327309111,0
55829,-1.31916162376,0
55830,-1.51028548807,0
55831,-1.62762058019,0
55832,-1.63678179002,0
55833,-1.42220792234,0
55834,-1.80211081008,0
55835,-1.82330837318,0
55836,-1.42837491944,0
55837,-1.72044542898,0
55838,-1.77643266267,0
55839,-1.88300074325,0
55840,-1.90846632054,0
55841,-1.50484975229,0
55842,-1.87684807727,0
55843,-1.92005063532,0
55844,-1.63675949775,0
55845,-1.61701551962,0
55846,-1.7276158403,0
55847,-1.59947859282,0
55848,-1.80130509985,0
55849,-1.93915967736,0
55850,-1.80990993168,0
55851,-1.55752925947,0
55852,-1.97362458354,0
55853,-1.82814530159,0
55854,-1.94509457797,0
55855,-1.68591383485,0
55856,-1.94763352525,0
55857,-1.55636669704,0
55858,-1.67388805321,0
55859,-1.82643055808,0
55860,-1.90395209519,0
55861,-1.58693666915,0
55862,-1.46923973582,0
55863,-1.45730854573,0
55864,-1.48109354713,0
55865,-1.50633631917,0
55866,-1.64893703581,0
55867,-1.47775458049,0
55868,-1.35495768141,0
55869,-1.56568715905,0
55870,-1.66487622415,0
55871,-1.34786551883,0
55872,-1.322620354,0
55873,-1.32276159133,0
55874,-1.47807023294,0
55875,-1.54332714664,0
55876,-1.32313638302,0
55877,-1.29670288826,0
55878,-1.16850411006,0
55879,-1.30416698981,0
55880,-1.37580072347,0
55881,-1.34730079466,0
55882,-0.937443066149,0
55883,-0.880974884267,0
55884,-1.22637326518,0
55885,-0.776445270015,0
55886,-0.835745504829,0
55887,-0.700181385483,0
55888,-0.743085481527,0
55889,-0.619054461787,0
55890,-0.599471341601,0
55891,-0.94428811732,0
55892,-0.725294837965,0
55893,-0.63256690394,0
55894,-0.795146369233,0
55895,-0.672750863132,0
55896,-0.730415186393,0
55897,-0.378786245276,0
55898,-0.24575245188,0
55899,-0.375960249493,0
55900,-0.494092029936,0
55901,-0.261282416189,0
55902,-0.240154783182,0
55903,-0.35704806424,0
55904,-0.351824924708,0
55905,0.00142950142953,0
55906,0.113925991064,0
55907,-0.170526541013,0
55908,0.2052479831,0
55909,-0.163278577476,0
55910,0.291504568636,0
55911,0.0433174678633,0
55912,0.174529065212,0
55913,0.0698327400323,0
55914,0.251699402289,0
55915,0.371785615607,0
55916,0.478800252231,0
55917,0.20322024157,0
55918,0.575440889014,0
55919,0.345660008871,0
55920,0.364091934007,0
55921,0.343435145979,0
55922,0.617400746646,0
55923,0.423053826336,0
55924,0.452959986794,0
55925,0.471729734599,0
55926,0.535383057232,0
55927,0.655390145569,0
55928,0.926350320735,0
55929,0.779545629888,0
55930,0.655562411314,0
55931,0.998759553539,0
55932,0.981758660478,0
55933,0.673042069088,0
55934,0.969533362541,0
55935,1.10328543417,0
55936,1.10541079622,0
55937,0.805535503183,0
55938,1.15365421831,0
55939,0.799971381143,0
55940,1.12956340425,0
55941,1.19225845868,0
55942,1.02286429023,0
55943,1.04855909562,0
55944,0.82463580375,0
55945,0.910124477484,0
55946,1.23551619827,0
55947,1.17374008624,0
55948,1.09705364029,0
55949,0.833784865901,0
55950,0.85122448044,0
55951,1.08967286973,0
55952,1.22568429569,0
55953,1.15239489386,0
55954,1.01721716997,0
55955,0.983471124142,0
55956,1.05694404305,0
55957,1.0242428274,0
55958,0.940295757583,0
55959,0.760560186229,0
55960,1.00232522711,0
55961,0.733934660789,0
55962,0.901149356912,0
55963,0.701010986753,0
55964,1.00239197816,0
55965,0.709682431476,0
55966,0.910016220978,0
55967,0.702949292983,0
55968,0.704839273202,0
55969,0.911345451612,0
55970,0.548564429455,0
55971,0.6566991603,0
55972,0.493795872715,0
55973,0.794357077321,0
55974,0.505485682894,0
55975,0.392222744906,0
55976,0.65239795274,0
55977,0.736179826475,0
55978,0.438961619554,0
55979,0.637266893543,0
55980,0.433242383166,0
55981,0.588469062623,0
55982,0.517325296354,0
55983,0.100514153821,0
55984,0.395422327126,0
55985,0.441797024015,0
55986,0.0154527957273,0
55987,-0.027136265243,0
55988,0.289044290469,0
55989,0.266732194646,0
55990,-0.0460818720872,0
55991,-0.0205373717168,0
55992,-0.257088491541,0
55993,-0.237891183145,0
55994,0.0132761690862,0
55995,0.0137662727558,0
55996,-0.16010687272,0
55997,-0.0786266978763,0
55998,-0.452178024161,0
55999,-0.159462124951,0
56000,-0.714067822612,0
56001,-0.648345528076,0
56002,-0.434084531814,0
56003,-0.63159731335,0
56004,-0.808762742168,0
56005,-0.959412666259,0
56006,-0.683448809556,0
56007,-1.05048027939,0
56008,-0.979232399557,0
56009,-0.937544944135,0
56010,-0.79587899257,0
56011,-1.05135999196,0
56012,-0.96499616768,0
56013,-1.18491388978,0
56014,-1.2900240451,0
56015,-1.01412755354,0
56016,-1.26225411915,0
56017,-1.47611330763,0
56018,-1.47172752148,0
56019,-1.30579034541,0
56020,-1.19359174258,0
56021,-1.56015320506,0
56022,-1.46108053614,0
56023,-1.69102405719,0
56024,-1.72313665435,0
56025,-1.37314881712,0
56026,-1.4367275011,0
56027,-1.39594739622,0
56028,-1.46782644541,0
56029,-1.50371497807,0
56030,-1.69483884237,0
56031,-1.8121739345,0
56032,-1.82133514432,0
56033,-1.60676127665,0
56034,-1.98666416438,0
56035,-2.00786172749,0
56036,-1.61292827375,0
56037,-1.90499878329,0
56038,-1.96098601698,0
56039,-2.06755409755,0
56040,-2.09301967485,0
56041,-1.6894031066,0
56042,-2.06140143157,0
56043,-2.10460398962,0
56044,-1.82131285206,0
56045,-1.80156887392,0
56046,-1.9121691946,0
56047,-1.78403194713,0
56048,-1.98585845416,0
56049,-2.12371303167,0
56050,-1.99446328598,0
56051,-1.74208261378,0
56052,-2.15817793785,0
56053,-2.0126986559,0
56054,-2.12964793228,0
56055,-1.87046718916,0
56056,-2.13218687955,0
56057,-1.74092005135,0
56058,-1.85844140752,0
56059,-2.01098391239,0
56060,-2.08850544949,0
56061,-1.77149002346,0
56062,-1.65379309013,0
56063,-1.64186190004,0
56064,-1.66564690144,0
56065,-1.69088967347,0
56066,-1.83349039012,0
56067,-1.6623079348,0
56068,-1.53951103571,0
56069,-1.75024051336,0
56070,-1.84942957845,0
56071,-1.53241887314,0
56072,-1.50717370831,0
56073,-1.50731494563,0
56074,-1.66262358724,0
56075,-1.72788050095,0
56076,-1.50768973732,0
56077,-1.48125624256,0
56078,-1.35305746437,0
56079,-1.48872034412,0
56080,-1.56035407778,0
56081,-1.53185414897,0
56082,-1.12199642045,0
56083,-1.06552823857,0
56084,-1.41092661948,0
56085,-0.960998624321,0
56086,-1.02029885914,0
56087,-0.884734739789,0
56088,-0.927638835833,0
56089,-0.803607816093,0
56090,-0.784024695907,0
56091,-1.12884147163,0
56092,-0.909848192271,0
56093,-0.817120258246,0
56094,-0.979699723539,0
56095,-0.857304217438,0
56096,-0.914968540699,0
56097,-0.563339599582,0
56098,-0.430305806185,0
56099,-0.560513603798,0
56100,-0.678645384242,0
56101,-0.445835770494,0
56102,-0.424708137488,0
56103,-0.541601418546,0
56104,-0.536378279014,0
56105,-0.183123852876,0
56106,-0.070627363242,0
56107,-0.355079895319,0
56108,0.0206946287941,0
56109,-0.347831931782,0
56110,0.10695121433,0
56111,-0.141235886443,0
56112,-0.0100242890935,0
56113,-0.114720614274,0
56114,0.0671460479831,0
56115,0.187232261301,0
56116,0.294246897926,0
56117,0.018666887264,0
56118,0.390887534708,0
56119,0.161106654565,0
56120,0.179538579701,0
56121,0.158881791673,0
56122,0.43284739234,0
56123,0.23850047203,0
56124,0.268406632488,0
56125,0.287176380294,0
56126,0.350829702926,0
56127,0.470836791263,0
56128,0.741796966429,0
56129,0.594992275582,0
56130,0.471009057008,0
56131,0.814206199234,0
56132,0.797205306172,0
56133,0.488488714782,0
56134,0.784980008235,0
56135,0.918732079861,0
56136,0.920857441911,0
56137,0.620982148877,0
56138,0.969100863999,0
56139,0.615418026837,0
56140,0.945010049945,0
56141,1.00770510437,0
56142,0.838310935926,0
56143,0.864005741315,0
56144,0.640082449444,0
56145,0.725571123178,0
56146,1.05096284396,0
56147,0.989186731932,0
56148,0.912500285985,0
56149,0.649231511596,0
56150,0.666671126135,0
56151,0.905119515426,0
56152,1.04113094138,0
56153,0.967841539551,0
56154,0.832663815662,0
56155,0.798917769836,0
56156,0.872390688746,0
56157,0.839689473093,0
56158,0.755742403277,0
56159,0.576006831924,0
56160,0.817771872807,0
56161,0.549381306483,0
56162,0.716596002606,0
56163,0.516457632447,0
56164,0.817838623854,0
56165,0.52512907717,0
56166,0.725462866672,0
56167,0.518395938677,0
56168,0.520285918896,0
56169,0.726792097306,0
56170,0.364011075149,0
56171,0.472145805994,0
56172,0.309242518409,0
56173,0.609803723015,0
56174,0.320932328588,0
56175,0.2076693906,0
56176,0.467844598434,0
56177,0.551626472169,0
56178,0.254408265248,0
56179,0.452713539237,0
56180,0.24868902886,0
56181,0.403915708317,0
56182,0.332771942048,0
56183,-0.0840392004853,0
56184,0.21086897282,0
56185,0.25724366971,0
56186,-0.169100558579,0
56187,-0.211689619549,0
56188,0.104490936163,0
56189,0.0821788403406,0
56190,-0.230635226393,0
56191,-0.205090726023,0
56192,-0.441641845847,0
56193,-0.422444537451,0
56194,-0.17127718522,0
56195,-0.17078708155,0
56196,-0.344660227026,0
56197,-0.263180052182,0
56198,-0.636731378467,0
56199,-0.344015479257,0
56200,-0.822057337599,0
56201,-0.756335043063,0
56202,-0.542074046801,0
56203,-0.739586828337,0
56204,-0.916752257155,0
56205,-1.06740218125,0
56206,-0.791438324543,0
56207,-1.15846979438,0
56208,-1.08722191454,0
56209,-1.04553445912,0
56210,-0.903868507557,0
56211,-1.15934950695,0
56212,-1.07298568267,0
56213,-1.29290340476,0
56214,-1.39801356009,0
56215,-1.12211706852,0
56216,-1.37024363414,0
56217,-1.58410282261,0
56218,-1.57971703647,0
56219,-1.4137798604,0
56220,-1.30158125756,0
56221,-1.66814272004,0
56222,-1.56907005113,0
56223,-1.79901357218,0
56224,-1.83112616933,0
56225,-1.4811383321,0
56226,-1.54471701608,0
56227,-1.5039369112,0
56228,-1.5758159604,0
56229,-1.61170449305,0
56230,-1.80282835736,0
56231,-1.92016344949,0
56232,-1.92932465931,0
56233,-1.71475079163,0
56234,-2.09465367937,0
56235,-2.11585124247,0
56236,-1.72091778873,0
56237,-2.01298829828,0
56238,-2.06897553196,0
56239,-2.17554361254,0
56240,-2.20100918984,0
56241,-1.79739262158,0
56242,-2.16939094656,0
56243,-2.21259350461,0
56244,-1.92930236704,0
56245,-1.90955838891,0
56246,-2.02015870959,0
56247,-1.89202146211,0
56248,-2.09384796914,0
56249,-2.23170254666,0
56250,-2.10245280097,0
56251,-1.85007212876,0
56252,-2.26616745283,0
56253,-2.12068817089,0
56254,-2.23763744727,0
56255,-1.97845670415,0
56256,-2.24017639454,0
56257,-1.84890956633,0
56258,-1.9664309225,0
56259,-2.11897342737,0
56260,-2.19649496448,0
56261,-1.87947953845,0
56262,-1.76178260512,0
56263,-1.74985141502,0
56264,-1.77363641643,0
56265,-1.79887918846,0
56266,-1.9414799051,0
56267,-1.77029744979,0
56268,-1.6475005507,0
56269,-1.85823002834,0
56270,-1.95741909344,0
56271,-1.64040838813,0
56272,-1.61516322329,0
56273,-1.61530446062,0
56274,-1.77061310223,0
56275,-1.83587001594,0
56276,-1.61567925231,0
56277,-1.58924575755,0
56278,-1.46104697935,0
56279,-1.5967098591,0
56280,-1.66834359276,0
56281,-1.63984366396,0
56282,-1.70855749333,1
56283,-1.5666361912,1
56284,-1.40833450112,1
56285,-1.23651140304,1
56286,-1.05427007793,1
56287,-0.864901863337,1
56288,-0.671826810737,1
56289,-0.478531918306,1
56290,-0.288508154599,1
56291,-0.105187410524,1
56292,0.0681194817216,1
56293,0.228282543361,1
56294,0.372409177466,1
56295,0.497896410201,1
56296,0.602477901373,1
56297,0.684264875276,1
56298,0.741780232589,1
56299,0.773985227274,1
56300,0.780298226663,1
56301,0.760605215937,1
56302,0.715261857267,1
56303,0.645087066443,1
56304,0.551348222985,1
56305,0.43573828086,1
56306,0.300345193182,1
56307,0.147614203103,1
56308,-0.0196963180779,1
56309,-0.198564687991,1
56310,-0.385760485765,1
56311,-0.577902894474,1
56312,-0.771521759795,1
56313,-0.963120262115,1
56314,-1.14923807024,1
56315,-1.32651383608,1
56316,-1.49174590171,1
56317,-1.64195012235,1
56318,-1.77441376098,1
56319,-1.88674448124,1
56320,-1.97691355384,1
56321,-2.04329249602,1
56322,-2.08468248253,1
56323,-2.10033599676,1
56324,-2.08997033116,1
56325,-2.05377269303,1
56326,-1.99239682345,1
56327,-1.90695119059,1
56328,-1.79897897032,1
56329,-1.67043017602,1
56330,-1.52362644069,1
56331,-1.36121908748,1
56332,-1.18614124594,1
56333,-1.00155487878,1
56334,-0.810793675756,1
56335,-0.617302846172,1
56336,-0.42457689727,1
56337,-0.236096522302,1
56338,-0.0552657380731,1
56339,0.114649592704,1
56340,0.270580743954,1
56341,0.409711548424,1
56342,0.529529258586,1
56343,0.627869927666,1
56344,0.702957491233,1
56345,0.753435843493,1
56346,0.778393329004,1
56347,0.777379207471,1
56348,0.750411794258,1
56349,0.697978129608,1
56350,0.62102518254,1
56351,0.520942748279,1
56352,0.399538348103,1
56353,0.25900458492,1
56354,0.101879544152,1
56355,-0.0689990449187,1
56356,-0.250545059457,1
56357,-0.439479719461,1
56358,-0.632390803587,1
56359,-0.825794274983,1
56360,-1.01619720412,1
56361,-1.20016085224,1
56362,-1.3743627761,1
56363,-1.53565683235,1
56364,-1.68112999793,1
56365,-1.80815498022,1
56366,-1.91443766675,1
56367,-1.9980585577,1
56368,-2.05750743259,1
56369,-2.09171062544,1
56370,-2.10005041547,1
56371,-2.08237618335,1
56372,-2.03900713148,1
56373,-1.970726519,1
56374,-1.87876751597,1
56375,-1.76479093186,1
56376,-1.63085522081,1
56377,-1.47937930526,1
56378,-1.31309888948,1
56379,-1.13501705178,1
56380,-0.948350008013,1
56381,-0.756469025636,1
56382,-0.562839537528,1
56383,-0.370958555151,1
56384,-0.184291511385,1
56385,-0.00620967368709,1
56386,0.160070742099,1
56387,0.311546657643,1
56388,0.445482368698,1
56389,0.559458952808,1
56390,0.651417955836,1
56391,0.719698568311,1
56392,0.763067620188,1
56393,0.780741852301,1
56394,0.772402062275,1
56395,0.738198869428,1
56396,0.678749994535,1
56397,0.59512910359,1
56398,0.488846417051,1
56399,0.361821434767,1
56400,0.381338778616,1
56401,0.220044722368,1
56402,0.0458427985122,1
56403,-0.138120849611,1
56404,-0.32852377875,1
56405,-0.521927250146,1
56406,-0.714838334272,1
56407,-0.903772994275,1
56408,-1.08531900881,1
56409,-1.25619759788,1
56410,-1.41332263865,1
56411,-1.55385640184,1
56412,-1.67526080201,1
56413,-1.77534323627,1
56414,-1.85229618334,1
56415,-1.90472984799,1
56416,-1.9316972612,1
56417,-1.93271138274,1
56418,-1.90775389723,1
56419,-1.85727554497,1
56420,-1.7821879814,1
56421,-1.68384731232,1
56422,-1.56402960216,1
56423,-1.42489879769,1
56424,-1.26896764644,1
56425,-1.09905231566,1
56426,-0.918221531431,1
56427,-0.729741156463,1
56428,-0.537015207561,1
56429,-0.343524377977,1
56430,-0.152763174954,1
56431,0.0318231922062,1
56432,0.206901033743,1
56433,0.369308386959,1
56434,0.516112122291,1
56435,0.644660916585,1
56436,0.752633136854,1
56437,0.83807876972,1
56438,0.899454639294,1
56439,0.935652277432,1
56440,0.946017943029,1
56441,0.930364428796,1
56442,0.888974442287,1
56443,0.822595500104,1
56444,0.732426427508,1
56445,0.620095707246,1
56446,0.48763206862,1
56447,0.337427847977,1
56448,0.172195782343,1
56449,-0.00507998349706,1
56450,-0.191197791618,1
56451,-0.382796293938,1
56452,-0.576415159258,1
56453,-0.768557567968,1
56454,-0.955753365742,1
56455,-1.13462173565,1
56456,-1.30193225684,1
56457,-1.45466324691,1
56458,-1.59005633459,1
56459,-1.70566627672,1
56460,-1.79940512018,1
56461,-1.869579911,1
56462,-1.91492326967,1
56463,-1.9346162804,1
56464,-1.92830328101,1
56465,-1.89609828632,1
56466,-1.83858292901,1
56467,-1.75679595511,1
56468,-1.65221446393,1
56469,-1.5267272312,1
56470,-1.38260059709,1
56471,-1.22243753545,1
56472,-1.04913064321,1
56473,-0.865809899134,1
56474,-0.675786135427,1
56475,-0.482491242996,1
56476,-0.289416190396,1
56477,-0.100047975804,1
56478,0.0821933493024,1
56479,0.254016447384,1
56480,0.412318137467,1
56481,0.554239439599,1
56482,-1.06499542601,0
56483,-1.00852724413,0
56484,-1.35392562504,0
56485,-0.903997629876,0
56486,-0.963297864691,0
56487,-0.827733745344,0
56488,-0.870637841388,0
56489,-0.746606821648,0
56490,-0.727023701462,0
56491,-1.07184047718,0
56492,-0.852847197826,0
56493,-0.760119263801,0
56494,-0.922698729094,0
56495,-0.800303222993,0
56496,-0.857967546254,0
56497,-0.506338605137,0
56498,-0.373304811741,0
56499,-0.503512609354,0
56500,-0.621644389797,0
56501,-0.38883477605,0
56502,-0.367707143043,0
56503,-0.484600424101,0
56504,-0.479377284569,0
56505,-0.126122858431,0
56506,-0.0136263687971,0
56507,-0.298078900874,0
56508,0.077695623239,0
56509,-0.290830937337,0
56510,0.163952208775,0
56511,-0.0842348919977,0
56512,0.0469767053514,0
56513,-0.0577196198287,0
56514,0.124147042428,0
56515,0.244233255746,0
56516,0.35124789237,0
56517,0.0756678817089,0
56518,0.447888529153,0
56519,0.21810764901,0
56520,0.236539574146,0
56521,0.215882786118,0
56522,0.489848386785,0
56523,0.295501466475,0
56524,0.325407626933,0
56525,0.344177374738,0
56526,0.407830697371,0
56527,0.527837785708,0
56528,0.798797960874,0
56529,0.651993270026,0
56530,0.528010051453,0
56531,0.871207193678,0
56532,0.854206300617,0
56533,0.545489709227,0
56534,0.84198100268,0
56535,0.975733074306,0
56536,0.977858436356,0
56537,0.677983143322,0
56538,1.02610185844,0
56539,0.672419021282,0
56540,1.00201104439,0
56541,1.06470609882,0
56542,0.895311930371,0
56543,0.921006735759,0
56544,0.697083443889,0
56545,0.782572117623,0
56546,1.10796383841,0
56547,1.04618772638,0
56548,0.969501280429,0
56549,0.70623250604,0
56550,0.723672120579,0
56551,0.962120509871,0
56552,1.09813193583,0
56553,1.024842534,0
56554,0.889664810107,0
56555,0.855918764281,0
56556,0.929391683191,0
56557,0.896690467538,0
56558,0.812743397722,0
56559,0.633007826368,0
56560,0.874772867252,0
56561,0.606382300928,0
56562,0.773596997051,0
56563,0.573458626892,0
56564,0.874839618299,0
56565,0.582130071615,0
56566,0.782463861117,0
56567,0.575396933122,0
56568,0.577286913341,0
56569,0.783793091751,0
56570,0.421012069594,0
56571,0.529146800439,0
56572,0.366243512854,0
56573,0.666804717459,0
56574,0.377933323033,0
56575,0.264670385045,0
56576,0.524845592879,0
56577,0.608627466614,0
56578,0.311409259693,0
56579,0.509714533682,0
56580,0.305690023304,0
56581,0.460916702762,0
56582,0.389772936493,0
56583,-0.0270382060404,0
56584,0.267869967265,0
56585,0.314244664154,0
56586,-0.112099564134,0
56587,-0.154688625104,0
56588,0.161491930608,0
56589,0.139179834785,0
56590,-0.173634231948,0
56591,-0.148089731578,0
56592,-0.384640851402,0
56593,-0.365443543006,0
56594,-0.114276190775,0
56595,-0.113786087105,0
56596,-0.287659232581,0
56597,-0.206179057737,0
56598,-0.579730384022,0
56599,-0.287014484812,0
56600,-0.580901753178,0
56601,-0.515179458642,0
56602,-0.30091846238,0
56603,-0.498431243915,0
56604,-0.675596672734,0
56605,-0.826246596824,0
56606,-0.550282740122,0
56607,-0.917314209955,0
56608,-0.846066330123,0
56609,-0.804378874701,0
56610,-0.662712923136,0
56611,-0.918193922528,0
56612,-0.831830098245,0
56613,-1.05174782034,0
56614,-1.15685797566,0
56615,-0.880961484103,0
56616,-1.12908804972,0
56617,-1.34294723819,0
56618,-1.33856145205,0
56619,-1.17262427598,0
56620,-1.06042567314,0
56621,-1.42698713562,0
56622,-1.32791446671,0
56623,-1.55785798775,0
56624,-1.58997058491,0
56625,-1.23998274768,0
56626,-1.30356143166,0
56627,-1.26278132678,0
56628,-1.33466037598,0
56629,-1.37054890863,0
56630,-1.56167277294,0
56631,-1.67900786507,0
56632,-1.68816907489,0
56633,-1.47359520721,0
56634,-1.85349809495,0
56635,-1.87469565805,0
56636,-1.47976220431,0
56637,-1.77183271385,0
56638,-1.82781994754,0
56639,-1.93438802812,0
56640,-1.95985360542,0
56641,-1.55623703716,0
56642,-1.92823536214,0
56643,-1.97143792019,0
56644,-1.68814678262,0
56645,-1.66840280449,0
56646,-1.77900312517,0
56647,-1.65086587769,0
56648,-1.85269238472,0
56649,-1.99054696224,0
56650,-1.86129721655,0
56651,-1.60891654434,0
56652,-2.02501186841,0
56653,-1.87953258646,0
56654,-1.99648186284,0
56655,-1.73730111972,0
56656,-1.99902081012,0
56657,-1.60775398191,0
56658,-1.72527533808,0
56659,-1.87781784295,0
56660,-1.95533938006,0
56661,-1.63832395402,0
56662,-1.5206270207,0
56663,-1.5086958306,0
56664,-1.532480832,0
56665,-1.55772360404,0
56666,-1.70032432068,0
56667,-1.52914186537,0
56668,-1.40634496628,0
56669,-1.61707444392,0
56670,-1.71626350902,0
56671,-1.3992528037,0
56672,-1.37400763887,0
56673,-1.3741488762,0
56674,-1.52945751781,0
56675,-1.59471443152,0
56676,-1.37452366789,0
56677,-1.34809017313,0
56678,-1.21989139493,0
56679,-1.35555427468,0
56680,-1.42718800834,0
56681,-1.39868807953,0
56682,-0.98883035102,0
56683,-0.932362169138,0
56684,-1.27776055005,0
56685,-0.827832554886,0
56686,-0.887132789701,0
56687,-0.751568670354,0
56688,-0.794472766399,0
56689,-0.670441746659,0
56690,-0.650858626472,0
56691,-0.995675402192,0
56692,-0.776682122836,0
56693,-0.683954188811,0
56694,-0.846533654104,0
56695,-0.724138148003,0
56696,-0.781802471264,0
56697,-0.430173530148,0
56698,-0.297139736751,0
56699,-0.427347534364,0
56700,-0.545479314807,0
56701,-0.31266970106,0
56702,-0.291542068053,0
56703,-0.408435349112,0
56704,-0.40321220958,0
56705,-0.049957783442,0
56706,0.0625387061924,0
56707,-0.221913825884,0
56708,0.153860698228,0
56709,-0.214665862348,0
56710,0.240117283765,0
56711,-0.00806981700818,0
56712,0.123141780341,0
56713,0.0184454551608,0
56714,0.200312117417,0
56715,0.320398330736,0
56716,0.42741296736,0
56717,0.151832956698,0
56718,0.524053604143,0
56719,0.294272724,0
56720,0.312704649136,0
56721,0.292047861107,0
56722,0.566013461774,0
56723,0.371666541464,0
56724,0.401572701923,0
56725,0.420342449728,0
56726,0.48399577236,0
56727,0.604002860697,0
56728,0.874963035864,0
56729,0.728158345016,0
56730,0.604175126443,0
56731,0.947372268668,0
56732,0.930371375607,0
56733,0.621654784217,0
56734,0.91814607767,0
56735,1.0518981493,0
56736,1.05402351135,0
56737,0.754148218312,0
56738,1.10226693343,0
56739,0.748584096271,0
56740,1.07817611938,0
56741,1.14087117381,0
56742,0.971477005361,0
56743,0.997171810749,0
56744,0.773248518878,0
56745,0.858737192613,0
56746,1.18412891339,0
56747,1.12235280137,0
56748,1.04566635542,0
56749,0.78239758103,0
56750,0.799837195569,0
56751,1.03828558486,0
56752,1.17429701082,0
56753,1.10100760899,0
56754,0.965829885097,0
56755,0.93208383927,0
56756,1.00555675818,0
56757,0.972855542527,0
56758,0.888908472711,0
56759,0.709172901358,0
56760,0.950937942241,0
56761,0.682547375918,0
56762,0.849762072041,0
56763,0.649623701882,0
56764,0.951004693288,0
56765,0.658295146604,0
56766,0.858628936107,0
56767,0.651562008112,0
56768,0.653451988331,0
56769,0.859958166741,0
56770,0.497177144583,0
56771,0.605311875428,0
56772,0.442408587844,0
56773,0.742969792449,0
56774,0.454098398022,0
56775,0.340835460035,0
56776,0.601010667869,0
56777,0.684792541603,0
56778,0.387574334683,0
56779,0.585879608672,0
56780,0.381855098294,0
56781,0.537081777752,0
56782,0.465938011483,0
56783,0.0491268689491,0
56784,0.344035042255,0
56785,0.390409739144,0
56786,-0.0359344891442,0
56787,-0.0785235501145,0
56788,0.237657005597,0
56789,0.215344909775,0
56790,-0.0974691569587,0
56791,-0.0719246565884,0
56792,-0.308475776412,0
56793,-0.289278468017,0
56794,-0.0381111157853,0
56795,-0.0376210121157,0
56796,-0.211494157591,0
56797,-0.130013982748,0
56798,-0.503565309032,0
56799,-0.210849409822,0
56800,-0.429875611518,0
56801,-0.364153316982,0
56802,-0.14989232072,0
56803,-0.347405102256,0
56804,-0.524570531074,0
56805,-0.675220455165,0
56806,-0.399256598462,0
56807,-0.766288068295,0
56808,-0.695040188463,0
56809,-0.653352733041,0
56810,-0.511686781476,0
56811,-0.767167780868,0
56812,-0.680803956586,0
56813,-0.900721678681,0
56814,-1.005831834,0
56815,-0.729935342444,0
56816,-0.978061908057,0
56817,-1.19192109653,0
56818,-1.18753531039,0
56819,-1.02159813432,0
56820,-0.909399531484,0
56821,-1.27596099396,0
56822,-1.17688832505,0
56823,-1.40683184609,0
56824,-1.43894444325,0
56825,-1.08895660602,0
56826,-1.15253529,0
56827,-1.11175518512,0
56828,-1.18363423432,0
56829,-1.21952276697,0
56830,-1.41064663128,0
56831,-1.52798172341,0
56832,-1.53714293323,0
56833,-1.32256906555,0
56834,-1.70247195329,0
56835,-1.72366951639,0
56836,-1.32873606265,0
56837,-1.6208065722,0
56838,-1.67679380588,0
56839,-1.78336188646,0
56840,-1.80882746376,0
56841,-1.4052108955,0
56842,-1.77720922048,0
56843,-1.82041177853,0
56844,-1.53712064096,0
56845,-1.51737666283,0
56846,-1.62797698351,0
56847,-1.49983973603,0
56848,-1.70166624306,0
56849,-1.83952082058,0
56850,-1.71027107489,0
56851,-1.45789040268,0
56852,-1.33193305072,1
56853,-1.25738602835,1
56854,-1.17780682144,1
56855,-1.09359996762,1
56856,-1.00519352897,1
56857,-0.913036916018,1
56858,-0.817598603109,1
56859,-0.719363746998,1
56860,-0.618831720547,1
56861,-0.51651357419,1
56862,-0.412929438028,1
56863,-0.308605877768,1
56864,-0.204073217951,1
56865,-0.0998628460672,1
56866,0.00349548873267,1
56867,0.105476368592,1
56868,0.205561377891,1
56869,0.303241738588,1
56870,0.398020896576,1
56871,0.489417045892,1
56872,0.57696557796,1
56873,0.660221443407,1
56874,0.738761414455,1
56875,0.812186236382,1
56876,0.880122657118,1
56877,0.942225324653,1
56878,0.998178542624,1
56879,1.04769787514,1
56880,1.09053159271,1
56881,1.12646195188,1
56882,1.15530630215,1
56883,1.17691801445,1
56884,1.19118722652,1
56885,1.1980414014,1
56886,1.19744569619,1
56887,1.18940313912,1
56888,1.1739546142,1
56889,1.15117865338,1
56890,1.12119103732,1
56891,1.08414420683,1
56892,1.04022648796,1
56893,0.989661134632,1
56894,0.932705193746,1
56895,0.86964819849,1
56896,0.800810696514,1
56897,0.726542620437,1
56898,0.647221508978,1
56899,0.563250587754,1
56900,0.475056719499,1
56901,0.383088234125,1
56902,0.287812649657,1
56903,0.189714295621,1
56904,0.0892918509763,1
56905,-0.0129441908978,1
56906,-0.116474117275,1
56907,-0.220771638021,1
56908,-0.325306560965,1
56909,-0.429547487115,1
56910,-0.532964511996,1
56911,-0.635031919404,1
56912,-0.73523085386,1
56913,-0.833051958188,1
56914,-0.927997962818,1
56915,-1.01958621363,1
56916,-1.1073511255,1
56917,-1.1908465491,1
56918,-1.26964803888,1
56919,-1.34335501069,1
56920,-1.41159277815,1
56921,-1.47401445739,1
56922,-1.53030273035,1
56923,-1.5801714579,1
56924,-1.62336713441,1
56925,-1.65967017644,1
56926,-1.68889603896,1
56927,-1.71089615349,1
56928,-1.72555868336,1
56929,-1.73280909219,1
56930,-1.73261052283,1
56931,-1.7249639847,1
56932,-1.70990834866,1
56933,-1.68752014942,1
56934,-1.65791319647,1
56935,-1.62123799554,1
56936,-1.57768098352,1
56937,-1.52746358069,1
56938,-1.47084106515,1
56939,-1.40810127515,1
56940,-1.33956314582,1
56941,-1.26557508795,1
56942,-1.18651321678,1
56943,-1.1027794401,1
56944,-1.01479941513,1
56945,-0.92302038472,1
56946,-0.827908903802,1
56947,-0.72994846769,1
56948,-0.629637054244,1
56949,-0.527484592422,1
56950,-0.424010370073,1
56951,-0.319740394163,1
56952,-0.215204716839,1
56953,-0.11093474093,1
56954,-0.00746051858068,1
56955,0.0946919432417,1
56956,0.195003356687,1
56957,0.292963792799,1
56958,0.388075273718,1
56959,0.479854304131,1
56960,0.567834329101,1
56961,0.651568105778,1
56962,0.730629976945,1
56963,0.804618034819,1
56964,0.873156164145,1
56965,0.935895954151,1
56966,0.992518469688,1
56967,1.04273587252,1
56968,1.08629288454,1
56969,1.12296808547,1
56970,1.15257503841,1
56971,1.17496323765,1
56972,1.19001887369,1
56973,1.19766541183,1
56974,1.19786398119,1
56975,1.19061357236,1
56976,1.17595104249,1
56977,1.15395092796,1
56978,1.12472506544,1
56979,1.08842202341,1
56980,1.0452263469,1
56981,0.995357619344,1
56982,0.939069346387,1
56983,0.876647667151,1
56984,0.808409899685,1
56985,0.734702927879,1
56986,0.655901438102,1
56987,0.572406014497,1
56988,0.484641102624,1
56989,0.393052851815,1
56990,0.298106847186,1
56991,0.200285742857,1
56992,0.100086808402,1
56993,-0.0019805990067,1
56994,-0.105397623888,1
56995,-0.209638550037,1
56996,-0.314173472982,1
56997,-0.418470993728,1
56998,-0.522000920105,1
56999,-0.624236961979,1
57000,-0.770763200132,1
57001,-0.868861554168,1
57002,-0.964137138636,1
57003,-1.05610562401,1
57004,-1.14429949226,1
57005,-1.22827041349,1
57006,-1.30759152495,1
57007,-1.38185960103,1
57008,-1.450697103,1
57009,-1.51375409826,1
57010,-1.57071003914,1
57011,-1.62127539247,1
57012,-1.66519311134,1
57013,-1.70223994183,1
57014,-1.73222755789,1
57015,-1.75500351871,1
57016,-1.77045204363,1
57017,-1.7784946007,1
57018,-1.77909030591,1
57019,-1.77223613103,1
57020,-1.75796691896,1
57021,-1.73635520667,1
57022,-1.7075108564,1
57023,-1.67158049722,1
57024,-1.62874677965,1
57025,-1.57922744713,1
57026,-1.52327422916,1
57027,-1.46117156163,1
57028,-1.39323514089,1
57029,-1.31981031897,1
57030,-1.24127034792,1
57031,-1.15801448247,1
57032,-1.0704659504,1
57033,-0.979069801087,1
57034,-0.884290643099,1
57035,-0.786610282402,1
57036,-0.686525273103,1
57037,-0.584544393244,1
57038,-0.481186058444,1
57039,-0.37697568656,1
57040,-0.272443026743,1
57041,-0.168119466483,1
57042,-0.0645353303208,1
57043,0.0377828160364,1
57044,0.138314842487,1
57045,0.236549698598,1
57046,0.331988011507,1
57047,0.424144624464,1
57048,0.512551063106,1
57049,0.596757916927,1
57050,0.676337123841,1
57051,0.750884146212,1
57052,-1.92008952026,0
57053,-1.77461023831,0
57054,-1.89155951469,0
57055,-1.63237877157,0
57056,-1.89409846197,0
57057,-1.50283163376,0
57058,-1.62035298993,0
57059,-1.7728954948,0
57060,-1.85041703191,0
57061,-1.53340160587,0
57062,-1.41570467254,0
57063,-1.40377348245,0
57064,-1.42755848385,0
57065,-1.45280125589,0
57066,-1.59540197253,0
57067,-1.42421951721,0
57068,-1.30142261813,0
57069,-1.51215209577,0
57070,-1.61134116087,0
57071,-1.29433045555,0
57072,-1.26908529072,0
57073,-1.26922652805,0
57074,-1.42453516966,0
57075,-1.48979208336,0
57076,-1.26960131974,0
57077,-1.24316782498,0
57078,-1.11496904678,0
57079,-1.25063192653,0
57080,-1.32226566019,0
57081,-1.29376573138,0
57082,-0.883908002869,0
57083,-0.827439820987,0
57084,-1.1728382019,0
57085,-0.722910206735,0
57086,-0.78221044155,0
57087,-0.646646322203,0
57088,-0.689550418247,0
57089,-0.565519398508,0
57090,-0.545936278321,0
57091,-0.890753054041,0
57092,-0.671759774685,0
57093,-0.57903184066,0
57094,-0.741611305953,0
57095,-0.619215799852,0
57096,-0.676880123113,0
57097,-0.325251181996,0
57098,-0.1922173886,0
57099,-0.322425186213,0
57100,-0.440556966656,0
57101,-0.207747352909,0
57102,-0.186619719902,0
57103,-0.30351300096,0
57104,-0.298289861428,0
57105,0.0549645647094,0
57106,0.167461054344,0
57107,-0.116991477733,0
57108,0.25878304638,0
57109,-0.109743514196,0
57110,0.345039631916,0
57111,0.0968525311432,0
57112,0.228064128492,0
57113,0.123367803312,0
57114,0.305234465569,0
57115,0.425320678887,0
57116,0.532335315511,0
57117,0.25675530485,0
57118,0.628975952294,0
57119,0.399195072151,0
57120,0.417626997287,0
57121,0.396970209259,0
57122,0.670935809925,0
57123,0.476588889616,0
57124,0.506495050074,0
57125,0.525264797879,0
57126,0.588918120511,0
57127,0.708925208849,0
57128,0.979885384015,0
57129,0.833080693167,0
57130,0.709097474594,0
57131,1.05229461682,0
57132,1.03529372376,0
57133,0.726577132368,0
57134,1.02306842582,0
57135,1.15682049745,0
57136,1.1589458595,0
57137,0.859070566463,0
57138,1.20718928158,0
57139,0.853506444423,0
57140,1.18309846753,0
57141,1.24579352196,0
57142,1.07639935351,0
57143,1.1020941589,0
57144,0.87817086703,0
57145,0.963659540764,0
57146,1.28905126155,0
57147,1.22727514952,0
57148,1.15058870357,0
57149,0.887319929181,0
57150,0.90475954372,0
57151,1.14320793301,0
57152,1.27921935897,0
57153,1.20592995714,0
57154,1.07075223325,0
57155,1.03700618742,0
57156,1.11047910633,0
57157,1.07777789068,0
57158,0.993830820863,0
57159,0.814095249509,0
57160,1.05586029039,0
57161,0.787469724069,0
57162,0.954684420192,0
57163,0.754546050033,0
57164,1.05592704144,0
57165,0.763217494755,0
57166,0.963551284258,0
57167,0.756484356263,0
57168,0.758374336482,0
57169,0.964880514892,0
57170,0.602099492735,0
57171,0.71023422358,0
57172,0.547330935995,0
57173,0.8478921406,0
57174,0.559020746174,0
57175,0.445757808186,0
57176,0.70593301602,0
57177,0.789714889754,0
57178,0.492496682834,0
57179,0.690801956823,0
57180,0.486777446445,0
57181,0.642004125903,0
57182,0.570860359634,0
57183,0.1540492171,0
57184,0.448957390406,0
57185,0.495332087295,0
57186,0.0689878590071,0
57187,0.0263987980368,0
57188,0.342579353748,0
57189,0.320267257926,0
57190,0.00745319119259,0
57191,0.032997691563,0
57192,-0.203553428261,0
57193,-0.184356119866,0
57194,0.0668112323661,0
57195,0.0673013360357,0
57196,-0.10657180944,0
57197,-0.0250916345965,0
57198,-0.398642960881,0
57199,-0.105927061671,0
57200,-0.60095258114,0
57201,-0.535230286604,0
57202,-0.320969290342,0
57203,-0.518482071878,0
57204,-0.695647500696,0
57205,-0.846297424787,0
57206,-0.570333568085,0
57207,-0.937365037917,0
57208,-0.866117158085,0
57209,-0.824429702664,0
57210,-0.682763751098,0
57211,-0.938244750491,0
57212,-0.851880926208,0
57213,-1.0717986483,0
57214,-1.17690880363,0
57215,-0.901012312066,0
57216,-1.14913887768,0
57217,-1.36299806615,0
57218,-1.35861228001,0
57219,-1.19267510394,0
57220,-1.08047650111,0
57221,-1.44703796358,0
57222,-1.34796529467,0
57223,-1.57790881572,0
57224,-1.61002141287,0
57225,-1.26003357565,0
57226,-1.32361225962,0
57227,-1.28283215475,0
57228,-1.35471120394,0
57229,-1.39059973659,0
57230,-1.5817236009,0
57231,-1.69905869303,0
57232,-1.70821990285,0
57233,-1.49364603517,0
57234,-1.87354892291,0
57235,-1.89474648602,0
57236,-1.49981303228,0
57237,-1.79188354182,0
57238,-1.84787077551,0
57239,-1.95443885608,0
57240,-1.97990443338,0
57241,-1.57628786512,0
57242,-1.9482861901,0
57243,-1.99148874815,0
57244,-1.70819761058,0
57245,-1.68845363245,0
57246,-1.79905395313,0
57247,-1.67091670565,0
57248,-1.87274321269,0
57249,-2.0105977902,0
57250,-1.88134804451,0
57251,-1.62896737231,0
57252,-2.04506269638,0
57253,-1.89958341443,0
57254,-2.01653269081,0
57255,-1.75735194769,0
57256,-2.01907163808,0
57257,-1.62780480988,0
57258,-1.74532616604,0
57259,-1.89786867092,0
57260,-1.97539020802,0
57261,-1.65837478199,0
57262,-1.54067784866,0
57263,-1.52874665856,0
57264,-1.55253165997,0
57265,-1.577774432,0
57266,-1.72037514864,0
57267,-1.54919269333,0
57268,-1.42639579424,0
57269,-1.63712527189,0
57270,-1.73631433698,0
57271,-1.41930363167,0
57272,-1.39405846683,0
57273,-1.39419970416,0
57274,-1.54950834577,0
57275,-1.61476525948,0
57276,-1.39457449585,0
57277,-1.36814100109,0
57278,-1.23994222289,0
57279,-1.37560510265,0
57280,-1.4472388363,0
57281,-1.4187389075,0
57282,-1.00888117898,0
57283,-0.952412997101,0
57284,-1.29781137801,0
57285,-0.847883382849,0
57286,-0.907183617663,0
57287,-0.771619498317,0
57288,-0.814523594361,0
57289,-0.690492574621,0
57290,-0.670909454435,0
57291,-1.01572623015,0
57292,-0.796732950799,0
57293,-0.704005016774,0
57294,-0.866584482067,0
57295,-0.744188975966,0
57296,-0.801853299227,0
57297,-0.45022435811,0
57298,-0.317190564714,0
57299,-0.447398362327,0
57300,-0.56553014277,0
57301,-0.332720529023,0
57302,-0.311592896016,0
57303,-0.428486177074,0
57304,-0.423263037542,0
57305,-0.0700086114045,0
57306,0.0424878782299,0
57307,-0.241964653847,0
57308,0.133809870266,0
57309,-0.23471669031,0
57310,0.220066455802,0
57311,-0.0281206449707,0
57312,0.103090952378,0
57313,-0.00160537280172,0
57314,0.180261289455,0
57315,0.300347502773,0
57316,0.407362139397,0
57317,0.131782128736,0
57318,0.50400277618,0
57319,0.274221896037,0
57320,0.292653821173,0
57321,0.271997033145,0
57322,0.545962633812,0
57323,0.351615713502,0
57324,0.38152187396,0
57325,0.400291621765,0
57326,0.463944944398,0
57327,0.583952032735,0
57328,0.854912207901,0
57329,0.708107517054,0
57330,0.58412429848,0
57331,0.927321440705,0
57332,0.910320547644,0
57333,0.601603956254,0
57334,0.898095249707,0
57335,1.03184732133,0
57336,1.03397268338,0
57337,0.734097390349,0
57338,1.08221610547,0
57339,0.728533268309,0
57340,1.05812529142,0
57341,1.12082034585,0
57342,0.951426177398,0
57343,0.977120982786,0
57344,0.753197690916,0
57345,0.83868636465,0
57346,1.16407808543,0
57347,1.1023019734,0
57348,1.02561552746,0
57349,0.762346753067,0
57350,0.779786367606,0
57351,1.0182347569,0
57352,1.15424618286,0
57353,1.08095678102,0
57354,0.945779057134,0
57355,0.912033011308,0
57356,0.985505930218,0
57357,0.952804714565,0
57358,0.868857644749,0
57359,0.689122073395,0
57360,0.930887114279,0
57361,0.662496547955,0
57362,0.829711244078,0
57363,0.629572873919,0
57364,0.930953865326,0
57365,0.638244318642,0
57366,0.838578108144,0
57367,0.631511180149,0
57368,0.633401160368,0
57369,0.839907338778,0
57370,0.477126316621,0
57371,0.585261047466,0
57372,0.422357759881,0
57373,0.722918964487,0
57374,0.43404757006,0
57375,0.320784632072,0
57376,0.580959839906,0
57377,0.664741713641,0
57378,0.36752350672,0
57379,0.565828780709,0
57380,0.361804270332,0
57381,0.517030949789,0
57382,0.44588718352,0
57383,0.0290760409866,0
57384,0.323984214292,0
57385,0.370358911181,0
57386,-0.0559853171067,0
57387,-0.098574378077,0
57388,0.217606177635,0
57389,0.195294081812,0
57390,-0.117519984921,0
57391,-0.0919754845508,0
57392,-0.328526604375,0
57393,-0.309329295979,0
57394,-0.0581619437478,0
57395,-0.0576718400782,0
57396,-0.231544985554,0
57397,-0.15006481071,0
57398,-0.523616136995,0
57399,-0.230900237785,0
57400,-0.699763444327,0
57401,-0.634041149791,0
57402,-0.419780153529,0
57403,-0.617292935065,0
57404,-0.794458363883,0
57405,-0.945108287974,0
57406,-0.669144431272,0
57407,-1.0361759011,0
57408,-0.964928021272,0
57409,-0.923240565851,0
57410,-0.781574614285,0
57411,-1.03705561368,0
57412,-0.950691789395,0
57413,-1.17060951149,0
57414,-1.27571966681,0
57415,-0.999823175253,0
57416,-1.24794974087,0
57417,-1.46180892934,0
57418,-1.4574231432,0
57419,-1.29148596713,0
57420,-1.17928736429,0
57421,-1.54584882677,0
57422,-1.44677615786,0
57423,-1.6767196789,0
57424,-1.70883227606,0
57425,-1.35884443883,0
57426,-1.42242312281,0
57427,-1.38164301793,0
57428,-1.45352206713,0
57429,-1.48941059978,0
57430,-1.68053446409,0
57431,-1.79786955622,0
57432,-1.80703076604,0
57433,-1.59245689836,0
57434,-1.9723597861,0
57435,-1.9935573492,0
57436,-1.59862389546,0
57437,-1.890694405,0
57438,-1.94668163869,0
57439,-2.05324971927,0
57440,-2.07871529656,0
57441,-1.67509872831,0
57442,-2.04709705329,0
57443,-2.09029961134,0
57444,-1.80700847377,0
57445,-1.78726449564,0
57446,-1.89786481632,0
57447,-1.76972756884,0
57448,-1.97155407587,0
57449,-2.10940865338,0
57450,-1.9801589077,0
57451,-1.72777823549,0
57452,-2.14387355956,0
57453,-1.99839427761,0
57454,-2.11534355399,0
57455,-1.85616281087,0
57456,-2.11788250127,0
57457,-1.72661567306,0
57458,-1.84413702923,0
57459,-1.9966795341,0
57460,-2.07420107121,0
57461,-1.75718564517,0
57462,-1.63948871185,0
57463,-1.62755752175,0
57464,-1.65134252315,0
57465,-1.67658529519,0
57466,-1.81918601183,0
57467,-1.64800355651,0
57468,-1.52520665743,0
57469,-1.73593613507,0
57470,-1.83512520017,0
57471,-1.51811449485,0
57472,-1.49286933002,0
57473,-1.49301056735,0
57474,-1.64831920896,0
57475,-1.71357612267,0
57476,-1.49338535904,0
57477,-1.46695186428,0
57478,-1.33875308608,0
57479,-1.47441596583,0
57480,-1.54604969949,0
57481,-1.51754977068,0
57482,-1.10769204217,0
57483,-1.05122386029,0
57484,-1.3966222412,0
57485,-0.946694246036,0
57486,-1.00599448085,0
57487,-0.870430361504,0
57488,-0.913334457548,0
57489,-0.789303437808,0
57490,-0.769720317622,0
57491,-1.11453709334,0
57492,-0.895543813986,0
57493,-0.802815879961,0
57494,-0.965395345254,0
57495,-0.842999839153,0
57496,-0.900664162414,0
57497,-0.549035221297,0
57498,-0.416001427901,0
57499,-0.546209225514,0
57500,-0.664341005957,0
57501,-0.43153139221,0
57502,-0.410403759203,0
57503,-0.527297040261,0
57504,-0.522073900729,0
57505,-0.168819474591,0
57506,-0.0563229849571,0
57507,-0.340775517034,0
57508,0.034999007079,0
57509,-0.333527553497,0
57510,0.121255592615,0
57511,-0.126931508158,0
57512,0.00428008919138,0
57513,-0.100416235989,0
57514,0.0814504262679,0
57515,0.201536639586,0
57516,0.30855127621,0
57517,0.0329712655489,0
57518,0.405191912993,0
57519,0.17541103285,0
57520,0.193842957986,0
57521,0.173186169958,0
57522,0.447151770625,0
57523,0.252804850315,0
57524,0.282711010773,0
57525,0.301480758578,0
57526,0.365134081211,0
57527,0.485141169548,0
57528,0.756101344714,0
57529,0.609296653867,0
57530,0.485313435293,0
57531,0.828510577518,0
57532,0.811509684457,0
57533,0.502793093067,0
57534,0.79928438652,0
57535,0.933036458146,0
57536,0.935161820196,0
57537,0.635286527162,0
57538,0.983405242284,0
57539,0.629722405122,0
57540,0.95931442823,0
57541,1.02200948266,0
57542,0.852615314211,0
57543,0.878310119599,0
57544,0.654386827729,0
57545,0.739875501463,0
57546,1.06526722225,0
57547,1.00349111022,0
57548,0.92680466427,0
57549,0.66353588988,0
57550,0.680975504419,0
57551,0.919423893711,0
57552,1.05543531967,0
57553,0.982145917836,0
57554,0.846968193947,0
57555,0.813222148121,0
57556,0.886695067031,0
57557,0.853993851378,0
57558,0.770046781562,0
57559,0.590311210208,0
57560,0.832076251092,0
57561,0.563685684768,0
57562,0.730900380891,0
57563,0.530762010732,0
57564,0.832143002139,0
57565,0.539433455455,0
57566,0.739767244957,0
57567,0.532700316962,0
57568,0.534590297181,0
57569,0.741096475591,0
57570,0.378315453434,0
57571,0.486450184279,0
57572,0.323546896694,0
57573,0.6241081013,0
57574,0.335236706873,0
57575,0.221973768885,0
57576,0.482148976719,0
57577,0.565930850454,0
57578,0.268712643533,0
57579,0.467017917522,0
57580,0.262993407145,0
57581,0.418220086602,0
57582,0.347076320333,0
57583,-0.0697348222004,0
57584,0.225173351105,0
57585,0.271548047994,0
57586,-0.154796180294,0
57587,-0.197385241264,0
57588,0.118795314448,0
57589,0.0964832186255,0
57590,-0.216330848108,0
57591,-0.190786347738,0
57592,-0.427337467562,0
57593,-0.408140159166,0
57594,-0.156972806935,0
57595,-0.156482703265,0
57596,-0.330355848741,0
57597,-0.248875673897,0
57598,-0.622427000182,0
57599,-0.329711100972,0
57600,-0.664164615628,0
57601,-0.598442321092,0
57602,-0.38418132483,0
57603,-0.581694106365,0
57604,-0.758859535184,0
57605,-0.909509459274,0
57606,-0.633545602572,0
57607,-1.0005770724,0
57608,-0.929329192573,0
57609,-0.887641737151,0
57610,-0.745975785585,0
57611,-1.00145678498,0
57612,-0.915092960695,0
57613,-1.13501068279,0
57614,-1.24012083811,0
57615,-0.964224346553,0
57616,-1.21235091217,0
57617,-1.42621010064,0
57618,-1.4218243145,0
57619,-1.25588713843,0
57620,-1.14368853559,0
57621,-1.51024999807,0
57622,-1.41117732916,0
57623,-1.6411208502,0
57624,-1.67323344736,0
57625,-1.32324561013,0
57626,-1.38682429411,0
57627,-1.34604418923,0
57628,-1.41792323843,0
57629,-1.45381177108,0
57630,-1.64493563539,0
57631,-1.76227072752,0
57632,-1.77143193734,0
57633,-1.55685806966,0
57634,-1.9367609574,0
57635,-1.9579585205,0
57636,-1.56302506676,0
57637,-1.8550955763,0
57638,-1.91108280999,0
57639,-2.01765089057,0
57640,-2.04311646786,0
57641,-1.63949989961,0
57642,-2.01149822459,0
57643,-2.05470078264,0
57644,-1.77140964507,0
57645,-1.75166566694,0
57646,-1.86226598762,0
57647,-1.73412874014,0
57648,-1.93595524717,0
57649,-2.07380982468,0
57650,-1.944560079,0
57651,-1.69217940679,0
57652,-2.10827473086,0
57653,-1.96279544891,0
57654,-2.07974472529,0
57655,-1.82056398217,0
57656,-2.08228367257,0
57657,-1.69101684436,0
57658,-1.80853820053,0
57659,-1.9610807054,0
57660,-2.03860224251,0
57661,-1.72158681647,0
57662,-1.60388988315,0
57663,-1.59195869305,0
57664,-1.61574369445,0
57665,-1.64098646649,0
57666,-1.78358718313,0
57667,-1.61240472782,0
57668,-1.48960782873,0
57669,-1.70033730637,0
57670,-1.79952637147,0
57671,-1.48251566615,0
57672,-1.45727050132,0
57673,-1.45741173865,0
57674,-1.61272038026,0
57675,-1.67797729397,0
57676,-1.45778653034,0
57677,-1.43135303558,0
57678,-1.30315425738,0
57679,-1.43881713713,0
57680,-1.51045087079,0
57681,-1.48195094198,0
57682,-1.07209321347,0
57683,-1.01562503159,0
57684,-1.3610234125,0
57685,-0.911095417336,0
57686,-0.970395652151,0
57687,-0.834831532804,0
57688,-0.877735628849,0
57689,-0.753704609109,0
57690,-0.734121488922,0
57691,-1.07893826464,0
57692,-0.859944985286,0
57693,-0.767217051261,0
57694,-0.929796516554,0
57695,-0.807401010453,0
57696,-0.865065333714,0
57697,-0.513436392598,0
57698,-0.380402599201,0
57699,-0.510610396814,0
57700,-0.628742177257,0
57701,-0.39593256351,0
57702,-0.374804930503,0
57703,-0.491698211562,0
57704,-0.48647507203,0
57705,-0.133220645892,0
57706,-0.0207241562575,0
57707,-0.305176688334,0
57708,0.0705978357786,0
57709,-0.297928724798,0
57710,0.156854421315,0
57711,-0.0913326794581,0
57712,0.039878917891,0
57713,-0.0648174072891,0
57714,0.117049254968,0
57715,0.237135468286,0
57716,0.34415010491,0
57717,0.0685700942485,0
57718,0.440790741693,0
57719,0.21100986155,0
57720,0.229441786686,0
57721,0.208784998657,0
57722,0.482750599324,0
57723,0.288403679014,0
57724,0.318309839473,0
57725,0.337079587278,0
57726,0.40073290991,0
57727,0.520739998247,0
57728,0.791700173414,0
57729,0.644895482566,0
57730,0.520912263993,0
57731,0.864109406218,0
57732,0.847108513157,0
57733,0.538391921767,0
57734,0.83488321522,0
57735,0.968635286845,0
57736,0.970760648895,0
57737,0.670885355862,0
57738,1.01900407098,0
57739,0.665321233821,0
57740,0.994913256929,0
57741,1.05760831136,0
57742,0.888214142911,0
57743,0.913908948299,0
57744,0.689985656429,0
57745,0.775474330163,0
57746,1.10086605094,0
57747,1.03908993892,0
57748,0.962403492969,0
57749,0.69913471858,0
57750,0.716574333119,0
57751,0.955022722411,0
57752,1.09103414837,0
57753,1.01774474654,0
57754,0.882567022647,0
57755,0.84882097682,0
57756,0.92229389573,0
57757,0.889592680077,0
57758,0.805645610261,0
57759,0.625910038908,0
57760,0.867675079791,0
57761,0.599284513468,0
57762,0.766499209591,0
57763,0.566360839432,0
57764,0.867741830838,0
57765,0.575032284154,0
57766,0.775366073657,0
57767,0.568299145662,0
57768,0.570189125881,0
57769,0.776695304291,0
57770,0.413914282134,0
57771,0.522049012979,0
57772,0.359145725394,0
57773,0.659706929999,0
57774,0.370835535572,0
57775,0.257572597585,0
57776,0.517747805419,0
57777,0.601529679153,0
57778,0.304311472233,0
57779,0.502616746222,0
57780,0.298592235844,0
57781,0.453818915302,0
57782,0.382675149033,0
57783,-0.0341359935008,0
57784,0.260772179805,0
57785,0.307146876694,0
57786,-0.119197351594,0
57787,-0.161786412564,0
57788,0.154394143147,0
57789,0.132082047325,0
57790,-0.180732019409,0
57791,-0.155187519038,0
57792,-0.391738638862,0
57793,-0.372541330467,0
57794,-0.121373978235,0
57795,-0.120883874566,0
57796,-0.294757020041,0
57797,-0.213276845198,0
57798,-0.586828171482,0
57799,-0.294112272272,0
57800,-0.975828588136,0
57801,-0.9101062936,0
57802,-0.695845297338,0
57803,-0.893358078874,0
57804,-1.07052350769,0
57805,-1.22117343178,0
57806,-0.94520957508,0
57807,-1.31224104491,0
57808,-1.24099316508,0
57809,-1.19930570966,0
57810,-1.05763975809,0
57811,-1.31312075749,0
57812,-1.2267569332,0
57813,-1.4466746553,0
57814,-1.55178481062,0
57815,-1.27588831906,0
57816,-1.52401488467,0
57817,-1.73787407315,0
57818,-1.73348828701,0
57819,-1.56755111094,0
57820,-1.4553525081,0
57821,-1.82191397058,0
57822,-1.72284130167,0
57823,-1.95278482271,0
57824,-1.98489741987,0
57825,-1.63490958264,0
57826,-1.69848826662,0
57827,-1.65770816174,0
57828,-1.72958721094,0
57829,-1.76547574359,0
57830,-1.9565996079,0
57831,-2.07393470002,0
57832,-2.08309590985,0
57833,-1.86852204217,0
57834,-2.24842492991,0
57835,-2.26962249301,0
57836,-1.87468903927,0
57837,-2.16675954881,0
57838,-2.2227467825,0
57839,-2.32931486308,0
57840,-2.35478044037,0
57841,-1.95116387212,0
57842,-2.3231621971,0
57843,-2.36636475515,0
57844,-2.08307361758,0
57845,-2.06332963945,0
57846,-2.17392996013,0
57847,-2.04579271265,0
57848,-2.24761921968,0
57849,-2.38547379719,0
57850,-2.25622405151,0
57851,-2.0038433793,0
57852,-2.41993870337,0
57853,-2.27445942142,0
57854,-2.3914086978,0
57855,-2.13222795468,0
57856,-2.39394764508,0
57857,-2.00268081687,0
57858,-2.12020217304,0
57859,-2.27274467791,0
57860,-2.35026621502,0
57861,-2.03325078898,0
57862,-1.91555385565,0
57863,-1.90362266556,0
57864,-1.92740766696,0
57865,-1.952650439,0
57866,-2.09525115564,0
57867,-1.92406870032,0
57868,-1.80127180124,0
57869,-2.01200127888,0
57870,-2.11119034398,0
57871,-1.79417963866,0
57872,-1.76893447383,0
57873,-1.76907571116,0
57874,-1.92438435277,0
57875,-1.98964126647,0
57876,-1.76945050285,0
57877,-1.74301700809,0
57878,-1.61481822989,0
57879,-1.75048110964,0
57880,-1.8221148433,0
57881,-1.79361491449,0
57882,-1.38375718598,0
57883,-1.3272890041,0
57884,-1.672687385,0
57885,-1.22275938984,0
57886,-1.28205962466,0
57887,-1.14649550531,0
57888,-1.18939960136,0
57889,-1.06536858162,0
57890,-1.04578546143,0
57891,-1.39060223715,0
57892,-1.17160895779,0
57893,-1.07888102377,0
57894,-1.24146048906,0
57895,-1.11906498296,0
57896,-1.17672930622,0
57897,-0.825100365106,0
57898,-0.692066571709,0
57899,-0.822274369322,0
57900,-0.940406149766,0
57901,-0.707596536018,0
57902,-0.686468903012,0
57903,-0.80336218407,0
57904,-0.798139044538,0
57905,-0.4448846184,0
57906,-0.332388128766,0
57907,-0.616840660843,0
57908,-0.24106613673,0
57909,-0.609592697306,0
57910,-0.154809551194,0
57911,-0.402996651967,0
57912,-0.271785054617,0
57913,-0.376481379798,0
57914,-0.194614717541,0
57915,-0.0745285042226,0
57916,0.0324861324016,0
57917,-0.24309387826,0
57918,0.129126769184,0
57919,-0.100654110959,0
57920,-0.0822221858225,0
57921,-0.102878973851,0
57922,0.171086626816,0
57923,-0.0232602934941,0
57924,0.0066458669645,0
57925,0.0254156147696,0
57926,0.0890689374017,0
57927,0.209076025739,0
57928,0.480036200905,0
57929,0.333231510058,0
57930,0.209248291484,0
57931,0.55244543371,0
57932,0.535444540648,0
57933,0.226727949258,0
57934,0.523219242711,0
57935,0.656971314337,0
57936,0.659096676387,0
57937,0.359221383353,0
57938,0.707340098475,0
57939,0.353657261313,0
57940,0.683249284421,0
57941,0.745944338851,0
57942,0.576550170402,0
57943,0.602244975791,0
57944,0.37832168392,0
57945,0.463810357654,0
57946,0.789202078436,0
57947,0.727425966409,0
57948,0.650739520461,0
57949,0.387470746072,0
57950,0.404910360611,0
57951,0.643358749902,0
57952,0.779370175861,0
57953,0.706080774027,0
57954,0.570903050138,0
57955,0.537157004312,0
57956,0.610629923222,0
57957,0.577928707569,0
57958,0.493981637753,0
57959,0.3142460664,0
57960,0.556011107283,0
57961,0.287620540959,0
57962,0.454835237082,0
57963,0.254696866923,0
57964,0.55607785833,0
57965,0.263368311646,0
57966,0.463702101148,0
57967,0.256635173153,0
57968,0.258525153372,0
57969,0.465031331782,0
57970,0.102250309625,0
57971,0.21038504047,0
57972,0.0474817528854,0
57973,0.348042957491,0
57974,0.059171563064,0
57975,-0.0540913749237,0
57976,0.20608383291,0
57977,0.289865706645,0
57978,-0.00735250027574,0
57979,0.190952773713,0
57980,-0.0130717366643,0
57981,0.142154942793,0
57982,0.0710111765243,0
57983,-0.345799966009,0
57984,-0.0508917927036,0
57985,-0.00451709581444,0
57986,-0.430861324103,0
57987,-0.473450385073,0
57988,-0.157269829361,0
57989,-0.179581925183,0
57990,-0.492395991917,0
57991,-0.466851491547,0
57992,-0.703402611371,0
57993,-0.684205302975,0
57994,-0.433037950744,0
57995,-0.432547847074,0
57996,-0.60642099255,0
57997,-0.524940817706,0
57998,-0.898492143991,0
57999,-0.605776244781,0
58000,-1.28310669704,0
58001,-1.2173844025,0
58002,-1.00312340624,0
58003,-1.20063618777,0
58004,-1.37780161659,0
58005,-1.52845154068,0
58006,-1.25248768398,0
58007,-1.61951915381,0
58008,-1.54827127398,0
58009,-1.50658381856,0
58010,-1.36491786699,0
58011,-1.62039886639,0
58012,-1.5340350421,0
58013,-1.7539527642,0
58014,-1.85906291952,0
58015,-1.58316642796,0
58016,-1.83129299357,0
58017,-2.04515218205,0
58018,-2.04076639591,0
58019,-1.87482921984,0
58020,-1.762630617,0
58021,-2.12919207948,0
58022,-2.03011941057,0
58023,-2.26006293161,0
58024,-2.29217552877,0
58025,-1.94218769154,0
58026,-2.00576637552,0
58027,-1.96498627064,0
58028,-2.03686531984,0
58029,-2.07275385249,0
58030,-2.26387771679,0
58031,-2.38121280892,0
58032,-2.39037401875,0
58033,-2.17580015107,0
58034,-2.55570303881,0
58035,-2.57690060191,0
58036,-2.18196714817,0
58037,-2.47403765771,0
58038,-2.5300248914,0
58039,-2.63659297198,0
58040,-2.66205854927,0
58041,-2.25844198102,0
58042,-2.630440306,0
58043,-2.67364286405,0
58044,-2.39035172648,0
58045,-2.37060774835,0
58046,-2.48120806902,0
58047,-2.35307082155,0
58048,-2.55489732858,0
58049,-2.69275190609,0
58050,-2.56350216041,0
58051,-2.3111214882,0
58052,-2.72721681227,0
58053,-2.58173753032,0
58054,-2.6986868067,0
58055,-2.43950606358,0
58056,-2.70122575398,0
58057,-2.30995892577,0
58058,-2.42748028194,0
58059,-2.58002278681,0
58060,-2.65754432392,0
58061,-2.34052889788,0
58062,-2.22283196455,0
58063,-2.21090077446,0
58064,-2.23468577586,0
58065,-2.2599285479,0
58066,-2.40252926454,0
58067,-2.23134680922,0
58068,-2.10854991014,0
58069,-2.31927938778,0
58070,-2.41846845288,0
58071,-2.10145774756,0
58072,-2.07621258273,0
58073,-2.07635382006,0
58074,-2.23166246167,0
58075,-2.29691937537,0
58076,-2.07672861175,0
58077,-2.05029511699,0
58078,-1.92209633879,0
58079,-2.05775921854,0
58080,-2.1293929522,0
58081,-2.10089302339,0
58082,-1.69103529488,0
58083,-1.634567113,0
58084,-1.9799654939,0
58085,-1.53003749874,0
58086,-1.58933773356,0
58087,-1.45377361421,0
58088,-1.49667771026,0
58089,-1.37264669052,0
58090,-1.35306357033,0
58091,-1.69788034605,0
58092,-1.47888706669,0
58093,-1.38615913267,0
58094,-1.54873859796,0
58095,-1.42634309186,0
58096,-1.48400741512,0
58097,-1.13237847401,0
58098,-0.999344680609,0
58099,-1.12955247822,0
58100,-1.24768425867,0
58101,-1.01487464492,0
58102,-0.993747011911,0
58103,-1.11064029297,0
58104,-1.10541715344,0
58105,-0.7521627273,0
58106,-0.639666237665,0
58107,-0.924118769742,0
58108,-0.548344245629,0
58109,-0.916870806205,0
58110,-0.462087660093,0
58111,-0.710274760866,0
58112,-0.579063163517,0
58113,-0.683759488697,0
58114,-0.50189282644,0
58115,-0.381806613122,0
58116,-0.274791976498,0
58117,-0.550371987159,0
58118,-0.178151339715,0
58119,-0.407932219858,0
58120,-0.389500294722,0
58121,-0.410157082751,0
58122,-0.136191482084,0
58123,-0.330538402394,0
58124,-0.300632241935,0
58125,-0.28186249413,0
58126,-0.218209171498,0
58127,-0.0982020831607,0
58128,0.172758092006,0
58129,0.0259534011582,0
58130,-0.098029817415,0
58131,0.24516732481,0
58132,0.228166431749,0
58133,-0.0805501596413,0
58134,0.215941133812,0
58135,0.349693205437,0
58136,0.351818567487,0
58137,0.0519432744537,0
58138,0.400061989576,0
58139,0.0463791524133,0
58140,0.375971175521,0
58141,0.438666229951,0
58142,0.269272061503,0
58143,0.294966866891,0
58144,0.0710435750206,0
58145,0.156532248755,0
58146,0.481923969537,0
58147,0.420147857509,0
58148,0.343461411561,0
58149,0.080192637172,0
58150,0.0976322517111,0
58151,0.336080641003,0
58152,0.472092066961,0
58153,0.398802665128,0
58154,0.263624941239,0
58155,0.229878895412,0
58156,0.303351814323,0
58157,0.270650598669,0
58158,0.186703528853,0
58159,0.00696795750003,0
58160,0.248732998383,0
58161,-0.0196575679401,0
58162,0.147557128183,0
58163,-0.0525812419761,0
58164,0.24879974943,0
58165,-0.0439097972538,0
58166,0.156423992249,0
58167,-0.0506429357462,0
58168,-0.0487529555271,0
58169,0.157753222883,0
58170,-0.205027799274,0
58171,-0.0968930684295,0
58172,-0.259796356014,0
58173,0.0407648485911,0
58174,-0.248106545836,0
58175,-0.361369483823,0
58176,-0.101194275989,0
58177,-0.0174124022547,0
58178,-0.314630609175,0
58179,-0.116325335186,0
58180,-0.320349845564,0
58181,-0.165123166106,0
58182,-0.236266932375,0
58183,-0.653078074909,0
58184,-0.358169901603,0
58185,-0.311795204714,0
58186,-0.738139433002,0
58187,-0.780728493972,0
58188,-0.464547938261,0
58189,-0.486860034083,0
58190,-0.799674100817,0
58191,-0.774129600446,0
58192,-1.01068072027,0
58193,-0.991483411875,0
58194,-0.740316059643,0
58195,-0.739825955974,0
58196,-0.913699101449,0
58197,-0.832218926606,0
58198,-1.20577025289,0
58199,-0.91305435368,0
58200,-1.21093035338,0
58201,-1.14520805884,0
58202,-0.930947062578,0
58203,-1.12845984411,0
58204,-1.30562527293,0
58205,-1.45627519702,0
58206,-1.18031134032,0
58207,-1.54734281015,0
58208,-1.47609493032,0
58209,-1.4344074749,0
58210,-1.29274152333,0
58211,-1.54822252273,0
58212,-1.46185869844,0
58213,-1.68177642054,0
58214,-1.78688657586,0
58215,-1.5109900843,0
58216,-1.75911664991,0
58217,-1.97297583839,0
58218,-1.96859005225,0
58219,-1.80265287618,0
58220,-1.69045427334,0
58221,-2.05701573582,0
58222,-1.95794306691,0
58223,-2.18788658795,0
58224,-2.21999918511,0
58225,-1.87001134788,0
58226,-1.93359003186,0
58227,-1.89280992698,0
58228,-1.96468897618,0
58229,-2.00057750883,0
58230,-2.19170137313,0
58231,-2.30903646526,0
58232,-2.31819767509,0
58233,-2.10362380741,0
58234,-2.48352669515,0
58235,-2.50472425825,0
58236,-2.10979080451,0
58237,-2.40186131405,0
58238,-2.45784854774,0
58239,-2.56441662832,0
58240,-2.58988220561,0
58241,-2.18626563736,0
58242,-2.55826396234,0
58243,-2.60146652039,0
58244,-2.31817538282,0
58245,-2.29843140469,0
58246,-2.40903172536,0
58247,-2.28089447789,0
58248,-2.48272098492,0
58249,-2.62057556243,0
58250,-2.49132581675,0
58251,-2.23894514454,0
58252,-2.65504046861,0
58253,-2.50956118666,0
58254,-2.62651046304,0
58255,-2.36732971992,0
58256,-2.62904941032,0
58257,-2.23778258211,0
58258,-2.35530393828,0
58259,-2.50784644315,0
58260,-2.58536798026,0
58261,-2.26835255422,0
58262,-2.15065562089,0
58263,-2.1387244308,0
58264,-2.1625094322,0
58265,-2.18775220424,0
58266,-2.33035292088,0
58267,-2.15917046556,0
58268,-2.03637356648,0
58269,-2.24710304412,0
58270,-2.34629210922,0
58271,-2.0292814039,0
58272,-2.00403623907,0
58273,-2.0041774764,0
58274,-2.15948611801,0
58275,-2.22474303171,0
58276,-2.00455226809,0
58277,-1.97811877333,0
58278,-1.84991999513,0
58279,-1.98558287488,0
58280,-2.05721660854,0
58281,-2.02871667973,0
58282,-1.61885895122,0
58283,-1.56239076934,0
58284,-1.90778915024,0
58285,-1.45786115508,0
58286,-1.5171613899,0
58287,-1.38159727055,0
58288,-1.4245013666,0
58289,-1.30047034686,0
58290,-1.28088722667,0
58291,-1.62570400239,0
58292,-1.40671072303,0
58293,-1.31398278901,0
58294,-1.4765622543,0
58295,-1.3541667482,0
58296,-1.41183107146,0
58297,-1.06020213035,0
58298,-0.927168336949,0
58299,-1.05737613456,0
58300,-1.17550791501,0
58301,-0.942698301258,0
58302,-0.921570668251,0
58303,-1.03846394931,0
58304,-1.03324080978,0
58305,-0.67998638364,0
58306,-0.567489894006,0
58307,-0.851942426082,0
58308,-0.47616790197,0
58309,-0.844694462546,0
58310,-0.389911316433,0
58311,-0.638098417206,0
58312,-0.506886819857,0
58313,-0.611583145037,0
58314,-0.429716482781,0
58315,-0.309630269462,0
58316,-0.202615632838,0
58317,-0.4781956435,0
58318,-0.105974996055,0
58319,-0.335755876198,0
58320,-0.317323951062,0
58321,-0.337980739091,0
58322,-0.064015138424,0
58323,-0.258362058734,0
58324,-0.228455898275,0
58325,-0.20968615047,0
58326,-0.146032827838,0
58327,-0.0260257395009,0
58328,0.244934435666,0
58329,0.0981297448179,0
58330,-0.0258534737553,0
58331,0.31734366847,0
58332,0.300342775409,0
58333,-0.00837381598153,0
58334,0.288117477471,0
58335,0.421869549097,0
58336,0.423994911147,0
58337,0.124119618113,0
58338,0.472238333235,0
58339,0.118555496073,0
58340,0.448147519181,0
58341,0.510842573611,0
58342,0.341448405162,0
58343,0.367143210551,0
58344,0.14321991868,0
58345,0.228708592414,0
58346,0.554100313197,0
58347,0.492324201169,0
58348,0.415637755221,0
58349,0.152368980832,0
58350,0.169808595371,0
58351,0.408256984663,0
58352,0.544268410621,0
58353,0.470979008787,0
58354,0.335801284898,0
58355,0.302055239072,0
58356,0.375528157982,0
58357,0.342826942329,0
58358,0.258879872513,0
58359,0.0791443011598,0
58360,0.320909342043,0
58361,0.0525187757196,0
58362,0.219733471842,0
58363,0.0195951016836,0
58364,0.32097609309,0
58365,0.0282665464059,0
58366,0.228600335909,0
58367,0.0215334079136,0
58368,0.0234233881327,0
58369,0.229929566543,0
58370,-0.132851455615,0
58371,-0.0247167247697,0
58372,-0.187620012354,0
58373,0.112941192251,0
58374,-0.175930202176,0
58375,-0.289193140164,0
58376,-0.0290179323296,0
58377,0.054763941405,0
58378,-0.242454265516,0
58379,-0.0441489915264,0
58380,-0.248173501904,0
58381,-0.0929468224465,0
58382,-0.164090588715,0
58383,-0.580901731249,0
58384,-0.285993557943,0
58385,-0.239618861054,0
58386,-0.665963089342,0
58387,-0.708552150313,0
58388,-0.392371594601,0
58389,-0.414683690423,0
58390,-0.727497757157,0
58391,-0.701953256786,0
58392,-0.93850437661,0
58393,-0.919307068215,0
58394,-0.668139715983,0
58395,-0.667649612314,0
58396,-0.841522757789,0
58397,-0.760042582946,0
58398,-1.13359390923,0
58399,-0.84087801002,0
58400,-1.00345974648,0
58401,-0.937737451943,0
58402,-0.723476455681,0
58403,-0.920989237217,0
58404,-1.09815466604,0
58405,-1.24880459013,0
58406,-0.972840733423,0
58407,-1.33987220326,0
58408,-1.26862432342,0
58409,-1.226936868,0
58410,-1.08527091644,0
58411,-1.34075191583,0
58412,-1.25438809155,0
58413,-1.47430581364,0
58414,-1.57941596897,0
58415,-1.3035194774,0
58416,-1.55164604302,0
58417,-1.76550523149,0
58418,-1.76111944535,0
58419,-1.59518226928,0
58420,-1.48298366644,0
58421,-1.84954512892,0
58422,-1.75047246001,0
58423,-1.98041598106,0
58424,-2.01252857821,0
58425,-1.66254074098,0
58426,-1.72611942496,0
58427,-1.68533932008,0
58428,-1.75721836928,0
58429,-1.79310690193,0
58430,-1.98423076624,0
58431,-2.10156585837,0
58432,-2.11072706819,0
58433,-1.89615320051,0
58434,-2.27605608825,0
58435,-2.29725365135,0
58436,-1.90232019761,0
58437,-2.19439070716,0
58438,-2.25037794084,0
58439,-2.35694602142,0
58440,-2.38241159872,0
58441,-1.97879503046,0
58442,-2.35079335544,0
58443,-2.39399591349,0
58444,-2.11070477592,0
58445,-2.09096079779,0
58446,-2.20156111847,0
58447,-2.07342387099,0
58448,-2.27525037802,0
58449,-2.41310495554,0
58450,-2.28385520985,0
58451,-2.03147453764,0
58452,-2.44756986171,0
58453,-2.30209057977,0
58454,-2.41903985615,0
58455,-2.15985911303,0
58456,-2.42157880342,0
58457,-2.03031197521,0
58458,-2.14783333138,0
58459,-2.30037583625,0
58460,-2.37789737336,0
58461,-2.06088194733,0
58462,-1.943185014,0
58463,-1.9312538239,0
58464,-1.95503882531,0
58465,-1.98028159734,0
58466,-2.12288231398,0
58467,-1.95169985867,0
58468,-1.82890295958,0
58469,-2.03963243722,0
58470,-2.13882150232,0
58471,-1.82181079701,0
58472,-1.79656563217,0
58473,-1.7967068695,0
58474,-1.95201551111,0
58475,-2.01727242482,0
58476,-1.79708166119,0
58477,-1.77064816643,0
58478,-1.64244938823,0
58479,-1.77811226798,0
58480,-1.84974600164,0
58481,-1.82124607284,0
58482,-1.41138834432,0
58483,-1.35492016244,0
58484,-1.70031854335,0
58485,-1.25039054819,0
58486,-1.309690783,0
58487,-1.17412666366,0
58488,-1.2170307597,0
58489,-1.09299973996,0
58490,-1.07341661977,0
58491,-1.41823339549,0
58492,-1.19924011614,0
58493,-1.10651218211,0
58494,-1.26909164741,0
58495,-1.1466961413,0
58496,-1.20436046457,0
58497,-0.852731523449,0
58498,-0.719697730052,0
58499,-0.849905527665,0
58500,-0.968037308109,0
58501,-0.735227694361,0
58502,-0.714100061355,0
58503,-0.830993342413,0
58504,-0.825770202881,0
58505,-0.472515776743,0
58506,-0.360019287109,0
58507,-0.644471819186,0
58508,-0.268697295073,0
58509,-0.637223855649,0
58510,-0.182440709536,0
58511,-0.430627810309,0
58512,-0.29941621296,0
58513,-0.40411253814,0
58514,-0.222245875884,0
58515,-0.102159662565,0
58516,0.00485497405878,0
58517,-0.270725036603,0
58518,0.101495610842,0
58519,-0.128285269302,0
58520,-0.109853344165,0
58521,-0.130510132194,0
58522,0.143455468473,0
58523,-0.050891451837,0
58524,-0.0209852913784,0
58525,-0.00221554357327,0
58526,0.0614377790589,0
58527,0.181444867396,0
58528,0.452405042563,0
58529,0.305600351715,0
58530,0.181617133142,0
58531,0.524814275367,0
58532,0.507813382306,0
58533,0.199096790915,0
58534,0.495588084368,0
58535,0.629340155994,0
58536,0.631465518044,0
58537,0.33159022501,0
58538,0.679708940132,0
58539,0.32602610297,0
58540,0.655618126078,0
58541,0.718313180508,0
58542,0.548919012059,0
58543,0.574613817448,0
58544,0.350690525577,0
58545,0.436179199311,0
58546,0.761570920094,0
58547,0.699794808066,0
58548,0.623108362118,0
58549,0.359839587729,0
58550,0.377279202268,0
58551,0.61572759156,0
58552,0.751739017518,0
58553,0.678449615684,0
58554,0.543271891795,0
58555,0.509525845969,0
58556,0.582998764879,0
58557,0.550297549226,0
58558,0.46635047941,0
58559,0.286614908057,0
58560,0.52837994894,0
58561,0.259989382617,0
58562,0.427204078739,0
58563,0.227065708581,0
58564,0.528446699987,0
58565,0.235737153303,0
58566,0.436070942806,0
58567,0.22900401481,0
58568,0.23089399503,0
58569,0.43740017344,0
58570,0.0746191512822,0
58571,0.182753882127,0
58572,0.0198505945425,0
58573,0.320411799148,0
58574,0.0315404047211,0
58575,-0.0817225332666,0
58576,0.178452674567,0
58577,0.262234548302,0
58578,-0.0349836586186,0
58579,0.16332161537,0
58580,-0.0407028950072,0
58581,0.11452378445,0
58582,0.0433800181814,0
58583,-0.373431124352,0
58584,-0.0785229510465,0
58585,-0.0321482541573,0
58586,-0.458492482445,0
58587,-0.501081543416,0
58588,-0.184900987704,0
58589,-0.207213083526,0
58590,-0.52002715026,0
58591,-0.49448264989,0
58592,-0.731033769713,0
58593,-0.711836461318,0
58594,-0.460669109086,0
58595,-0.460179005417,0
58596,-0.634052150892,0
58597,-0.552571976049,0
58598,-0.926123302333,0
58599,-0.633407403124,0
58600,-0.86774495824,0
58601,-0.802022663703,0
58602,-0.587761667441,0
58603,-0.785274448977,0
58604,-0.962439877796,0
58605,-1.11308980189,0
58606,-0.837125945184,0
58607,-1.20415741502,0
58608,-1.13290953518,0
58609,-1.09122207976,0
58610,-0.949556128197,0
58611,-1.20503712759,0
58612,-1.11867330331,0
58613,-1.3385910254,0
58614,-1.44370118073,0
58615,-1.16780468916,0
58616,-1.41593125478,0
58617,-1.62979044325,0
58618,-1.62540465711,0
58619,-1.45946748104,0
58620,-1.34726887821,0
58621,-1.71383034068,0
58622,-1.61475767177,0
58623,-1.84470119282,0
58624,-1.87681378997,0
58625,-1.52682595274,0
58626,-1.59040463672,0
58627,-1.54962453184,0
58628,-1.62150358104,0
58629,-1.65739211369,0
58630,-1.848515978,0
58631,-1.96585107013,0
58632,-1.97501227995,0
58633,-1.76043841227,0
58634,-2.14034130001,0
58635,-2.16153886311,0
58636,-1.76660540937,0
58637,-2.05867591892,0
58638,-2.1146631526,0
58639,-2.22123123318,0
58640,-2.24669681048,0
58641,-1.84308024222,0
58642,-2.2150785672,0
58643,-2.25828112525,0
58644,-1.97498998768,0
58645,-1.95524600955,0
58646,-2.06584633023,0
58647,-1.93770908275,0
58648,-2.13953558978,0
58649,-2.2773901673,0
58650,-2.14814042161,0
58651,-1.8957597494,0
58652,-2.31185507348,0
58653,-2.16637579153,0
58654,-2.28332506791,0
58655,-2.02414432479,0
58656,-2.28586401518,0
58657,-1.89459718697,0
58658,-2.01211854314,0
58659,-2.16466104801,0
58660,-2.24218258512,0
58661,-1.92516715909,0
58662,-1.80747022576,0
58663,-1.79553903566,0
58664,-1.81932403707,0
58665,-1.8445668091,0
58666,-1.98716752574,0
58667,-1.81598507043,0
58668,-1.69318817134,0
58669,-1.90391764898,0
58670,-2.00310671408,0
58671,-1.68609600877,0
58672,-1.66085084393,0
58673,-1.66099208126,0
58674,-1.81630072287,0
58675,-1.88155763658,0
58676,-1.66136687295,0
58677,-1.63493337819,0
58678,-1.50673459999,0
58679,-1.64239747974,0
58680,-1.7140312134,0
58681,-1.6855312846,0
58682,-1.27567355608,0
58683,-1.2192053742,0
58684,-1.56460375511,0
58685,-1.11467575995,0
58686,-1.17397599476,0
58687,-1.03841187542,0
58688,-1.08131597146,0
58689,-0.957284951721,0
58690,-0.937701831534,0
58691,-1.28251860725,0
58692,-1.0635253279,0
58693,-0.970797393873,0
58694,-1.13337685917,0
58695,-1.01098135306,0
58696,-1.06864567633,0
58697,-0.717016735209,0
58698,-0.583982941813,0
58699,-0.714190739426,0
58700,-0.832322519869,0
58701,-0.599512906122,0
58702,-0.578385273115,0
58703,-0.695278554173,0
58704,-0.690055414641,0
58705,-0.336800988504,0
58706,-0.224304498869,0
58707,-0.508757030946,0
58708,-0.132982506833,0
58709,-0.501509067409,0
58710,-0.0467259212968,0
58711,-0.29491302207,0
58712,-0.163701424721,0
58713,-0.268397749901,0
58714,-0.0865310876442,0
58715,0.0335551256742,0
58716,0.140569762298,0
58717,-0.135010248363,0
58718,0.237210399081,0
58719,0.0074295189381,0
58720,0.0258614440742,0
58721,0.00520465604576,0
58722,0.279170256713,0
58723,0.0848233364026,0
58724,0.114729496861,0
58725,0.133499244666,0
58726,0.197152567298,0
58727,0.317159655636,0
58728,0.588119830802,0
58729,0.441315139954,0
58730,0.317331921381,0
58731,0.660529063606,0
58732,0.643528170545,0
58733,0.334811579155,0
58734,0.631302872608,0
58735,0.765054944234,0
58736,0.767180306284,0
58737,0.46730501325,0
58738,0.815423728372,0
58739,0.46174089121,0
58740,0.791332914317,0
58741,0.854027968748,0
58742,0.684633800299,0
58743,0.710328605687,0
58744,0.486405313817,0
58745,0.571893987551,0
58746,0.897285708333,0
58747,0.835509596305,0
58748,0.758823150357,0
58749,0.495554375968,0
58750,0.512993990507,0
58751,0.751442379799,0
58752,0.887453805757,0
58753,0.814164403924,0
58754,0.678986680035,0
58755,0.645240634209,0
58756,0.718713553119,0
58757,0.686012337465,0
58758,0.60206526765,0
58759,0.422329696296,0
58760,0.66409473718,0
58761,0.395704170856,0
58762,0.562918866979,0
58763,0.36278049682,0
58764,0.664161488227,0
58765,0.371451941542,0
58766,0.571785731045,0
58767,0.36471880305,0
58768,0.366608783269,0
58769,0.573114961679,0
58770,0.210333939522,0
58771,0.318468670367,0
58772,0.155565382782,0
58773,0.456126587387,0
58774,0.167255192961,0
58775,0.053992254973,0
58776,0.314167462807,0
58777,0.397949336542,0
58778,0.100731129621,0
58779,0.29903640361,0
58780,0.0950118932324,0
58781,0.25023857269,0
58782,0.179094806421,0
58783,-0.237716336113,0
58784,0.0571918371931,0
58785,0.103566534082,0
58786,-0.322777694206,0
58787,-0.365366755176,0
58788,-0.0491861994645,0
58789,-0.0714982952866,0
58790,-0.38431236202,0
58791,-0.35876786165,0
58792,-0.595318981474,0
58793,-0.576121673078,0
58794,-0.324954320847,0
58795,-0.324464217177,0
58796,-0.498337362653,0
58797,-0.416857187809,0
58798,-0.790408514094,0
58799,-0.497692614884,0
58800,-1.02913244427,0
58801,-0.963410149731,0
58802,-0.749149153469,0
58803,-0.946661935005,0
58804,-1.12382736382,0
58805,-1.27447728791,0
58806,-0.998513431211,0
58807,-1.36554490104,0
58808,-1.29429702121,0
58809,-1.25260956579,0
58810,-1.11094361422,0
58811,-1.36642461362,0
58812,-1.28006078933,0
58813,-1.49997851143,0
58814,-1.60508866675,0
58815,-1.32919217519,0
58816,-1.57731874081,0
58817,-1.79117792928,0
58818,-1.78679214314,0
58819,-1.62085496707,0
58820,-1.50865636423,0
58821,-1.87521782671,0
58822,-1.7761451578,0
58823,-2.00608867884,0
58824,-2.038201276,0
58825,-1.68821343877,0
58826,-1.75179212275,0
58827,-1.71101201787,0
58828,-1.78289106707,0
58829,-1.81877959972,0
58830,-2.00990346403,0
58831,-2.12723855616,0
58832,-2.13639976598,0
58833,-1.9218258983,0
58834,-2.30172878604,0
58835,-2.32292634914,0
58836,-1.9279928954,0
58837,-2.22006340494,0
58838,-2.27605063863,0
58839,-2.38261871921,0
58840,-2.4080842965,0
58841,-2.00446772825,0
58842,-2.37646605323,0
58843,-2.41966861128,0
58844,-2.13637747371,0
58845,-2.11663349558,0
58846,-2.22723381626,0
58847,-2.09909656878,0
58848,-2.30092307581,0
58849,-2.43877765332,0
58850,-2.30952790764,0
58851,-2.05714723543,0
58852,-2.4732425595,0
58853,-2.32776327755,0
58854,-2.44471255393,0
58855,-2.18553181081,0
58856,-2.44725150121,0
58857,-2.055984673,0
58858,-2.17350602917,0
58859,-2.32604853404,0
58860,-2.40357007115,0
58861,-2.08655464511,0
58862,-1.96885771179,0
58863,-1.95692652169,0
58864,-1.98071152309,0
58865,-2.00595429513,0
58866,-2.14855501177,0
58867,-1.97737255645,0
58868,-1.85457565737,0
58869,-2.06530513501,0
58870,-2.16449420011,0
58871,-1.84748349479,0
58872,-1.82223832996,0
58873,-1.82237956729,0
58874,-1.9776882089,0
58875,-2.04294512261,0
58876,-1.82275435898,0
58877,-1.79632086422,0
58878,-1.66812208602,0
58879,-1.80378496577,0
58880,-1.87541869943,0
58881,-1.84691877062,0
58882,-1.43706104211,0
58883,-1.38059286023,0
58884,-1.72599124114,0
58885,-1.27606324598,0
58886,-1.33536348079,0
58887,-1.19979936144,0
58888,-1.24270345749,0
58889,-1.11867243775,0
58890,-1.09908931756,0
58891,-1.44390609328,0
58892,-1.22491281393,0
58893,-1.1321848799,0
58894,-1.29476434519,0
58895,-1.17236883909,0
58896,-1.23003316235,0
58897,-0.878404221237,0
58898,-0.74537042784,0
58899,-0.875578225453,0
58900,-0.993710005897,0
58901,-0.760900392149,0
58902,-0.739772759143,0
58903,-0.856666040201,0
58904,-0.851442900669,0
58905,-0.498188474531,0
58906,-0.385691984897,0
58907,-0.670144516974,0
58908,-0.294369992861,0
58909,-0.662896553437,0
58910,-0.208113407325,0
58911,-0.456300508098,0
58912,-0.325088910748,0
58913,-0.429785235929,0
58914,-0.247918573672,0
58915,-0.127832360354,0
58916,-0.0208177237294,0
58917,-0.296397734391,0
58918,0.0758229130534,0
58919,-0.15395796709,0
58920,-0.135526041954,0
58921,-0.156182829982,0
58922,0.117782770685,0
58923,-0.0765641496251,0
58924,-0.0466579891665,0
58925,-0.0278882413614,0
58926,0.0357650812707,0
58927,0.155772169608,0
58928,0.426732344774,0
58929,0.279927653927,0
58930,0.155944435353,0
58931,0.499141577579,0
58932,0.482140684517,0
58933,0.173424093127,0
58934,0.46991538658,0
58935,0.603667458206,0
58936,0.605792820256,0
58937,0.305917527222,0
58938,0.654036242344,0
58939,0.300353405182,0
58940,0.62994542829,0
58941,0.69264048272,0
58942,0.523246314271,0
58943,0.54894111966,0
58944,0.325017827789,0
58945,0.410506501523,0
58946,0.735898222305,0
58947,0.674122110277,0
58948,0.59743566433,0
58949,0.334166889941,0
58950,0.35160650448,0
58951,0.590054893771,0
58952,0.72606631973,0
58953,0.652776917896,0
58954,0.517599194007,0
58955,0.483853148181,0
58956,0.557326067091,0
58957,0.524624851438,0
58958,0.440677781622,0
58959,0.260942210269,0
58960,0.502707251152,0
58961,0.234316684828,0
58962,0.401531380951,0
58963,0.201393010792,0
58964,0.502774002199,0
58965,0.210064455515,0
58966,0.410398245017,0
58967,0.203331317022,0
58968,0.205221297241,0
58969,0.411727475651,0
58970,0.0489464534941,0
58971,0.157081184339,0
58972,-0.00582210324565,0
58973,0.29473910136,0
58974,0.00586770693298,0
58975,-0.107395231055,0
58976,0.152779976779,0
58977,0.236561850514,0
58978,-0.0606563564068,0
58979,0.137648917582,0
58980,-0.0663755927953,0
58981,0.0888510866622,0
58982,0.0177073203933,0
58983,-0.39910382214,0
58984,-0.104195648835,0
58985,-0.0578209519455,0
58986,-0.484165180234,0
58987,-0.526754241204,0
58988,-0.210573685492,0
58989,-0.232885781314,0
58990,-0.545699848048,0
58991,-0.520155347678,0
58992,-0.756706467502,0
58993,-0.737509159106,0
58994,-0.486341806875,0
58995,-0.485851703205,0
58996,-0.659724848681,0
58997,-0.578244673837,0
58998,-0.951796000122,0
58999,-0.659080100912,0
59000,-1.00741801287,0
59001,-0.941695718331,0
59002,-0.727434722069,0
59003,-0.924947503604,0
59004,-1.10211293242,0
59005,-1.25276285651,0
59006,-0.976798999811,0
59007,-1.34383046964,0
59008,-1.27258258981,0
59009,-1.23089513439,0
59010,-1.08922918282,0
59011,-1.34471018222,0
59012,-1.25834635793,0
59013,-1.47826408003,0
59014,-1.58337423535,0
59015,-1.30747774379,0
59016,-1.55560430941,0
59017,-1.76946349788,0
59018,-1.76507771174,0
59019,-1.59914053567,0
59020,-1.48694193283,0
59021,-1.85350339531,0
59022,-1.7544307264,0
59023,-1.98437424744,0
59024,-2.0164868446,0
59025,-1.66649900737,0
59026,-1.73007769135,0
59027,-1.68929758647,0
59028,-1.76117663567,0
59029,-1.79706516832,0
59030,-1.98818903263,0
59031,-2.10552412476,0
59032,-2.11468533458,0
59033,-1.9001114669,0
59034,-2.28001435464,0
59035,-2.30121191774,0
59036,-1.906278464,0
59037,-2.19834897354,0
59038,-2.25433620723,0
59039,-2.36090428781,0
59040,-2.3863698651,0
59041,-1.98275329685,0
59042,-2.35475162183,0
59043,-2.39795417988,0
59044,-2.11466304231,0
59045,-2.09491906418,0
59046,-2.20551938486,0
59047,-2.07738213738,0
59048,-2.27920864441,0
59049,-2.41706322192,0
59050,-2.28781347624,0
59051,-2.03543280403,0
59052,-2.4515281281,0
59053,-2.30604884615,0
59054,-2.42299812253,0
59055,-2.16381737941,0
59056,-2.42553706981,0
59057,-2.0342702416,0
59058,-2.15179159777,0
59059,-2.30433410264,0
59060,-2.38185563975,0
59061,-2.06484021371,0
59062,-1.94714328038,0
59063,-1.93521209029,0
59064,-1.95899709169,0
59065,-1.98423986373,0
59066,-2.12684058037,0
59067,-1.95565812505,0
59068,-1.83286122597,0
59069,-2.04359070361,0
59070,-2.14277976871,0
59071,-1.82576906339,0
59072,-1.80052389856,0
59073,-1.80066513589,0
59074,-1.9559737775,0
59075,-2.0212306912,0
59076,-1.80103992758,0
59077,-1.77460643282,0
59078,-1.64640765462,0
59079,-1.78207053437,0
59080,-1.85370426803,0
59081,-1.82520433922,0
59082,-1.41534661071,0
59083,-1.35887842883,0
59084,-1.70427680974,0
59085,-1.25434881458,0
59086,-1.31364904939,0
59087,-1.17808493004,0
59088,-1.22098902609,0
59089,-1.09695800635,0
59090,-1.07737488616,0
59091,-1.42219166188,0
59092,-1.20319838253,0
59093,-1.1104704485,0
59094,-1.27304991379,0
59095,-1.15065440769,0
59096,-1.20831873095,0
59097,-0.856689789837,0
59098,-0.72365599644,0
59099,-0.853863794053,0
59100,-0.971995574496,0
59101,-0.739185960749,0
59102,-0.718058327742,0
59103,-0.834951608801,0
59104,-0.829728469269,0
59105,-0.476474043131,0
59106,-0.363977553497,0
59107,-0.648430085573,0
59108,-0.272655561461,0
59109,-0.641182122037,0
59110,-0.186398975924,0
59111,-0.434586076697,0
59112,-0.303374479348,0
59113,-0.408070804528,0
59114,-0.226204142272,0
59115,-0.106117928953,0
59116,0.000896707670979,0
59117,-0.274683302991,0
59118,0.0975373444538,0
59119,-0.132243535689,0
59120,-0.113811610553,0
59121,-0.134468398582,0
59122,0.139497202085,0
59123,-0.0548497182248,0
59124,-0.0249435577662,0
59125,-0.00617380996107,0
59126,0.0574795126711,0
59127,0.177486601008,0
59128,0.448446776175,0
59129,0.301642085327,0
59130,0.177658866754,0
59131,0.520856008979,0
59132,0.503855115918,0
59133,0.195138524528,0
59134,0.491629817981,0
59135,0.625381889606,0
59136,0.627507251656,0
59137,0.327631958623,0
59138,0.675750673745,0
59139,0.322067836582,0
59140,0.65165985969,0
59141,0.71435491412,0
59142,0.544960745672,0
59143,0.57065555106,0
59144,0.346732259189,0
59145,0.432220932924,0
59146,0.757612653706,0
59147,0.695836541678,0
59148,0.61915009573,0
59149,0.355881321341,0
59150,0.37332093588,0
59151,0.611769325172,0
59152,0.74778075113,0
59153,0.674491349296,0
59154,0.539313625408,0
59155,0.505567579581,0
59156,0.579040498491,0
59157,0.546339282838,0
59158,0.462392213022,0
59159,0.282656641669,0
59160,0.524421682552,0
59161,0.256031116229,0
59162,0.423245812352,0
59163,0.223107442193,0
59164,0.524488433599,0
59165,0.231778886915,0
59166,0.432112676418,0
59167,0.225045748423,0
59168,0.226935728642,0
59169,0.433441907052,0
59170,0.0706608848944,0
59171,0.178795615739,0
59172,0.0158923281547,0
59173,0.31645353276,0
59174,0.0275821383333,0
59175,-0.0856807996544,0
59176,0.17449440818,0
59177,0.258276281914,0
59178,-0.0389419250064,0
59179,0.159363348983,0
59180,-0.044661161395,0
59181,0.110565518063,0
59182,0.0394217517936,0
59183,-0.37738939074,0
59184,-0.0824812174343,0
59185,-0.0361065205451,0
59186,-0.462450748833,0
59187,-0.505039809803,0
59188,-0.188859254092,0
59189,-0.211171349914,0
59190,-0.523985416648,0
59191,-0.498440916277,0
59192,-0.734992036101,0
59193,-0.715794727706,0
59194,-0.464627375474,0
59195,-0.464137271805,0
59196,-0.63801041728,0
59197,-0.556530242437,0
59198,-0.930081568721,0
59199,-0.637365669511,0
59200,-0.930999970056,0
59201,-0.86527767552,0
59202,-0.651016679258,0
59203,-0.848529460793,0
59204,-1.02569488961,0
59205,-1.1763448137,0
59206,-0.900380957,0
59207,-1.26741242683,0
59208,-1.196164547,0
59209,-1.15447709158,0
59210,-1.01281114001,0
59211,-1.26829213941,0
59212,-1.18192831512,0
59213,-1.40184603722,0
59214,-1.50695619254,0
59215,-1.23105970098,0
59216,-1.47918626659,0
59217,-1.69304545507,0
59218,-1.68865966893,0
59219,-1.52272249286,0
59220,-1.41052389002,0
59221,-1.7770853525,0
59222,-1.67801268359,0
59223,-1.90795620463,0
59224,-1.94006880179,0
59225,-1.59008096456,0
59226,-1.65365964854,0
59227,-1.61287954366,0
59228,-1.68475859285,0
59229,-1.72064712551,0
59230,-1.91177098981,0
59231,-2.02910608194,0
59232,-2.03826729177,0
59233,-1.82369342409,0
59234,-2.20359631183,0
59235,-2.22479387493,0
59236,-1.82986042119,0
59237,-2.12193093073,0
59238,-2.17791816442,0
59239,-2.284486245,0
59240,-2.30995182229,0
59241,-1.90633525404,0
59242,-2.27833357902,0
59243,-2.32153613707,0
59244,-2.0382449995,0
59245,-2.01850102137,0
59246,-2.12910134204,0
59247,-2.00096409457,0
59248,-2.2027906016,0
59249,-2.34064517911,0
59250,-2.21139543343,0
59251,-1.95901476122,0
59252,-2.37511008529,0
59253,-2.22963080334,0
59254,-2.34658007972,0
59255,-2.0873993366,0
59256,-2.349119027,0
59257,-1.95785219879,0
59258,-2.07537355496,0
59259,-2.22791605983,0
59260,-2.30543759694,0
59261,-1.9884221709,0
59262,-1.87072523757,0
59263,-1.85879404748,0
59264,-1.88257904888,0
59265,-1.90782182091,0
59266,-2.05042253756,0
59267,-1.87924008224,0
59268,-1.75644318316,0
59269,-1.9671726608,0
59270,-2.0663617259,0
59271,-1.74935102058,0
59272,-1.72410585575,0
59273,-1.72424709308,0
59274,-1.87955573469,0
59275,-1.94481264839,0
59276,-1.72462188477,0
59277,-1.69818839001,0
59278,-1.56998961181,0
59279,-1.70565249156,0
59280,-1.77728622522,0
59281,-1.74878629641,0
59282,-1.3389285679,0
59283,-1.28246038602,0
59284,-1.62785876692,0
59285,-1.17793077176,0
59286,-1.23723100658,0
59287,-1.10166688723,0
59288,-1.14457098328,0
59289,-1.02053996354,0
59290,-1.00095684335,0
59291,-1.34577361907,0
59292,-1.12678033971,0
59293,-1.03405240569,0
59294,-1.19663187098,0
59295,-1.07423636488,0
59296,-1.13190068814,0
59297,-0.780271747026,0
59298,-0.647237953629,0
59299,-0.777445751242,0
59300,-0.895577531685,0
59301,-0.662767917938,0
59302,-0.641640284931,0
59303,-0.758533565989,0
59304,-0.753310426458,0
59305,-0.40005600032,0
59306,-0.287559510685,0
59307,-0.572012042762,0
59308,-0.196237518649,0
59309,-0.564764079225,0
59310,-0.109980933113,0
59311,-0.358168033886,0
59312,-0.226956436537,0
59313,-0.331652761717,0
59314,-0.14978609946,0
59315,-0.0296998861421,0
59316,0.0773147504821,0
59317,-0.198265260179,0
59318,0.173955387265,0
59319,-0.0558254928781,0
59320,-0.037393567742,0
59321,-0.0580503557705,0
59322,0.215915244896,0
59323,0.0215683245864,0
59324,0.051474485045,0
59325,0.0702442328501,0
59326,0.133897555482,0
59327,0.253904643819,0
59328,0.524864818986,0
59329,0.378060128138,0
59330,0.254076909565,0
59331,0.59727405179,0
59332,0.580273158729,0
59333,0.271556567339,0
59334,0.568047860792,0
59335,0.701799932417,0
59336,0.703925294467,0
59337,0.404050001434,0
59338,0.752168716556,0
59339,0.398485879393,0
59340,0.728077902501,0
59341,0.790772956931,0
59342,0.621378788483,0
59343,0.647073593871,0
59344,0.423150302001,0
59345,0.508638975735,0
59346,0.834030696517,0
59347,0.772254584489,0
59348,0.695568138541,0
59349,0.432299364152,0
59350,0.449738978691,0
59351,0.688187367983,0
59352,0.824198793941,0
59353,0.750909392108,0
59354,0.615731668219,0
59355,0.581985622392,0
59356,0.655458541303,0
59357,0.622757325649,0
59358,0.538810255834,0
59359,0.35907468448,0
59360,0.600839725363,0
59361,0.33244915904,0
59362,0.499663855163,0
59363,0.299525485004,0
59364,0.60090647641,0
59365,0.308196929726,0
59366,0.508530719229,0
59367,0.301463791234,0
59368,0.303353771453,0
59369,0.509859949863,0
59370,0.147078927706,0
59371,0.255213658551,0
59372,0.0923103709659,0
59373,0.392871575571,0
59374,0.104000181144,0
59375,-0.00926275684322,0
59376,0.250912450991,0
59377,0.334694324725,0
59378,0.0374761178048,0
59379,0.235781391794,0
59380,0.0317568814162,0
59381,0.186983560874,0
59382,0.115839794605,0
59383,-0.300971347929,0
59384,-0.00606317462314,0
59385,0.0403115222661,0
59386,-0.386032706022,0
59387,-0.428621766992,0
59388,-0.112441211281,0
59389,-0.134753307103,0
59390,-0.447567373837,0
59391,-0.422022873466,0
59392,-0.65857399329,0
59393,-0.639376684895,0
59394,-0.388209332663,0
59395,-0.387719228993,0
59396,-0.561592374469,0
59397,-0.480112199626,0
59398,-0.85366352591,0
59399,-0.5609476267,0
59400,-0.749643802605,0
59401,-0.683921508069,0
59402,-0.469660511807,0
59403,-0.667173293343,0
59404,-0.844338722161,0
59405,-0.994988646252,0
59406,-0.71902478955,0
59407,-1.08605625938,0
59408,-1.01480837955,0
59409,-0.973120924129,0
59410,-0.831454972563,0
59411,-1.08693597196,0
59412,-1.00057214767,0
59413,-1.22048986977,0
59414,-1.32560002509,0
59415,-1.04970353353,0
59416,-1.29783009914,0
59417,-1.51168928762,0
59418,-1.50730350148,0
59419,-1.34136632541,0
59420,-1.22916772257,0
59421,-1.59572918505,0
59422,-1.49665651613,0
59423,-1.72660003718,0
59424,-1.75871263434,0
59425,-1.40872479711,0
59426,-1.47230348109,0
59427,-1.43152337621,0
59428,-1.5034024254,0
59429,-1.53929095806,0
59430,-1.73041482236,0
59431,-1.84774991449,0
59432,-1.85691112432,0
59433,-1.64233725664,0
59434,-2.02224014438,0
59435,-2.04343770748,0
59436,-1.64850425374,0
59437,-1.94057476328,0
59438,-1.99656199697,0
59439,-2.10313007755,0
59440,-2.12859565484,0
59441,-1.72497908659,0
59442,-2.09697741157,0
59443,-2.14017996962,0
59444,-1.85688883205,0
59445,-1.83714485392,0
59446,-1.94774517459,0
59447,-1.81960792712,0
59448,-2.02143443415,0
59449,-2.15928901166,0
59450,-2.03003926598,0
59451,-1.77765859377,0
59452,-2.19375391784,0
59453,-2.04827463589,0
59454,-2.16522391227,0
59455,-1.90604316915,0
59456,-2.16776285955,0
59457,-1.77649603134,0
59458,-1.89401738751,0
59459,-2.04655989238,0
59460,-2.12408142949,0
59461,-1.80706600345,0
59462,-1.68936907012,0
59463,-1.67743788003,0
59464,-1.70122288143,0
59465,-1.72646565346,0
59466,-1.86906637011,0
59467,-1.69788391479,0
59468,-1.57508701571,0
59469,-1.78581649335,0
59470,-1.88500555845,0
59471,-1.56799485313,0
59472,-1.5427496883,0
59473,-1.54289092563,0
59474,-1.69819956724,0
59475,-1.76345648094,0
59476,-1.54326571732,0
59477,-1.51683222256,0
59478,-1.38863344436,0
59479,-1.52429632411,0
59480,-1.59593005777,0
59481,-1.56743012896,0
59482,-1.15757240045,0
59483,-1.10110421857,0
59484,-1.44650259947,0
59485,-0.996574604314,0
59486,-1.05587483913,0
59487,-0.920310719782,0
59488,-0.963214815826,0
59489,-0.839183796086,0
59490,-0.8196006759,0
59491,-1.16441745162,0
59492,-0.945424172264,0
59493,-0.852696238239,0
59494,-1.01527570353,0
59495,-0.892880197431,0
59496,-0.950544520692,0
59497,-0.598915579575,0
59498,-0.465881786179,0
59499,-0.596089583792,0
59500,-0.714221364235,0
59501,-0.481411750488,0
59502,-0.460284117481,0
59503,-0.577177398539,0
59504,-0.571954259007,0
59505,-0.218699832869,0
59506,-0.106203343235,0
59507,-0.390655875312,0
59508,-0.014881351199,0
59509,-0.383407911775,0
59510,0.0713752343373,0
59511,-0.176811866436,0
59512,-0.0456002690866,0
59513,-0.150296594267,0
59514,0.0315700679899,0
59515,0.151656281308,0
59516,0.258670917932,0
59517,-0.0169090927291,0
59518,0.355311554715,0
59519,0.125530674572,0
59520,0.143962599708,0
59521,0.12330581168,0
59522,0.397271412347,0
59523,0.202924492037,0
59524,0.232830652495,0
59525,0.2516004003,0
59526,0.315253722933,0
59527,0.43526081127,0
59528,0.706220986436,0
59529,0.559416295589,0
59530,0.435433077015,0
59531,0.77863021924,0
59532,0.761629326179,0
59533,0.452912734789,0
59534,0.749404028242,0
59535,0.883156099868,0
59536,0.885281461918,0
59537,0.585406168884,0
59538,0.933524884006,0
59539,0.579842046844,0
59540,0.909434069952,0
59541,0.972129124382,0
59542,0.802734955933,0
59543,0.828429761321,0
59544,0.604506469451,0
59545,0.689995143185,0
59546,1.01538686397,0
59547,0.953610751939,0
59548,0.876924305991,0
59549,0.613655531602,0
59550,0.631095146141,0
59551,0.869543535433,0
59552,1.00555496139,0
59553,0.932265559558,0
59554,0.797087835669,0
59555,0.763341789843,0
59556,0.836814708753,0
59557,0.8041134931,0
59558,0.720166423284,0
59559,0.54043085193,0
59560,0.782195892814,0
59561,0.51380532649,0
59562,0.681020022613,0
59563,0.480881652454,0
59564,0.782262643861,0
59565,0.489553097177,0
59566,0.689886886679,0
59567,0.482819958684,0
59568,0.484709938903,0
59569,0.691216117313,0
59570,0.328435095156,0
59571,0.436569826001,0
59572,0.273666538416,0
59573,0.574227743022,0
59574,0.285356348595,0
59575,0.172093410607,0
59576,0.432268618441,0
59577,0.516050492176,0
59578,0.218832285255,0
59579,0.417137559244,0
59580,0.213113048867,0
59581,0.368339728324,0
59582,0.297195962055,0
59583,-0.119615180478,0
59584,0.175292992827,0
59585,0.221667689716,0
59586,-0.204676538572,0
59587,-0.247265599542,0
59588,0.0689149561696,0
59589,0.0466028603475,0
59590,-0.266211206386,0
59591,-0.240666706016,0
59592,-0.47721782584,0
59593,-0.458020517444,0
59594,-0.206853165213,0
59595,-0.206363061543,0
59596,-0.380236207019,0
59597,-0.298756032175,0
59598,-0.67230735846,0
59599,-0.37959145925,0
59600,-0.572362865159,0
59601,-0.506640570623,0
59602,-0.292379574361,0
59603,-0.489892355897,0
59604,-0.667057784715,0
59605,-0.817707708806,0
59606,-0.541743852103,0
59607,-0.908775321936,0
59608,-0.837527442104,0
59609,-0.795839986683,0
59610,-0.654174035117,0
59611,-0.90965503451,0
59612,-0.823291210227,0
59613,-1.04320893232,0
59614,-1.14831908765,0
59615,-0.872422596085,0
59616,-1.1205491617,0
59617,-1.33440835017,0
59618,-1.33002256403,0
59619,-1.16408538796,0
59620,-1.05188678512,0
59621,-1.4184482476,0
59622,-1.31937557869,0
59623,-1.54931909974,0
59624,-1.58143169689,0
59625,-1.23144385966,0
59626,-1.29502254364,0
59627,-1.25424243876,0
59628,-1.32612148796,0
59629,-1.36201002061,0
59630,-1.55313388492,0
59631,-1.67046897705,0
59632,-1.67963018687,0
59633,-1.46505631919,0
59634,-1.84495920693,0
59635,-1.86615677003,0
59636,-1.47122331629,0
59637,-1.76329382584,0
59638,-1.81928105952,0
59639,-1.9258491401,0
59640,-1.9513147174,0
59641,-1.54769814914,0
59642,-1.91969647412,0
59643,-1.96289903217,0
59644,-1.6796078946,0
59645,-1.65986391647,0
59646,-1.77046423715,0
59647,-1.64232698967,0
59648,-1.8441534967,0
59649,-1.98200807422,0
59650,-1.85275832853,0
59651,-1.60037765632,0
59652,-2.01647298039,0
59653,-1.87099369845,0
59654,-1.98794297483,0
59655,-1.72876223171,0
59656,-1.9904819221,0
59657,-1.59921509389,0
59658,-1.71673645006,0
59659,-1.86927895493,0
59660,-1.94680049204,0
59661,-1.62978506601,0
59662,-1.51208813268,0
59663,-1.50015694258,0
59664,-1.52394194399,0
59665,-1.54918471602,0
59666,-1.69178543266,0
59667,-1.52060297735,0
59668,-1.39780607826,0
59669,-1.6085355559,0
59670,-1.707724621,0
59671,-1.39071391569,0
59672,-1.36546875085,0
59673,-1.36560998818,0
59674,-1.52091862979,0
59675,-1.5861755435,0
59676,-1.36598477987,0
59677,-1.33955128511,0
59678,-1.21135250691,0
59679,-1.34701538666,0
59680,-1.41864912032,0
59681,-1.39014919152,0
59682,-0.980291463002,0
59683,-0.92382328112,0
59684,-1.26922166203,0
59685,-0.819293666868,0
59686,-0.878593901682,0
59687,-0.743029782336,0
59688,-0.78593387838,0
59689,-0.66190285864,0
59690,-0.642319738454,0
59691,-0.987136514173,0
59692,-0.768143234818,0
59693,-0.675415300793,0
59694,-0.837994766086,0
59695,-0.715599259985,0
59696,-0.773263583246,0
59697,-0.421634642129,0
59698,-0.288600848733,0
59699,-0.418808646345,0
59700,-0.536940426789,0
59701,-0.304130813042,0
59702,-0.283003180035,0
59703,-0.399896461093,0
59704,-0.394673321561,0
59705,-0.0414188954234,0
59706,0.0710775942109,0
59707,-0.213374937866,0
59708,0.162399586247,0
59709,-0.206126974329,0
59710,0.248656171783,0
59711,0.000469071010363,0
59712,0.131680668359,0
59713,0.0269843431793,0
59714,0.208851005436,0
59715,0.328937218754,0
59716,0.435951855379,0
59717,0.160371844717,0
59718,0.532592492161,0
59719,0.302811612018,0
59720,0.321243537154,0
59721,0.300586749126,0
59722,0.574552349793,0
59723,0.380205429483,0
59724,0.410111589941,0
59725,0.428881337746,0
59726,0.492534660379,0
59727,0.612541748716,0
59728,0.883501923882,0
59729,0.736697233035,0
59730,0.612714014461,0
59731,0.955911156686,0
59732,0.938910263625,0
59733,0.630193672235,0
59734,0.926684965688,0
59735,1.06043703731,0
59736,1.06256239936,0
59737,0.76268710633,0
59738,1.11080582145,0
59739,0.75712298429,0
59740,1.0867150074,0
59741,1.14941006183,0
59742,0.980015893379,0
59743,1.00571069877,0
59744,0.781787406897,0
59745,0.867276080631,0
59746,1.19266780141,0
59747,1.13089168939,0
59748,1.05420524344,0
59749,0.790936469048,0
59750,0.808376083587,0
59751,1.04682447288,0
59752,1.18283589884,0
59753,1.109546497,0
59754,0.974368773115,0
59755,0.940622727289,0
59756,1.0140956462,0
59757,0.981394430546,0
59758,0.89744736073,0
59759,0.717711789376,0
59760,0.95947683026,0
59761,0.691086263936,0
59762,0.858300960059,0
59763,0.6581625899,0
59764,0.959543581307,0
59765,0.666834034623,0
59766,0.867167824125,0
59767,0.66010089613,0
59768,0.661990876349,0
59769,0.868497054759,0
59770,0.505716032602,0
59771,0.613850763447,0
59772,0.450947475862,0
59773,0.751508680468,0
59774,0.462637286041,0
59775,0.349374348053,0
59776,0.609549555887,0
59777,0.693331429622,0
59778,0.396113222701,0
59779,0.59441849669,0
59780,0.390393986313,0
59781,0.54562066577,0
59782,0.474476899501,0
59783,0.0576657569676,0
59784,0.352573930273,0
59785,0.398948627162,0
59786,-0.0273956011256,0
59787,-0.069984662096,0
59788,0.246195893616,0
59789,0.223883797794,0
59790,-0.0889302689402,0
59791,-0.0633857685698,0
59792,-0.299936888394,0
59793,-0.280739579998,0
59794,-0.0295722277667,0
59795,-0.0290821240971,0
59796,-0.202955269573,0
59797,-0.121475094729,0
59798,-0.495026421014,0
59799,-0.202310521804,0
59800,-0.759623791182,0
59801,-0.693901496646,0
59802,-0.479640500384,0
59803,-0.67715328192,0
59804,-0.854318710738,0
59805,-1.00496863483,0
59806,-0.729004778126,0
59807,-1.09603624796,0
59808,-1.02478836813,0
59809,-0.983100912705,0
59810,-0.84143496114,0
59811,-1.09691596053,0
59812,-1.01055213625,0
59813,-1.23046985835,0
59814,-1.33558001367,0
59815,-1.05968352211,0
59816,-1.30781008772,0
59817,-1.5216692762,0
59818,-1.51728349005,0
59819,-1.35134631398,0
59820,-1.23914771115,0
59821,-1.60570917363,0
59822,-1.50663650471,0
59823,-1.73658002576,0
59824,-1.76869262292,0
59825,-1.41870478569,0
59826,-1.48228346966,0
59827,-1.44150336479,0
59828,-1.51338241398,0
59829,-1.54927094664,0
59830,-1.74039481094,0
59831,-1.85772990307,0
59832,-1.86689111289,0
59833,-1.65231724522,0
59834,-2.03222013295,0
59835,-2.05341769606,0
59836,-1.65848424232,0
59837,-1.95055475186,0
59838,-2.00654198555,0
59839,-2.11311006612,0
59840,-2.13857564342,0
59841,-1.73495907517,0
59842,-2.10695740014,0
59843,-2.15015995819,0
59844,-1.86686882063,0
59845,-1.84712484249,0
59846,-1.95772516317,0
59847,-1.8295879157,0
59848,-2.03141442273,0
59849,-2.16926900024,0
59850,-2.04001925455,0
59851,-1.78763858235,0
59852,-2.20373390642,0
59853,-2.05825462447,0
59854,-2.17520390085,0
59855,-1.91602315773,0
59856,-2.17774284812,0
59857,-1.78647601992,0
59858,-1.90399737609,0
59859,-2.05653988096,0
59860,-2.13406141806,0
59861,-1.81704599203,0
59862,-1.6993490587,0
59863,-1.68741786861,0
59864,-1.71120287001,0
59865,-1.73644564204,0
59866,-1.87904635869,0
59867,-1.70786390337,0
59868,-1.58506700428,0
59869,-1.79579648193,0
59870,-1.89498554702,0
59871,-1.57797484171,0
59872,-1.55272967688,0
59873,-1.5528709142,0
59874,-1.70817955581,0
59875,-1.77343646952,0
59876,-1.55324570589,0
59877,-1.52681221113,0
59878,-1.39861343294,0
59879,-1.53427631269,0
59880,-1.60591004635,0
59881,-1.57741011754,0
59882,-1.16755238902,0
59883,-1.11108420714,0
59884,-1.45648258805,0
59885,-1.00655459289,0
59886,-1.06585482771,0
59887,-0.930290708358,0
59888,-0.973194804403,0
59889,-0.849163784663,0
59890,-0.829580664477,0
59891,-1.1743974402,0
59892,-0.955404160841,0
59893,-0.862676226816,0
59894,-1.02525569211,0
59895,-0.902860186007,0
59896,-0.960524509268,0
59897,-0.608895568152,0
59898,-0.475861774755,0
59899,-0.606069572368,0
59900,-0.724201352812,0
59901,-0.491391739064,0
59902,-0.470264106058,0
59903,-0.587157387116,0
59904,-0.581934247584,0
59905,-0.228679821446,0
59906,-0.116183331812,0
59907,-0.400635863889,0
59908,-0.0248613397757,0
59909,-0.393387900352,0
59910,0.0613952457606,0
59911,-0.186791855012,0
59912,-0.0555802576633,0
59913,-0.160276582843,0
59914,0.0215900794132,0
59915,0.141676292732,0
59916,0.248690929356,0
59917,-0.0268890813058,0
59918,0.345331566139,0
59919,0.115550685995,0
59920,0.133982611132,0
59921,0.113325823103,0
59922,0.38729142377,0
59923,0.19294450346,0
59924,0.222850663919,0
59925,0.241620411724,0
59926,0.305273734356,0
59927,0.425280822693,0
59928,0.69624099786,0
59929,0.549436307012,0
59930,0.425453088439,0
59931,0.768650230664,0
59932,0.751649337603,0
59933,0.442932746212,0
59934,0.739424039665,0
59935,0.873176111291,0
59936,0.875301473341,0
59937,0.575426180307,0
59938,0.923544895429,0
59939,0.569862058267,0
59940,0.899454081375,0
59941,0.962149135805,0
59942,0.792754967356,0
59943,0.818449772745,0
59944,0.594526480874,0
59945,0.680015154608,0
59946,1.00540687539,0
59947,0.943630763363,0
59948,0.866944317415,0
59949,0.603675543026,0
59950,0.621115157565,0
59951,0.859563546857,0
59952,0.995574972815,0
59953,0.922285570981,0
59954,0.787107847092,0
59955,0.753361801266,0
59956,0.826834720176,0
59957,0.794133504523,0
59958,0.710186434707,0
59959,0.530450863354,0
59960,0.772215904237,0
59961,0.503825337914,0
59962,0.671040034036,0
59963,0.470901663878,0
59964,0.772282655284,0
59965,0.4795731086,0
59966,0.679906898103,0
59967,0.472839970107,0
59968,0.474729950327,0
59969,0.681236128737,0
59970,0.318455106579,0
59971,0.426589837424,0
59972,0.263686549839,0
59973,0.564247754445,0
59974,0.275376360018,0
59975,0.16211342203,0
59976,0.422288629864,0
59977,0.506070503599,0
59978,0.208852296678,0
59979,0.407157570667,0
59980,0.20313306029,0
59981,0.358359739747,0
59982,0.287215973478,0
59983,-0.129595169055,0
59984,0.16531300425,0
59985,0.21168770114,0
59986,-0.214656527148,0
59987,-0.257245588119,0
59988,0.0589349675929,0
59989,0.0366228717707,0
59990,-0.276191194963,0
59991,-0.250646694593,0
59992,-0.487197814416,0
59993,-0.468000506021,0
59994,-0.21683315379,0
59995,-0.21634305012,0
59996,-0.390216195595,0
59997,-0.308736020752,0
59998,-0.682287347036,0
59999,-0.389571447827,0
60000,-0.737770635492,0
60001,-0.672048340956,0
60002,-0.457787344694,0
60003,-0.65530012623,0
60004,-0.832465555048,0
60005,-0.983115479139,0
60006,-0.707151622437,0
60007,-1.07418309227,0
60008,-1.00293521244,0
60009,-0.961247757016,0
60010,-0.81958180545,0
60011,-1.07506280484,0
60012,-0.98869898056,0
60013,-1.20861670266,0
60014,-1.31372685798,0
60015,-1.03783036642,0
60016,-1.28595693203,0
60017,-1.49981612051,0
60018,-1.49543033436,0
60019,-1.32949315829,0
60020,-1.21729455546,0
60021,-1.58385601794,0
60022,-1.48478334902,0
60023,-1.71472687007,0
60024,-1.74683946723,0
60025,-1.39685163,0
60026,-1.46043031398,0
60027,-1.4196502091,0
60028,-1.49152925829,0
60029,-1.52741779095,0
60030,-1.71854165525,0
60031,-1.83587674738,0
60032,-1.8450379572,0
60033,-1.63046408953,0
60034,-2.01036697727,0
60035,-2.03156454037,0
60036,-1.63663108663,0
60037,-1.92870159617,0
60038,-1.98468882986,0
60039,-2.09125691043,0
60040,-2.11672248773,0
60041,-1.71310591948,0
60042,-2.08510424445,0
60043,-2.1283068025,0
60044,-1.84501566494,0
60045,-1.82527168681,0
60046,-1.93587200748,0
60047,-1.80773476001,0
60048,-2.00956126704,0
60049,-2.14741584455,0
60050,-2.01816609886,0
60051,-1.76578542666,0
60052,-2.18188075073,0
60053,-2.03640146878,0
60054,-2.15335074516,0
60055,-1.89417000204,0
60056,-2.15588969243,0
60057,-1.76462286423,0
60058,-1.8821442204,0
60059,-2.03468672527,0
60060,-2.11220826237,0
60061,-1.79519283634,0
60062,-1.67749590301,0
60063,-1.66556471292,0
60064,-1.68934971432,0
60065,-1.71459248635,0
60066,-1.857193203,0
60067,-1.68601074768,0
60068,-1.56321384859,0
60069,-1.77394332624,0
60070,-1.87313239133,0
60071,-1.55612168602,0
60072,-1.53087652119,0
60073,-1.53101775851,0
60074,-1.68632640012,0
60075,-1.75158331383,0
60076,-1.5313925502,0
60077,-1.50495905544,0
60078,-1.37676027725,0
60079,-1.512423157,0
60080,-1.58405689066,0
60081,-1.55555696185,0
60082,-1.14569923334,0
60083,-1.08923105145,0
60084,-1.43462943236,0
60085,-0.984701437201,0
60086,-1.04400167202,0
60087,-0.908437552669,0
60088,-0.951341648713,0
60089,-0.827310628974,0
60090,-0.807727508787,0
60091,-1.15254428451,0
60092,-0.933551005151,0
60093,-0.840823071126,0
60094,-1.00340253642,0
60095,-0.881007030318,0
60096,-0.938671353579,0
60097,-0.587042412462,0
60098,-0.454008619066,0
60099,-0.584216416679,0
60100,-0.702348197122,0
60101,-0.469538583375,0
60102,-0.448410950368,0
60103,-0.565304231426,0
60104,-0.560081091894,0
60105,-0.206826665757,0
60106,-0.0943301761222,0
60107,-0.378782708199,0
60108,-0.0030081840861,0
60109,-0.371534744662,0
60110,0.0832484014502,0
60111,-0.164938699323,0
60112,-0.0337271019737,0
60113,-0.138423427154,0
60114,0.0434432351029,0
60115,0.163529448421,0
60116,0.270544085045,0
60117,-0.00503592561615,0
60118,0.367184721828,0
60119,0.137403841685,0
60120,0.155835766821,0
60121,0.135178978793,0
60122,0.40914457946,0
60123,0.21479765915,0
60124,0.244703819608,0
60125,0.263473567413,0
60126,0.327126890045,0
60127,0.447133978383,0
60128,0.718094153549,0
60129,0.571289462701,0
60130,0.447306244128,0
60131,0.790503386353,0
60132,0.773502493292,0
60133,0.464785901902,0
60134,0.761277195355,0
60135,0.895029266981,0
60136,0.897154629031,0
60137,0.597279335997,0
60138,0.945398051119,0
60139,0.591715213957,0
60140,0.921307237064,0
60141,0.984002291495,0
60142,0.814608123046,0
60143,0.840302928434,0
60144,0.616379636564,0
60145,0.701868310298,0
60146,1.02726003108,0
60147,0.965483919052,0
60148,0.888797473104,0
60149,0.625528698715,0
60150,0.642968313254,0
60151,0.881416702546,0
60152,1.0174281285,0
60153,0.944138726671,0
60154,0.808961002782,0
60155,0.775214956956,0
60156,0.848687875866,0
60157,0.815986660212,0
60158,0.732039590397,0
60159,0.552304019043,0
60160,0.794069059927,0
60161,0.525678493603,0
60162,0.692893189726,0
60163,0.492754819567,0
60164,0.794135810974,0
60165,0.501426264289,0
60166,0.701760053792,0
60167,0.494693125797,0
60168,0.496583106016,0
60169,0.703089284426,0
60170,0.340308262269,0
60171,0.448442993114,0
60172,0.285539705529,0
60173,0.586100910134,0
60174,0.297229515708,0
60175,0.18396657772,0
60176,0.444141785554,0
60177,0.527923659289,0
60178,0.230705452368,0
60179,0.429010726357,0
60180,0.224986215979,0
60181,0.380212895437,0
60182,0.309069129168,0
60183,-0.107742013365,0
60184,0.18716615994,0
60185,0.233540856829,0
60186,-0.192803371459,0
60187,-0.235392432429,0
60188,0.0807881232826,0
60189,0.0584760274604,0
60190,-0.254338039273,0
60191,-0.228793538903,0
60192,-0.465344658727,0
60193,-0.446147350331,0
60194,-0.1949799981,0
60195,-0.19448989443,0
60196,-0.368363039906,0
60197,-0.286882865062,0
60198,-0.660434191347,0
60199,-0.367718292137,0
60200,-0.815209253859,0
60201,-0.749486959323,0
60202,-0.535225963061,0
60203,-0.732738744597,0
60204,-0.909904173415,0
60205,-1.06055409751,0
60206,-0.784590240803,0
60207,-1.15162171064,0
60208,-1.0803738308,0
60209,-1.03868637538,0
60210,-0.897020423817,0
60211,-1.15250142321,0
60212,-1.06613759893,0
60213,-1.28605532102,0
60214,-1.39116547635,0
60215,-1.11526898478,0
60216,-1.3633955504,0
60217,-1.57725473887,0
60218,-1.57286895273,0
60219,-1.40693177666,0
60220,-1.29473317382,0
60221,-1.6612946363,0
60222,-1.56222196739,0
60223,-1.79216548844,0
60224,-1.82427808559,0
60225,-1.47429024836,0
60226,-1.53786893234,0
60227,-1.49708882746,0
60228,-1.56896787666,0
60229,-1.60485640931,0
60230,-1.79598027362,0
60231,-1.91331536575,0
60232,-1.92247657557,0
60233,-1.70790270789,0
60234,-2.08780559563,0
60235,-2.10900315873,0
60236,-1.71406970499,0
60237,-2.00614021454,0
60238,-2.06212744822,0
60239,-2.1686955288,0
60240,-2.1941611061,0
60241,-1.79054453784,0
60242,-2.16254286282,0
60243,-2.20574542087,0
60244,-1.9224542833,0
60245,-1.90271030517,0
60246,-2.01331062585,0
60247,-1.88517337837,0
60248,-2.0869998854,0
60249,-2.22485446292,0
60250,-2.09560471723,0
60251,-1.84322404502,0
60252,-2.25931936909,0
60253,-2.11384008715,0
60254,-2.23078936353,0
60255,-1.97160862041,0
60256,-2.2333283108,0
60257,-1.84206148259,0
60258,-1.95958283876,0
60259,-2.11212534363,0
60260,-2.18964688074,0
60261,-1.87263145471,0
60262,-1.75493452138,0
60263,-1.74300333128,0
60264,-1.76678833269,0
60265,-1.79203110472,0
60266,-1.93463182136,0
60267,-1.76344936605,0
60268,-1.64065246696,0
60269,-1.8513819446,0
60270,-1.9505710097,0
60271,-1.63356030439,0
60272,-1.60831513955,0
60273,-1.60845637688,0
60274,-1.76376501849,0
60275,-1.8290219322,0
60276,-1.60883116857,0
60277,-1.58239767381,0
60278,-1.45419889561,0
60279,-1.58986177536,0
60280,-1.66149550902,0
60281,-1.63299558022,0
60282,-1.2231378517,0
60283,-1.16666966982,0
60284,-1.51206805073,0
60285,-1.06214005557,0
60286,-1.12144029038,0
60287,-0.985876171036,0
60288,-1.02878026708,0
60289,-0.90474924734,0
60290,-0.885166127154,0
60291,-1.22998290287,0
60292,-1.01098962352,0
60293,-0.918261689493,0
60294,-1.08084115479,0
60295,-0.958445648685,0
60296,-1.01610997195,0
60297,-0.664481030829,0
60298,-0.531447237433,0
60299,-0.661655035045,0
60300,-0.779786815489,0
60301,-0.546977201742,0
60302,-0.525849568735,0
60303,-0.642742849793,0
60304,-0.637519710261,0
60305,-0.284265284123,0
60306,-0.171768794489,0
60307,-0.456221326566,0
60308,-0.080446802453,0
60309,-0.448973363029,0
60310,0.0058097830833,0
60311,-0.24237731769,0
60312,-0.111165720341,0
60313,-0.215862045521,0
60314,-0.033995383264,0
60315,0.0860908300543,0
60316,0.193105466678,0
60317,-0.0824745439831,0
60318,0.289746103461,0
60319,0.0599652233182,0
60320,0.0783971484543,0
60321,0.0577403604259,0
60322,0.331705961093,0
60323,0.137359040783,0
60324,0.167265201241,0
60325,0.186034949046,0
60326,0.249688271679,0
60327,0.369695360016,0
60328,0.640655535182,0
60329,0.493850844335,0
60330,0.369867625761,0
60331,0.713064767986,0
60332,0.696063874925,0
60333,0.387347283535,0
60334,0.683838576988,0
60335,0.817590648614,0
60336,0.819716010664,0
60337,0.51984071763,0
60338,0.867959432752,0
60339,0.51427659559,0
60340,0.843868618698,0
60341,0.906563673128,0
60342,0.737169504679,0
60343,0.762864310068,0
60344,0.538941018197,0
60345,0.624429691931,0
60346,0.949821412713,0
60347,0.888045300685,0
60348,0.811358854738,0
60349,0.548090080348,0
60350,0.565529694887,0
60351,0.803978084179,0
60352,0.939989510137,0
60353,0.866700108304,0
60354,0.731522384415,0
60355,0.697776338589,0
60356,0.771249257499,0
60357,0.738548041846,0
60358,0.65460097203,0
60359,0.474865400676,0
60360,0.71663044156,0
60361,0.448239875236,0
60362,0.615454571359,0
60363,0.4153162012,0
60364,0.716697192607,0
60365,0.423987645923,0
60366,0.624321435425,0
60367,0.41725450743,0
60368,0.419144487649,0
60369,0.625650666059,0
60370,0.262869643902,0
60371,0.371004374747,0
60372,0.208101087162,0
60373,0.508662291768,0
60374,0.219790897341,0
60375,0.106527959353,0
60376,0.366703167187,0
60377,0.450485040922,0
60378,0.153266834001,0
60379,0.35157210799,0
60380,0.147547597613,0
60381,0.30277427707,0
60382,0.231630510801,0
60383,-0.185180631732,0
60384,0.109727541573,0
60385,0.156102238462,0
60386,-0.270241989826,0
60387,-0.312831050796,0
60388,0.00334950491566,0
60389,-0.0189625909065,0
60390,-0.33177665764,0
60391,-0.30623215727,0
60392,-0.542783277094,0
60393,-0.523585968698,0
60394,-0.272418616467,0
60395,-0.271928512797,0
60396,-0.445801658273,0
60397,-0.364321483429,0
60398,-0.737872809714,0
60399,-0.445156910504,0
60400,-0.679275226841,0
60401,-0.613552932305,0
60402,-0.399291936043,0
60403,-0.596804717579,0
60404,-0.773970146397,0
60405,-0.924620070488,0
60406,-0.648656213785,0
60407,-1.01568768362,0
60408,-0.944439803786,0
60409,-0.902752348364,0
60410,-0.761086396799,0
60411,-1.01656739619,0
60412,-0.930203571908,0
60413,-1.150121294,0
60414,-1.25523144933,0
60415,-0.979334957766,0
60416,-1.22746152338,0
60417,-1.44132071186,0
60418,-1.43693492571,0
60419,-1.27099774964,0
60420,-1.15879914681,0
60421,-1.52536060928,0
60422,-1.42628794037,0
60423,-1.65623146142,0
60424,-1.68834405857,0
60425,-1.33835622135,0
60426,-1.40193490532,0
60427,-1.36115480045,0
60428,-1.43303384964,0
60429,-1.46892238229,0
60430,-1.6600462466,0
60431,-1.77738133873,0
60432,-1.78654254855,0
60433,-1.57196868087,0
60434,-1.95187156861,0
60435,-1.97306913172,0
60436,-1.57813567798,0
60437,-1.87020618752,0
60438,-1.92619342121,0
60439,-2.03276150178,0
60440,-2.05822707908,0
60441,-1.65461051083,0
60442,-2.0266088358,0
60443,-2.06981139385,0
60444,-1.78652025628,0
60445,-1.76677627815,0
60446,-1.87737659883,0
60447,-1.74923935136,0
60448,-1.95106585839,0
60449,-2.0889204359,0
60450,-1.95967069021,0
60451,-1.70729001801,0
60452,-2.12338534208,0
60453,-1.97790606013,0
60454,-2.09485533651,0
60455,-1.83567459339,0
60456,-2.09739428378,0
60457,-1.70612745558,0
60458,-1.82364881175,0
60459,-1.97619131662,0
60460,-2.05371285372,0
60461,-1.73669742769,0
60462,-1.61900049436,0
60463,-1.60706930426,0
60464,-1.63085430567,0
60465,-1.6560970777,0
60466,-1.79869779434,0
60467,-1.62751533903,0
60468,-1.50471843994,0
60469,-1.71544791759,0
60470,-1.81463698268,0
60471,-1.49762627737,0
60472,-1.47238111253,0
60473,-1.47252234986,0
60474,-1.62783099147,0
60475,-1.69308790518,0
60476,-1.47289714155,0
60477,-1.44646364679,0
60478,-1.31826486859,0
60479,-1.45392774835,0
60480,-1.525561482,0
60481,-1.4970615532,0
60482,-1.08720382468,0
60483,-1.0307356428,0
60484,-1.37613402371,0
60485,-0.926206028549,0
60486,-0.985506263364,0
60487,-0.849942144017,0
60488,-0.892846240062,0
60489,-0.768815220322,0
60490,-0.749232100135,0
60491,-1.09404887586,0
60492,-0.8750555965,0
60493,-0.782327662474,0
60494,-0.944907127767,0
60495,-0.822511621666,0
60496,-0.880175944927,0
60497,-0.528547003811,0
60498,-0.395513210414,0
60499,-0.525721008027,0
60500,-0.643852788471,0
60501,-0.411043174723,0
60502,-0.389915541716,0
60503,-0.506808822775,0
60504,-0.501585683243,0
60505,-0.148331257105,0
60506,-0.0358347674707,0
60507,-0.320287299547,0
60508,0.0554872245654,0
60509,-0.313039336011,0
60510,0.141743810102,0
60511,-0.106443290671,0
60512,0.0247683066778,0
60513,-0.0799280185023,0
60514,0.101938643754,0
60515,0.222024857073,0
60516,0.329039493697,0
60517,0.0534594830353,0
60518,0.42568013048,0
60519,0.195899250337,0
60520,0.214331175473,0
60521,0.193674387444,0
60522,0.467639988111,0
60523,0.273293067801,0
60524,0.30319922826,0
60525,0.321968976065,0
60526,0.385622298697,0
60527,0.505629387034,0
60528,0.776589562201,0
60529,0.629784871353,0
60530,0.50580165278,0
60531,0.848998795005,0
60532,0.831997901944,0
60533,0.523281310553,0
60534,0.819772604006,0
60535,0.953524675632,0
60536,0.955650037682,0
60537,0.655774744648,0
60538,1.00389345977,0
60539,0.650210622608,0
60540,0.979802645716,0
60541,1.04249770015,0
60542,0.873103531697,0
60543,0.898798337086,0
60544,0.674875045215,0
60545,0.760363718949,0
60546,1.08575543973,0
60547,1.0239793277,0
60548,0.947292881756,0
60549,0.684024107367,0
60550,0.701463721906,0
60551,0.939912111198,0
60552,1.07592353716,0
60553,1.00263413532,0
60554,0.867456411433,0
60555,0.833710365607,0
60556,0.907183284517,0
60557,0.874482068864,0
60558,0.790534999048,0
60559,0.610799427695,0
60560,0.852564468578,0
60561,0.584173902255,0
60562,0.751388598377,0
60563,0.551250228219,0
60564,0.852631219625,0
60565,0.559921672941,0
60566,0.760255462444,0
60567,0.553188534449,0
60568,0.555078514668,0
60569,0.761584693078,0
60570,0.39880367092,0
60571,0.506938401765,0
60572,0.344035114181,0
60573,0.644596318786,0
60574,0.355724924359,0
60575,0.242461986371,0
60576,0.502637194205,0
60577,0.58641906794,0
60578,0.289200861019,0
60579,0.487506135009,0
60580,0.283481624631,0
60581,0.438708304088,0
60582,0.36756453782,0
60583,-0.049246604714,0
60584,0.245661568592,0
60585,0.292036265481,0
60586,-0.134307962807,0
60587,-0.176897023778,0
60588,0.139283531934,0
60589,0.116971436112,0
60590,-0.195842630622,0
60591,-0.170298130251,0
60592,-0.406849250075,0
60593,-0.38765194168,0
60594,-0.136484589448,0
60595,-0.135994485779,0
60596,-0.309867631254,0
60597,-0.228387456411,0
60598,-0.601938782695,0
60599,-0.309222883486,0
60600,-0.700284612442,0
60601,-0.634562317905,0
60602,-0.420301321644,0
60603,-0.617814103179,0
60604,-0.794979531998,0
60605,-0.945629456088,0
60606,-0.669665599386,0
60607,-1.03669706922,0
60608,-0.965449189386,0
60609,-0.923761733965,0
60610,-0.782095782399,0
60611,-1.03757678179,0
60612,-0.951212957509,0
60613,-1.1711306796,0
60614,-1.27624083493,0
60615,-1.00034434337,0
60616,-1.24847090898,0
60617,-1.46233009746,0
60618,-1.45794431131,0
60619,-1.29200713524,0
60620,-1.17980853241,0
60621,-1.54636999489,0
60622,-1.44729732597,0
60623,-1.67724084702,0
60624,-1.70935344417,0
60625,-1.35936560695,0
60626,-1.42294429092,0
60627,-1.38216418605,0
60628,-1.45404323524,0
60629,-1.4899317679,0
60630,-1.6810556322,0
60631,-1.79839072433,0
60632,-1.80755193415,0
60633,-1.59297806648,0
60634,-1.97288095421,0
60635,-1.99407851732,0
60636,-1.59914506358,0
60637,-1.89121557312,0
60638,-1.94720280681,0
60639,-2.05377088738,0
60640,-2.07923646468,0
60641,-1.67561989643,0
60642,-2.0476182214,0
60643,-2.09082077945,0
60644,-1.80752964188,0
60645,-1.78778566375,0
60646,-1.89838598443,0
60647,-1.77024873696,0
60648,-1.97207524399,0
60649,-2.1099298215,0
60650,-1.98068007581,0
60651,-1.72829940361,0
60652,-2.14439472768,0
60653,-1.99891544573,0
60654,-2.11586472211,0
60655,-1.85668397899,0
60656,-2.11840366938,0
60657,-1.72713684118,0
60658,-1.84465819735,0
60659,-1.99720070222,0
60660,-2.07472223932,0
60661,-1.75770681329,0
60662,-1.64000987996,0
60663,-1.62807868987,0
60664,-1.65186369127,0
60665,-1.6771064633,0
60666,-1.81970717994,0
60667,-1.64852472463,0
60668,-1.52572782554,0
60669,-1.73645730319,0
60670,-1.83564636828,0
60671,-1.51863566297,0
60672,-1.49339049814,0
60673,-1.49353173546,0
60674,-1.64884037707,0
60675,-1.71409729078,0
60676,-1.49390652715,0
60677,-1.46747303239,0
60678,-1.3392742542,0
60679,-1.47493713395,0
60680,-1.54657086761,0
60681,-1.5180709388,0
60682,-1.10821321028,0
60683,-1.0517450284,0
60684,-1.39714340931,0
60685,-0.94721541415,0
60686,-1.00651564896,0
60687,-0.870951529618,0
60688,-0.913855625663,0
60689,-0.789824605923,0
60690,-0.770241485736,0
60691,-1.11505826146,0
60692,-0.8960649821,0
60693,-0.803337048075,0
60694,-0.965916513368,0
60695,-0.843521007267,0
60696,-0.901185330528,0
60697,-0.549556389411,0
60698,-0.416522596015,0
60699,-0.546730393628,0
60700,-0.664862174071,0
60701,-0.432052560324,0
60702,-0.410924927317,0
60703,-0.527818208375,0
60704,-0.522595068843,0
60705,-0.169340642706,0
60706,-0.0568441530714,0
60707,-0.341296685148,0
60708,0.0344778389647,0
60709,-0.334048721611,0
60710,0.120734424501,0
60711,-0.127452676272,0
60712,0.00375892107711,0
60713,-0.100937404103,0
60714,0.0809292581537,0
60715,0.201015471472,0
60716,0.308030108096,0
60717,0.0324500974346,0
60718,0.404670744879,0
60719,0.174889864736,0
60720,0.193321789872,0
60721,0.172665001844,0
60722,0.44663060251,0
60723,0.2522836822,0
60724,0.282189842659,0
60725,0.300959590464,0
60726,0.364612913096,0
60727,0.484620001433,0
60728,0.7555801766,0
60729,0.608775485752,0
60730,0.484792267179,0
60731,0.827989409404,0
60732,0.810988516343,0
60733,0.502271924953,0
60734,0.798763218406,0
60735,0.932515290031,0
60736,0.934640652081,0
60737,0.634765359048,0
60738,0.98288407417,0
60739,0.629201237007,0
60740,0.958793260115,0
60741,1.02148831455,0
60742,0.852094146097,0
60743,0.877788951485,0
60744,0.653865659615,0
60745,0.739354333349,0
60746,1.06474605413,0
60747,1.0029699421,0
60748,0.926283496155,0
60749,0.663014721766,0
60750,0.680454336305,0
60751,0.918902725597,0
60752,1.05491415156,0
60753,0.981624749722,0
60754,0.846447025833,0
60755,0.812700980007,0
60756,0.886173898917,0
60757,0.853472683263,0
60758,0.769525613448,0
60759,0.589790042094,0
60760,0.831555082978,0
60761,0.563164516654,0
60762,0.759864609574,1
60763,0.727853306924,1
60764,0.693587942324,1
60765,0.657129536655,1
60766,0.618543016234,1
60767,0.577897097197,1
60768,0.535264163123,1
60769,0.490720136131,1
60770,0.444344341679,1
60771,0.396219367295,1
60772,0.346430915503,1
60773,0.295067651204,1
60774,0.242221043775,1
60775,0.187985204177,1
60776,0.132456717366,1
60777,0.0757344702813,1
60778,0.0179194757523,1
60779,-0.0408853073922,1
60780,-0.100575157675,1
60781,-0.161043777464,1
60782,-0.222183482267,1
60783,-0.283885392502,1
60784,-0.346039627395,1
60785,-0.408535500655,1
60786,-0.471261717592,1
60787,-0.534106573312,1
60788,-0.596958151646,1
60789,-0.65970452445,1
60790,-0.722233950938,1
60791,-0.784435076666,1
60792,-0.846197131839,1
60793,-0.907410128574,1
60794,-0.96796505677,1
60795,-1.02775407823,1
60796,-1.08667071872,1
60797,-1.14461005756,1
60798,-1.20146891449,1
60799,-1.2571460334,1
60800,-1.40124682827,1
60801,-1.45426529729,1
60802,-1.50581158906,1
60803,-1.55579390826,1
60804,-1.60412324474,1
60805,-1.65071353205,1
60806,-1.69548180068,1
60807,-1.73834832583,1
60808,-1.7792367694,1
60809,-1.81807431592,1
60810,-1.85479180222,1
60811,-1.88932384059,1
60812,-1.92160893526,1
60813,-1.95158959188,1
60814,-1.97921241991,1
60815,-2.00442822772,1
60816,-2.02719211018,1
60817,-2.04746352862,1
60818,-2.06520638305,1
60819,-2.08038907639,1
60820,-2.09298457083,1
60821,-2.10297043589,1
60822,-2.11032888842,1
60823,-2.11504682425,1
60824,-2.11711584151,1
60825,-2.11653225564,1
60826,-2.11329710591,1
60827,-2.10741615358,1
60828,-2.09889987164,1
60829,-2.08776342615,1
60830,-2.07402664928,1
60831,-2.05771400391,1
60832,-2.03885454014,1
60833,-2.01748184352,1
60834,-1.99363397524,1
60835,-1.96735340436,1
60836,-1.93868693219,1
60837,-1.90768560891,1
60838,-1.8744046427,1
60839,-1.83890330137,1
60840,-1.80124480688,1
60841,-1.7614962227,1
60842,-1.71972833442,1
60843,-1.67601552364,1
60844,-1.63043563558,1
60845,-1.58306984037,1
60846,-1.53400248857,1
60847,-1.48332096094,1
60848,-1.43111551277,1
60849,-1.37747911325,1
60850,-1.32250727982,1
60851,-1.26629790811,1
60852,-1.2089510976,1
60853,-1.15056897338,1
60854,-1.09125550424,1
60855,-1.03111631752,1
60856,-0.970258511063,1
60857,-0.908790462434,1
60858,-0.84682163594,1
60859,-0.784462387688,1
60860,-0.721823769062,1
60861,-0.65901732896,1
60862,-0.596154915139,1
60863,-0.533348475036,1
60864,-0.470709856411,1
60865,-0.408350608159,1
60866,-0.346381781664,1
60867,-0.284913733035,1
60868,-0.224055926579,1
60869,-0.163916739863,1
60870,-0.104603270714,1
60871,-0.0462211464935,1
60872,0.0111256640073,1
60873,0.0673350357166,1
60874,0.122306869151,1
60875,0.175943268675,1
60876,0.228148716839,1
60877,0.278830244477,1
60878,0.32789759627,1
60879,0.375263391477,1
60880,0.420843279545,1
60881,0.464556090321,1
60882,0.506323978606,1
60883,0.546072562781,1
60884,0.583731057269,1
60885,0.619232398597,1
60886,0.652513364815,1
60887,0.683514688094,1
60888,0.712181160265,1
60889,0.738461731139,1
60890,0.762309599419,1
60891,0.783682296041,1
60892,0.80254175981,1
60893,0.818854405179,1
60894,0.832591182054,1
60895,0.843727627537,1
60896,0.852243909482,1
60897,0.858124861815,1
60898,0.861360011545,1
60899,0.861943597412,1
60900,0.859874580147,1
60901,0.855156644323,1
60902,0.847798191795,1
60903,0.837812326735,1
60904,0.825216832296,1
60905,0.810034138948,1
60906,0.792291284525,1
60907,0.772019866082,1
60908,0.749255983622,1
60909,0.72404017581,1
60910,0.696417347779,1
60911,0.666436691163,1
60912,0.634151596494,1
60913,0.599619558121,1
60914,0.562902071826,1
60915,0.524064525306,1
60916,0.483176081732,1
60917,0.440309556577,1
60918,0.39554128795,1
60919,0.348951000644,1
60920,0.300621664162,1
60921,0.250639344964,1
60922,0.199093053196,1
60923,0.146074584175,1
60924,0.0916783549222,1
60925,0.0360012360171,1
60926,-0.0208576209101,1
60927,-0.0787969597515,1
60928,-0.137713600242,1
60929,-0.197502621704,1
60930,-0.2580575499,1
60931,-0.319270546635,1
60932,-0.381032601808,1
60933,-0.443233727536,1
60934,-0.505763154024,1
60935,-0.568509526828,1
60936,-0.631361105162,1
60937,-0.694205960882,1
60938,-0.756932177819,1
60939,-0.819428051079,1
60940,-0.881582285972,1
60941,-0.943284196207,1
60942,-1.00442390101,1
60943,-1.0648925208,1
60944,-1.12458237108,1
60945,-1.18338715423,1
60946,-1.24120214876,1
60947,-1.29792439584,1
60948,-1.35345288265,1
60949,-1.40768872225,1
60950,-1.46053532968,1
60951,-1.51189859398,1
60952,-1.56168704577,1
60953,-1.60981202015,1
60954,-1.65618781461,1
60955,-1.7007318416,1
60956,-1.74336477567,1
60957,-1.78401069471,1
60958,-1.82259721513,1
60959,-1.8590556208,1
60960,-1.8933209854,1
60961,-1.92533228805,1
60962,0.640674647152,0
60963,0.440536276994,0
60964,0.7419172684,0
60965,0.449207721716,0
60966,0.649541511219,0
60967,0.442474583223,0
60968,0.444364563443,0
60969,0.650870741853,0
60970,0.288089719695,0
60971,0.39622445054,0
60972,0.233321162956,0
60973,0.533882367561,0
60974,0.245010973134,0
60975,0.131748035146,0
60976,0.39192324298,0
60977,0.475705116715,0
60978,0.178486909794,0
60979,0.376792183783,0
60980,0.172767673406,0
60981,0.327994352863,0
60982,0.256850586594,0
60983,-0.159960555939,0
60984,0.134947617366,0
60985,0.181322314256,0
60986,-0.245021914032,0
60987,-0.287610975003,0
60988,0.0285695807089,0
60989,0.00625748488678,0
60990,-0.306556581847,0
60991,-0.281012081477,0
60992,-0.5175632013,0
60993,-0.498365892905,0
60994,-0.247198540673,0
60995,-0.246708437004,0
60996,-0.420581582479,0
60997,-0.339101407636,0
60998,-0.71265273392,0
60999,-0.419936834711,0
61000,-0.790081116909,0
61001,-0.724358822373,0
61002,-0.510097826111,0
61003,-0.707610607646,0
61004,-0.884776036465,0
61005,-1.03542596056,0
61006,-0.759462103853,0
61007,-1.12649357369,0
61008,-1.05524569385,0
61009,-1.01355823843,0
61010,-0.871892286866,0
61011,-1.12737328626,0
61012,-1.04100946198,0
61013,-1.26092718407,0
61014,-1.36603733939,0
61015,-1.09014084783,0
61016,-1.33826741345,0
61017,-1.55212660192,0
61018,-1.54774081578,0
61019,-1.38180363971,0
61020,-1.26960503687,0
61021,-1.63616649935,0
61022,-1.53709383044,0
61023,-1.76703735149,0
61024,-1.79914994864,0
61025,-1.44916211141,0
61026,-1.51274079539,0
61027,-1.47196069051,0
61028,-1.54383973971,0
61029,-1.57972827236,0
61030,-1.77085213667,0
61031,-1.8881872288,0
61032,-1.89734843862,0
61033,-1.68277457094,0
61034,-2.06267745868,0
61035,-2.08387502178,0
61036,-1.68894156804,0
61037,-1.98101207759,0
61038,-2.03699931127,0
61039,-2.14356739185,0
61040,-2.16903296915,0
61041,-1.76541640089,0
61042,-2.13741472587,0
61043,-2.18061728392,0
61044,-1.89732614635,0
61045,-1.87758216822,0
61046,-1.9881824889,0
61047,-1.86004524142,0
61048,-2.06187174845,0
61049,-2.19972632597,0
61050,-2.07047658028,0
61051,-1.81809590807,0
61052,-2.23419123214,0
61053,-2.0887119502,0
61054,-2.20566122658,0
61055,-1.94648048346,0
61056,-2.20820017385,0
61057,-1.81693334564,0
61058,-1.93445470181,0
61059,-2.08699720668,0
61060,-2.16451874379,0
61061,-1.84750331776,0
61062,-1.72980638443,0
61063,-1.71787519433,0
61064,-1.74166019573,0
61065,-1.76690296777,0
61066,-1.90950368441,0
61067,-1.7383212291,0
61068,-1.61552433001,0
61069,-1.82625380765,0
61070,-1.92544287275,0
61071,-1.60843216743,0
61072,-1.5831870026,0
61073,-1.58332823993,0
61074,-1.73863688154,0
61075,-1.80389379525,0
61076,-1.58370303162,0
61077,-1.55726953686,0
61078,-1.42907075866,0
61079,-1.56473363841,0
61080,-1.63636737207,0
61081,-1.60786744327,0
61082,-1.19800971475,0
61083,-1.14154153287,0
61084,-1.48693991378,0
61085,-1.03701191862,0
61086,-1.09631215343,0
61087,-0.960748034085,0
61088,-1.00365213013,0
61089,-0.87962111039,0
61090,-0.860037990203,0
61091,-1.20485476592,0
61092,-0.985861486567,0
61093,-0.893133552542,0
61094,-1.05571301784,0
61095,-0.933317511734,0
61096,-0.990981834995,0
61097,-0.639352893879,0
61098,-0.506319100482,0
61099,-0.636526898095,0
61100,-0.754658678538,0
61101,-0.521849064791,0
61102,-0.500721431784,0
61103,-0.617614712843,0
61104,-0.612391573311,0
61105,-0.259137147173,0
61106,-0.146640657539,0
61107,-0.431093189615,0
61108,-0.0553186655024,0
61109,-0.423845226079,0
61110,0.0309379200339,0
61111,-0.217249180739,0
61112,-0.08603758339,0
61113,-0.19073390857,0
61114,-0.00886724631346,0
61115,0.111218967005,0
61116,0.218233603629,0
61117,-0.0573464070325,0
61118,0.314874240412,0
61119,0.0850933602688,0
61120,0.103525285405,0
61121,0.0828684973765,0
61122,0.356834098043,0
61123,0.162487177733,0
61124,0.192393338192,0
61125,0.211163085997,0
61126,0.274816408629,0
61127,0.394823496966,0
61128,0.665783672133,0
61129,0.518978981285,0
61130,0.394995762712,0
61131,0.738192904937,0
61132,0.721192011876,0
61133,0.412475420486,0
61134,0.708966713939,0
61135,0.842718785564,0
61136,0.844844147614,0
61137,0.544968854581,0
61138,0.893087569703,0
61139,0.53940473254,0
61140,0.868996755648,0
61141,0.931691810078,0
61142,0.76229764163,0
61143,0.787992447018,0
61144,0.564069155148,0
61145,0.649557828882,0
61146,0.974949549664,0
61147,0.913173437636,0
61148,0.836486991688,0
61149,0.573218217299,0
61150,0.590657831838,0
61151,0.82910622113,0
61152,0.965117647088,0
61153,0.891828245254,0
61154,0.756650521366,0
61155,0.722904475539,0
61156,0.796377394449,0
61157,0.763676178796,0
61158,0.67972910898,0
61159,0.499993537627,0
61160,0.74175857851,0
61161,0.473368012187,0
61162,0.64058270831,0
61163,0.440444338151,0
61164,0.741825329557,0
61165,0.449115782873,0
61166,0.649449572376,0
61167,0.442382644381,0
61168,0.4442726246,0
61169,0.65077880301,0
61170,0.287997780853,0
61171,0.396132511698,0
61172,0.233229224113,0
61173,0.533790428718,0
61174,0.244919034291,0
61175,0.131656096304,0
61176,0.391831304138,0
61177,0.475613177872,0
61178,0.178394970952,0
61179,0.376700244941,0
61180,0.172675734563,0
61181,0.327902414021,0
61182,0.256758647752,0
61183,-0.160052494782,0
61184,0.134855678524,0
61185,0.181230375413,0
61186,-0.245113852875,0
61187,-0.287702913845,0
61188,0.0284776418662,0
61189,0.00616554604407,0
61190,-0.30664852069,0
61191,-0.281104020319,0
61192,-0.517655140143,0
61193,-0.498457831748,0
61194,-0.247290479516,0
61195,-0.246800375847,0
61196,-0.420673521322,0
61197,-0.339193346479,0
61198,-0.712744672763,0
61199,-0.420028773553,0
61200,-0.867821120594,0
61201,-0.802098826058,0
61202,-0.587837829796,0
61203,-0.785350611332,0
61204,-0.96251604015,0
61205,-1.11316596424,0
61206,-0.837202107539,0
61207,-1.20423357737,0
61208,-1.13298569754,0
61209,-1.09129824212,0
61210,-0.949632290552,0
61211,-1.20511328994,0
61212,-1.11874946566,0
61213,-1.33866718776,0
61214,-1.44377734308,0
61215,-1.16788085152,0
61216,-1.41600741713,0
61217,-1.62986660561,0
61218,-1.62548081946,0
61219,-1.4595436434,0
61220,-1.34734504056,0
61221,-1.71390650304,0
61222,-1.61483383412,0
61223,-1.84477735517,0
61224,-1.87688995233,0
61225,-1.5269021151,0
61226,-1.59048079908,0
61227,-1.5497006942,0
61228,-1.62157974339,0
61229,-1.65746827605,0
61230,-1.84859214035,0
61231,-1.96592723248,0
61232,-1.9750884423,0
61233,-1.76051457463,0
61234,-2.14041746237,0
61235,-2.16161502547,0
61236,-1.76668157173,0
61237,-2.05875208127,0
61238,-2.11473931496,0
61239,-2.22130739554,0
61240,-2.24677297283,0
61241,-1.84315640458,0
61242,-2.21515472956,0
61243,-2.25835728761,0
61244,-1.97506615004,0
61245,-1.95532217191,0
61246,-2.06592249258,0
61247,-1.93778524511,0
61248,-2.13961175214,0
61249,-2.27746632965,0
61250,-2.14821658397,0
61251,-1.89583591176,0
61252,-2.31193123583,0
61253,-2.16645195388,0
61254,-2.28340123026,0
61255,-2.02422048714,0
61256,-2.28594017754,0
61257,-1.89467334933,0
61258,-2.0121947055,0
61259,-2.16473721037,0
61260,-2.24225874748,0
61261,-1.92524332144,0
61262,-1.80754638811,0
61263,-1.79561519802,0
61264,-1.81940019942,0
61265,-1.84464297145,0
61266,-1.9872436881,0
61267,-1.81606123278,0
61268,-1.69326433369,0
61269,-1.90399381134,0
61270,-2.00318287644,0
61271,-1.68617217112,0
61272,-1.66092700629,0
61273,-1.66106824362,0
61274,-1.81637688523,0
61275,-1.88163379893,0
61276,-1.66144303531,0
61277,-1.63500954055,0
61278,-1.50681076235,0
61279,-1.6424736421,0
61280,-1.71410737576,0
61281,-1.68560744695,0
61282,-1.27574971844,0
61283,-1.21928153655,0
61284,-1.56467991746,0
61285,-1.1147519223,0
61286,-1.17405215712,0
61287,-1.03848803777,0
61288,-1.08139213382,0
61289,-0.957361114075,0
61290,-0.937777993889,0
61291,-1.28259476961,0
61292,-1.06360149025,0
61293,-0.970873556228,0
61294,-1.13345302152,0
61295,-1.01105751542,0
61296,-1.06872183868,0
61297,-0.717092897564,0
61298,-0.584059104168,0
61299,-0.714266901781,0
61300,-0.832398682224,0
61301,-0.599589068477,0
61302,-0.57846143547,0
61303,-0.695354716528,0
61304,-0.690131576996,0
61305,-0.336877150858,0
61306,-0.224380661224,0
61307,-0.508833193301,0
61308,-0.133058669188,0
61309,-0.501585229764,0
61310,-0.0468020836517,0
61311,-0.294989184425,0
61312,-0.163777587076,0
61313,-0.268473912256,0
61314,-0.0866072499991,0
61315,0.0334789633193,0
61316,0.140493599943,0
61317,-0.135086410718,0
61318,0.237134236726,0
61319,0.0073533565832,0
61320,0.0257852817193,0
61321,0.00512849369086,0
61322,0.279094094358,0
61323,0.0847471740477,0
61324,0.114653334506,0
61325,0.133423082311,0
61326,0.197076404944,0
61327,0.317083493281,0
61328,0.588043668447,0
61329,0.4412389776,0
61330,0.317255759026,0
61331,0.660452901251,0
61332,0.64345200819,0
61333,0.3347354168,0
61334,0.631226710253,0
61335,0.764978781879,0
61336,0.767104143929,0
61337,0.467228850895,0
61338,0.815347566017,0
61339,0.461664728855,0
61340,0.791256751963,0
61341,0.853951806393,0
61342,0.684557637944,0
61343,0.710252443332,0
61344,0.486329151462,0
61345,0.571817825196,0
61346,0.897209545978,0
61347,0.83543343395,0
61348,0.758746988003,0
61349,0.495478213613,0
61350,0.512917828152,0
61351,0.751366217444,0
61352,0.887377643402,0
61353,0.814088241569,0
61354,0.67891051768,0
61355,0.645164471854,0
61356,0.718637390764,0
61357,0.685936175111,0
61358,0.601989105295,0
61359,0.422253533941,0
61360,0.664018574825,0
61361,0.395628008501,0
61362,0.562842704624,0
61363,0.362704334465,0
61364,0.664085325872,0
61365,0.371375779188,0
61366,0.57170956869,0
61367,0.364642640695,0
61368,0.366532620914,0
61369,0.573038799324,0
61370,0.210257777167,0
61371,0.318392508012,0
61372,0.155489220427,0
61373,0.456050425033,0
61374,0.167179030606,0
61375,0.0539160926181,0
61376,0.314091300452,0
61377,0.397873174187,0
61378,0.100654967266,0
61379,0.298960241255,0
61380,0.0949357308775,0
61381,0.250162410335,0
61382,0.179018644066,0
61383,-0.237792498467,0
61384,0.0571156748382,0
61385,0.103490371727,0
61386,-0.322853856561,0
61387,-0.365442917531,0
61388,-0.0492623618194,0
61389,-0.0715744576415,0
61390,-0.384388524375,0
61391,-0.358844024005,0
61392,-0.595395143829,0
61393,-0.576197835433,0
61394,-0.325030483202,0
61395,-0.324540379532,0
61396,-0.498413525008,0
61397,-0.416933350164,0
61398,-0.790484676449,0
61399,-0.497768777239,0
61400,-0.694230249244,0
61401,-0.628507954707,0
61402,-0.414246958445,0
61403,-0.611759739981,0
61404,-0.7889251688,0
61405,-0.93957509289,0
61406,-0.663611236188,0
61407,-1.03064270602,0
61408,-0.959394826188,0
61409,-0.917707370767,0
61410,-0.776041419201,0
61411,-1.03152241859,0
61412,-0.945158594311,0
61413,-1.16507631641,0
61414,-1.27018647173,0
61415,-0.994289980169,0
61416,-1.24241654578,0
61417,-1.45627573426,0
61418,-1.45188994811,0
61419,-1.28595277205,0
61420,-1.17375416921,0
61421,-1.54031563169,0
61422,-1.44124296277,0
61423,-1.67118648382,0
61424,-1.70329908098,0
61425,-1.35331124375,0
61426,-1.41688992773,0
61427,-1.37610982285,0
61428,-1.44798887204,0
61429,-1.4838774047,0
61430,-1.675001269,0
61431,-1.79233636113,0
61432,-1.80149757095,0
61433,-1.58692370328,0
61434,-1.96682659102,0
61435,-1.98802415412,0
61436,-1.59309070038,0
61437,-1.88516120992,0
61438,-1.94114844361,0
61439,-2.04771652419,0
61440,-2.07318210148,0
61441,-1.66956553323,0
61442,-2.0415638582,0
61443,-2.08476641626,0
61444,-1.80147527869,0
61445,-1.78173130056,0
61446,-1.89233162123,0
61447,-1.76419437376,0
61448,-1.96602088079,0
61449,-2.1038754583,0
61450,-1.97462571261,0
61451,-1.72224504041,0
61452,-2.13834036448,0
61453,-1.99286108253,0
61454,-2.10981035891,0
61455,-1.85062961579,0
61456,-2.11234930618,0
61457,-1.72108247798,0
61458,-1.83860383415,0
61459,-1.99114633902,0
61460,-2.06866787612,0
61461,-1.75165245009,0
61462,-1.63395551676,0
61463,-1.62202432667,0
61464,-1.64580932807,0
61465,-1.6710521001,0
61466,-1.81365281675,0
61467,-1.64247036143,0
61468,-1.51967346234,0
61469,-1.73040293999,0
61470,-1.82959200509,0
61471,-1.51258129977,0
61472,-1.48733613494,0
61473,-1.48747737227,0
61474,-1.64278601388,0
61475,-1.70804292758,0
61476,-1.48785216396,0
61477,-1.4614186692,0
61478,-1.333219891,0
61479,-1.46888277075,0
61480,-1.54051650441,0
61481,-1.5120165756,0
61482,-1.10215884709,0
61483,-1.0456906652,0
61484,-1.39108904611,0
61485,-0.941161050952,0
61486,-1.00046128577,0
61487,-0.86489716642,0
61488,-0.907801262464,0
61489,-0.783770242725,0
61490,-0.764187122538,0
61491,-1.10900389826,0
61492,-0.890010618902,0
61493,-0.797282684877,0
61494,-0.95986215017,0
61495,-0.837466644069,0
61496,-0.89513096733,0
61497,-0.543502026213,0
61498,-0.410468232817,0
61499,-0.54067603043,0
61500,-0.658807810873,0
61501,-0.425998197126,0
61502,-0.404870564119,0
61503,-0.521763845177,0
61504,-0.516540705645,0
61505,-0.163286279508,0
61506,-0.0507897898732,0
61507,-0.33524232195,0
61508,0.0405322021629,0
61509,-0.327994358413,0
61510,0.126788787699,0
61511,-0.121398313074,0
61512,0.00981328427527,0
61513,-0.0948830409048,0
61514,0.0869836213518,0
61515,0.20706983467,0
61516,0.314084471294,0
61517,0.0385044606328,0
61518,0.410725108077,0
61519,0.180944227934,0
61520,0.19937615307,0
61521,0.178719365042,0
61522,0.452684965709,0
61523,0.258338045399,0
61524,0.288244205857,0
61525,0.307013953662,0
61526,0.370667276294,0
61527,0.490674364632,0
61528,0.761634539798,0
61529,0.61482984895,0
61530,0.490846630377,0
61531,0.834043772602,0
61532,0.817042879541,0
61533,0.508326288151,0
61534,0.804817581604,0
61535,0.93856965323,0
61536,0.94069501528,0
61537,0.640819722246,0
61538,0.988938437368,0
61539,0.635255600206,0
61540,0.964847623313,0
61541,1.02754267774,0
61542,0.858148509295,0
61543,0.883843314683,0
61544,0.659920022813,0
61545,0.745408696547,0
61546,1.07080041733,0
61547,1.0090243053,0
61548,0.932337859353,0
61549,0.669069084964,0
61550,0.686508699503,0
61551,0.924957088795,0
61552,1.06096851475,0
61553,0.98767911292,0
61554,0.852501389031,0
61555,0.818755343205,0
61556,0.892228262115,0
61557,0.859527046461,0
61558,0.775579976646,0
61559,0.595844405292,0
61560,0.837609446176,0
61561,0.569218879852,0
61562,0.736433575975,0
61563,0.536295205816,0
61564,0.837676197223,0
61565,0.544966650538,0
61566,0.745300440041,0
61567,0.538233512046,0
61568,0.540123492265,0
61569,0.746629670675,0
61570,0.383848648518,0
61571,0.491983379363,0
61572,0.329080091778,0
61573,0.629641296383,0
61574,0.340769901957,0
61575,0.227506963969,0
61576,0.487682171803,0
61577,0.571464045538,0
61578,0.274245838617,0
61579,0.472551112606,0
61580,0.268526602228,0
61581,0.423753281686,0
61582,0.352609515417,0
61583,-0.0642016271165,0
61584,0.230706546189,0
61585,0.277081243078,0
61586,-0.14926298521,0
61587,-0.19185204618,0
61588,0.124328509532,0
61589,0.102016413709,0
61590,-0.210797653024,0
61591,-0.185253152654,0
61592,-0.421804272478,0
61593,-0.402606964082,0
61594,-0.151439611851,0
61595,-0.150949508181,0
61596,-0.324822653657,0
61597,-0.243342478813,0
61598,-0.616893805098,0
61599,-0.324177905888,0
61600,-0.430556176561,0
61601,-0.364833882025,0
61602,-0.150572885763,0
61603,-0.348085667299,0
61604,-0.525251096117,0
61605,-0.675901020208,0
61606,-0.399937163505,0
61607,-0.766968633338,0
61608,-0.695720753506,0
61609,-0.654033298084,0
61610,-0.512367346519,0
61611,-0.767848345911,0
61612,-0.681484521628,0
61613,-0.901402243724,0
61614,-1.00651239905,0
61615,-0.730615907486,0
61616,-0.978742473099,0
61617,-1.19260166158,0
61618,-1.18821587543,0
61619,-1.02227869936,0
61620,-0.910080096527,0
61621,-1.276641559,0
61622,-1.17756889009,0
61623,-1.40751241114,0
61624,-1.43962500829,0
61625,-1.08963717107,0
61626,-1.15321585504,0
61627,-1.11243575017,0
61628,-1.18431479936,0
61629,-1.22020333201,0
61630,-1.41132719632,0
61631,-1.52866228845,0
61632,-1.53782349827,0
61633,-1.32324963059,0
61634,-1.70315251833,0
61635,-1.72435008144,0
61636,-1.3294166277,0
61637,-1.62148713724,0
61638,-1.67747437093,0
61639,-1.7840424515,0
61640,-1.8095080288,0
61641,-1.40589146055,0
61642,-1.77788978552,0
61643,-1.82109234357,0
61644,-1.537801206,0
61645,-1.51805722787,0
61646,-1.62865754855,0
61647,-1.50052030108,0
61648,-1.70234680811,0
61649,-1.84020138562,0
61650,-1.71095163993,0
61651,-1.45857096773,0
61652,-1.8746662918,0
61653,-1.72918700985,0
61654,-1.84613628623,0
61655,-1.58695554311,0
61656,-1.8486752335,0
61657,-1.4574084053,0
61658,-1.57492976147,0
61659,-1.72747226634,0
61660,-1.80499380344,0
61661,-1.48797837741,0
61662,-1.37028144408,0
61663,-1.35835025398,0
61664,-1.38213525539,0
61665,-1.40737802742,0
61666,-1.54997874406,0
61667,-1.37879628875,0
61668,-1.25599938966,0
61669,-1.46672886731,0
61670,-1.5659179324,0
61671,-1.24890722709,0
61672,-1.22366206225,0
61673,-1.22380329958,0
61674,-1.37911194119,0
61675,-1.4443688549,0
61676,-1.22417809127,0
61677,-1.19774459651,0
61678,-1.06954581831,0
61679,-1.20520869807,0
61680,-1.27684243172,0
61681,-1.24834250292,0
61682,-0.838484774404,0
61683,-0.782016592521,0
61684,-1.12741497343,0
61685,-0.677486978269,0
61686,-0.736787213084,0
61687,-0.601223093737,0
61688,-0.644127189782,0
61689,-0.520096170042,0
61690,-0.500513049855,0
61691,-0.845329825575,0
61692,-0.62633654622,0
61693,-0.533608612194,0
61694,-0.696188077487,0
61695,-0.573792571386,0
61696,-0.631456894647,0
61697,-0.279827953531,0
61698,-0.146794160134,0
61699,-0.277001957747,0
61700,-0.395133738191,0
61701,-0.162324124443,0
61702,-0.141196491436,0
61703,-0.258089772495,0
61704,-0.252866632963,0
61705,0.100387793175,0
61706,0.212884282809,0
61707,-0.0715682492674,0
61708,0.304206274845,0
61709,-0.0643202857307,0
61710,0.390462860382,0
61711,0.142275759609,0
61712,0.273487356958,0
61713,0.168791031778,0
61714,0.350657694034,0
61715,0.470743907353,0
61716,0.577758543977,0
61717,0.302178533315,0
61718,0.67439918076,0
61719,0.444618300617,0
61720,0.463050225753,0
61721,0.442393437724,0
61722,0.716359038391,0
61723,0.522012118081,0
61724,0.55191827854,0
61725,0.570688026345,0
61726,0.634341348977,0
61727,0.754348437314,0
61728,1.02530861248,0
61729,0.878503921633,0
61730,0.75452070306,0
61731,1.09771784528,0
61732,1.08071695222,0
61733,0.772000360834,0
61734,1.06849165429,0
61735,1.20224372591,0
61736,1.20436908796,0
61737,0.904493794929,0
61738,1.25261251005,0
61739,0.898929672888,0
61740,1.228521696,0
61741,1.29121675043,0
61742,1.12182258198,0
61743,1.14751738737,0
61744,0.923594095495,0
61745,1.00908276923,0
61746,1.33447449001,0
61747,1.27269837798,0
61748,1.19601193204,0
61749,0.932743157647,0
61750,0.950182772186,0
61751,1.18863116148,0
61752,1.32464258744,0
61753,1.2513531856,0
61754,1.11617546171,0
61755,1.08242941589,0
61756,1.1559023348,0
61757,1.12320111914,0
61758,1.03925404933,0
61759,0.859518477975,0
61760,1.10128351886,0
61761,0.832892952535,0
61762,1.00010764866,0
61763,0.799969278499,0
61764,1.10135026991,0
61765,0.808640723221,0
61766,1.00897451272,0
61767,0.801907584729,0
61768,0.803797564948,0
61769,1.01030374336,0
61770,0.6475227212,0
61771,0.755657452045,0
61772,0.592754164461,0
61773,0.893315369066,0
61774,0.604443974639,0
61775,0.491181036652,0
61776,0.751356244485,0
61777,0.83513811822,0
61778,0.5379199113,0
61779,0.736225185289,0
61780,0.532200674911,0
61781,0.687427354369,0
61782,0.6162835881,0
61783,0.199472445566,0
61784,0.494380618872,0
61785,0.540755315761,0
61786,0.114411087473,0
61787,0.0718220265024,0
61788,0.388002582214,0
61789,0.365690486392,0
61790,0.0528764196582,0
61791,0.0784209200286,0
61792,-0.158130199795,0
61793,-0.1389328914,0
61794,0.112234460832,0
61795,0.112724564501,0
61796,-0.0611485809743,0
61797,0.0203315938691,0
61798,-0.353219732415,0
61799,-0.0605038332055,0
61800,-0.196445609969,0
61801,-0.130723315432,0
61802,0.0835376808295,0
61803,-0.113975100706,0
61804,-0.291140529525,0
61805,-0.441790453615,0
61806,-0.165826596913,0
61807,-0.532858066746,0
61808,-0.461610186913,0
61809,-0.419922731492,0
61810,-0.278256779926,0
61811,-0.533737779319,0
61812,-0.447373955036,0
61813,-0.667291677132,0
61814,-0.772401832455,0
61815,-0.496505340894,0
61816,-0.744631906507,0
61817,-0.958491094983,0
61818,-0.954105308838,0
61819,-0.78816813277,0
61820,-0.675969529934,0
61821,-1.04253099241,0
61822,-0.943458323498,0
61823,-1.17340184455,0
61824,-1.2055144417,0
61825,-0.855526604474,0
61826,-0.919105288451,0
61827,-0.878325183574,0
61828,-0.950204232768,0
61829,-0.986092765422,0
61830,-1.17721662973,0
61831,-1.29455172186,0
61832,-1.30371293168,0
61833,-1.089139064,0
61834,-1.46904195174,0
61835,-1.49023951484,0
61836,-1.0953060611,0
61837,-1.38737657065,0
61838,-1.44336380433,0
61839,-1.54993188491,0
61840,-1.57539746221,0
61841,-1.17178089395,0
61842,-1.54377921893,0
61843,-1.58698177698,0
61844,-1.30369063941,0
61845,-1.28394666128,0
61846,-1.39454698196,0
61847,-1.26640973448,0
61848,-1.46823624151,0
61849,-1.60609081903,0
61850,-1.47684107334,0
61851,-1.22446040113,0
61852,-1.6405557252,0
61853,-1.49507644325,0
61854,-1.61202571964,0
61855,-1.35284497652,0
61856,-1.61456466691,0
61857,-1.2232978387,0
61858,-1.34081919487,0
61859,-1.49336169974,0
61860,-1.57088323685,0
61861,-1.25386781082,0
61862,-1.13617087749,0
61863,-1.12423968739,0
61864,-1.14802468879,0
61865,-1.17326746083,0
61866,-1.31586817747,0
61867,-1.14468572216,0
61868,-1.02188882307,0
61869,-1.23261830071,0
61870,-1.33180736581,0
61871,-1.01479666049,0
61872,-0.989551495662,0
61873,-0.989692732991,0
61874,-1.1450013746,0
61875,-1.21025828831,0
61876,-0.990067524681,0
61877,-0.96363402992,0
61878,-0.835435251722,0
61879,-0.971098131474,0
61880,-1.04273186513,0
61881,-1.01423193633,0
61882,-0.604374207811,0
61883,-0.547906025929,0
61884,-0.893304406837,0
61885,-0.443376411677,0
61886,-0.502676646492,0
61887,-0.367112527145,0
61888,-0.41001662319,0
61889,-0.28598560345,0
61890,-0.266402483263,0
61891,-0.611219258983,0
61892,-0.392225979627,0
61893,-0.299498045602,0
61894,-0.462077510895,0
61895,-0.339682004794,0
61896,-0.397346328055,0
61897,-0.0457173869384,0
61898,0.0873164064582,0
61899,-0.0428913911547,0
61900,-0.161023171598,0
61901,0.0717864421492,0
61902,0.092914075156,0
61903,-0.0239792059024,0
61904,-0.0187560663704,0
61905,0.334498359767,0
61906,0.446994849402,0
61907,0.162542317325,0
61908,0.538316841438,0
61909,0.169790280862,0
61910,0.624573426974,0
61911,0.376386326201,0
61912,0.50759792355,0
61913,0.40290159837,0
61914,0.584768260627,0
61915,0.704854473945,0
61916,0.811869110569,0
61917,0.536289099908,0
61918,0.908509747352,0
61919,0.678728867209,0
61920,0.697160792345,0
61921,0.676504004317,0
61922,0.950469604983,0
61923,0.756122684673,0
61924,0.786028845132,0
61925,0.804798592937,0
61926,0.868451915569,0
61927,0.988459003906,0
61928,1.25941917907,0
61929,1.11261448823,0
61930,0.988631269652,0
61931,1.33182841188,0
61932,1.31482751882,0
61933,1.00611092743,0
61934,1.30260222088,0
61935,1.4363542925,0
61936,1.43847965455,0
61937,1.13860436152,0
61938,1.48672307664,0
61939,1.13304023948,0
61940,1.46263226259,0
61941,1.52532731702,0
61942,1.35593314857,0
61943,1.38162795396,0
61944,1.15770466209,0
61945,1.24319333582,0
61946,1.5685850566,0
61947,1.50680894458,0
61948,1.43012249863,0
61949,1.16685372424,0
61950,1.18429333878,0
61951,1.42274172807,0
61952,1.55875315403,0
61953,1.48546375219,0
61954,1.35028602831,0
61955,1.31653998248,0
61956,1.39001290139,0
61957,1.35731168574,0
61958,1.27336461592,0
61959,1.09362904457,0
61960,1.33539408545,0
61961,1.06700351913,0
61962,1.23421821525,0
61963,1.03407984509,0
61964,1.3354608365,0
61965,1.04275128981,0
61966,1.24308507932,0
61967,1.03601815132,0
61968,1.03790813154,0
61969,1.24441430995,0
61970,0.881633287793,0
61971,0.989768018638,0
61972,0.826864731053,0
61973,1.12742593566,0
61974,0.838554541232,0
61975,0.725291603244,0
61976,0.985466811078,0
61977,1.06924868481,0
61978,0.772030477892,0
61979,0.970335751881,0
61980,0.766311241503,0
61981,0.921537920961,0
61982,0.850394154692,0
61983,0.433583012158,0
61984,0.728491185464,0
61985,0.774865882353,0
61986,0.348521654065,0
61987,0.305932593095,0
61988,0.622113148806,0
61989,0.599801052984,0
61990,0.286986986251,0
61991,0.312531486621,0
61992,0.0759803667971,0
61993,0.0951776751924,0
61994,0.346345027424,0
61995,0.346835131094,0
61996,0.172961985618,0
61997,0.254442160461,0
61998,-0.119109165823,0
61999,0.173606733387,0
62000,-0.0145078885369,0
62001,0.0512144059993,0
62002,0.265475402261,0
62003,0.0679626207256,0
62004,-0.109202808093,0
62005,-0.259852732183,0
62006,0.016111124519,0
62007,-0.350920345314,0
62008,-0.279672465482,0
62009,-0.23798501006,0
62010,-0.0963190584946,0
62011,-0.351800057887,0
62012,-0.265436233604,0
62013,-0.4853539557,0
62014,-0.590464111023,0
62015,-0.314567619462,0
62016,-0.562694185075,0
62017,-0.776553373551,0
62018,-0.772167587407,0
62019,-0.606230411339,0
62020,-0.494031808502,0
62021,-0.86059327098,0
62022,-0.761520602066,0
62023,-0.991464123113,0
62024,-1.02357672027,0
62025,-0.673588883042,0
62026,-0.73716756702,0
62027,-0.696387462142,0
62028,-0.768266511336,0
62029,-0.80415504399,0
62030,-0.995278908296,0
62031,-1.11261400043,0
62032,-1.12177521025,0
62033,-0.90720134257,0
62034,-1.28710423031,0
62035,-1.30830179341,0
62036,-0.913368339672,0
62037,-1.20543884921,0
62038,-1.2614260829,0
62039,-1.36799416348,0
62040,-1.39345974077,0
62041,-0.989843172521,0
62042,-1.3618414975,0
62043,-1.40504405555,0
62044,-1.12175291798,0
62045,-1.10200893985,0
62046,-1.21260926053,0
62047,-1.08447201305,0
62048,-1.28629852008,0
62049,-1.42415309759,0
62050,-1.29490335191,0
62051,-1.0425226797,0
62052,-1.45861800377,0
62053,-1.31313872182,0
62054,-1.4300879982,0
62055,-1.17090725508,0
62056,-1.43262694548,0
62057,-1.04136011727,0
62058,-1.15888147344,0
62059,-1.31142397831,0
62060,-1.38894551542,0
62061,-1.07193008938,0
62062,-0.954233156055,0
62063,-0.942301965961,0
62064,-0.966086967363,0
62065,-0.991329739396,0
62066,-1.13393045604,0
62067,-0.962748000724,0
62068,-0.839951101637,0
62069,-1.05068057928,0
62070,-1.14986964438,0
62071,-0.832858939063,0
62072,-0.807613774231,0
62073,-0.807755011559,0
62074,-0.963063653169,0
62075,-1.02832056687,0
62076,-0.808129803249,0
62077,-0.781696308489,0
62078,-0.65349753029,0
62079,-0.789160410042,0
62080,-0.860794143701,0
62081,-0.832294214894,0
62082,-0.422436486379,0
62083,-0.365968304497,0
62084,-0.711366685406,0
62085,-0.261438690245,0
62086,-0.32073892506,0
62087,-0.185174805713,0
62088,-0.228078901758,0
62089,-0.104047882018,0
62090,-0.0844647618313,0
62091,-0.429281537551,0
62092,-0.210288258195,0
62093,-0.11756032417,0
62094,-0.280139789463,0
62095,-0.157744283362,0
62096,-0.215408606623,0
62097,0.136220334493,0
62098,0.26925412789,0
62099,0.139046330277,0
62100,0.0209145498335,0
62101,0.253724163581,0
62102,0.274851796588,0
62103,0.157958515529,0
62104,0.163181655061,0
62105,0.516436081199,0
62106,0.628932570833,0
62107,0.344480038757,0
62108,0.720254562869,0
62109,0.351728002293,0
62110,0.806511148406,0
62111,0.558324047633,0
62112,0.689535644982,0
62113,0.584839319802,0
62114,0.766705982058,0
62115,0.886792195377,0
62116,0.993806832001,0
62117,0.718226821339,0
62118,1.09044746878,0
62119,0.860666588641,0
62120,0.879098513777,0
62121,0.858441725748,0
62122,1.13240732642,0
62123,0.938060406105,0
62124,0.967966566564,0
62125,0.986736314369,0
62126,1.050389637,0
62127,1.17039672534,0
62128,1.4413569005,0
62129,1.29455220966,0
62130,1.17056899108,0
62131,1.51376613331,0
62132,1.49676524025,0
62133,1.18804864886,0
62134,1.48453994231,0
62135,1.61829201394,0
62136,1.62041737599,0
62137,1.32054208295,0
62138,1.66866079807,0
62139,1.31497796091,0
62140,1.64456998402,0
62141,1.70726503845,0
62142,1.53787087,0
62143,1.56356567539,0
62144,1.33964238352,0
62145,1.42513105725,0
62146,1.75052277804,0
62147,1.68874666601,0
62148,1.61206022006,0
62149,1.34879144567,0
62150,1.36623106021,0
62151,1.6046794495,0
62152,1.74069087546,0
62153,1.66740147363,0
62154,1.53222374974,0
62155,1.49847770391,0
62156,1.57195062282,0
62157,1.53924940717,0
62158,1.45530233735,0
62159,1.275566766,0
62160,1.51733180688,0
62161,1.24894124056,0
62162,1.41615593668,0
62163,1.21601756652,0
62164,1.51739855793,0
62165,1.22468901125,0
62166,1.42502280075,0
62167,1.21795587275,0
62168,1.21984585297,0
62169,1.42635203138,0
62170,1.06357100922,0
62171,1.17170574007,0
62172,1.00880245248,0
62173,1.30936365709,0
62174,1.02049226266,0
62175,0.907229324676,0
62176,1.16740453251,0
62177,1.25118640624,0
62178,0.953968199324,0
62179,1.15227347331,0
62180,0.948248962935,0
62181,1.10347564239,0
62182,1.03233187612,0
62183,0.61552073359,0
62184,0.910428906896,0
62185,0.956803603785,0
62186,0.530459375497,0
62187,0.487870314527,0
62188,0.804050870238,0
62189,0.781738774416,0
62190,0.468924707682,0
62191,0.494469208053,0
62192,0.257918088229,0
62193,0.277115396624,0
62194,0.528282748856,0
62195,0.528772852525,0
62196,0.35489970705,0
62197,0.436379881893,0
62198,0.0628285556088,0
62199,0.355544454819,0
62200,-0.170005304446,0
62201,-0.10428300991,0
62202,0.109977986352,0
62203,-0.0875347951839,0
62204,-0.264700224002,0
62205,-0.415350148093,0
62206,-0.13938629139,0
62207,-0.506417761223,0
62208,-0.435169881391,0
62209,-0.39348242597,0
62210,-0.251816474404,0
62211,-0.507297473797,0
62212,-0.420933649514,0
62213,-0.640851371609,0
62214,-0.745961526933,0
62215,-0.470065035372,0
62216,-0.718191600985,0
62217,-0.932050789461,0
62218,-0.927665003316,0
62219,-0.761727827248,0
62220,-0.649529224412,0
62221,-1.01609068689,0
62222,-0.917018017976,0
62223,-1.14696153902,0
62224,-1.17907413618,0
62225,-0.829086298952,0
62226,-0.892664982929,0
62227,-0.851884878051,0
62228,-0.923763927246,0
62229,-0.9596524599,0
62230,-1.15077632421,0
62231,-1.26811141633,0
62232,-1.27727262616,0
62233,-1.06269875848,0
62234,-1.44260164622,0
62235,-1.46379920932,0
62236,-1.06886575558,0
62237,-1.36093626512,0
62238,-1.41692349881,0
62239,-1.52349157939,0
62240,-1.54895715668,0
62241,-1.14534058843,0
62242,-1.51733891341,0
62243,-1.56054147146,0
62244,-1.27725033389,0
62245,-1.25750635576,0
62246,-1.36810667644,0
62247,-1.23996942896,0
62248,-1.44179593599,0
62249,-1.5796505135,0
62250,-1.45040076782,0
62251,-1.19802009561,0
62252,-1.61411541968,0
62253,-1.46863613773,0
62254,-1.58558541411,0
62255,-1.32640467099,0
62256,-1.58812436139,0
62257,-1.19685753318,0
62258,-1.31437888935,0
62259,-1.46692139422,0
62260,-1.54444293133,0
62261,-1.22742750529,0
62262,-1.10973057196,0
62263,-1.09779938187,0
62264,-1.12158438327,0
62265,-1.14682715531,0
62266,-1.28942787195,0
62267,-1.11824541663,0
62268,-0.995448517547,0
62269,-1.20617799519,0
62270,-1.30536706029,0
62271,-0.988356354972,0
62272,-0.96311119014,0
62273,-0.963252427469,0
62274,-1.11856106908,0
62275,-1.18381798278,0
62276,-0.963627219159,0
62277,-0.937193724398,0
62278,-0.8089949462,0
62279,-0.944657825952,0
62280,-1.01629155961,0
62281,-0.987791630803,0
62282,-0.577933902289,0
62283,-0.521465720407,0
62284,-0.866864101315,0
62285,-0.416936106155,0
62286,-0.476236340969,0
62287,-0.340672221623,0
62288,-0.383576317667,0
62289,-0.259545297927,0
62290,-0.239962177741,0
62291,-0.58477895346,0
62292,-0.365785674105,0
62293,-0.27305774008,0
62294,-0.435637205373,0
62295,-0.313241699272,0
62296,-0.370906022533,0
62297,-0.0192770814162,0
62298,0.11375671198,0
62299,-0.0164510856325,0
62300,-0.134582866076,0
62301,0.0982267476714,0
62302,0.119354380678,0
62303,0.00246109961986,0
62304,0.00768423915183,0
62305,0.36093866529,0
62306,0.473435154924,0
62307,0.188982622847,0
62308,0.56475714696,0
62309,0.196230586384,0
62310,0.651013732496,0
62311,0.402826631723,0
62312,0.534038229072,0
62313,0.429341903892,0
62314,0.611208566149,0
62315,0.731294779467,0
62316,0.838309416092,0
62317,0.56272940543,0
62318,0.934950052874,0
62319,0.705169172731,0
62320,0.723601097867,0
62321,0.702944309839,0
62322,0.976909910506,0
62323,0.782562990196,0
62324,0.812469150654,0
62325,0.831238898459,0
62326,0.894892221092,0
62327,1.01489930943,0
62328,1.2858594846,0
62329,1.13905479375,0
62330,1.01507157517,0
62331,1.3582687174,0
62332,1.34126782434,0
62333,1.03255123295,0
62334,1.3290425264,0
62335,1.46279459803,0
62336,1.46491996008,0
62337,1.16504466704,0
62338,1.51316338217,0
62339,1.159480545,0
62340,1.48907256811,0
62341,1.55176762254,0
62342,1.38237345409,0
62343,1.40806825948,0
62344,1.18414496761,0
62345,1.26963364134,0
62346,1.59502536213,0
62347,1.5332492501,0
62348,1.45656280415,0
62349,1.19329402976,0
62350,1.2107336443,0
62351,1.44918203359,0
62352,1.58519345955,0
62353,1.51190405772,0
62354,1.37672633383,0
62355,1.342980288,0
62356,1.41645320691,0
62357,1.38375199126,0
62358,1.29980492144,0
62359,1.12006935009,0
62360,1.36183439097,0
62361,1.09344382465,0
62362,1.26065852077,0
62363,1.06052015061,0
62364,1.36190114202,0
62365,1.06919159534,0
62366,1.26952538484,0
62367,1.06245845684,0
62368,1.06434843706,0
62369,1.27085461547,0
62370,0.908073593315,0
62371,1.01620832416,0
62372,0.853305036575,0
62373,1.15386624118,0
62374,0.864994846754,0
62375,0.751731908766,0
62376,1.0119071166,0
62377,1.09568899033,0
62378,0.798470783414,0
62379,0.996776057403,0
62380,0.792751547026,0
62381,0.947978226483,0
62382,0.876834460214,0
62383,0.460023317681,0
62384,0.754931490986,0
62385,0.801306187875,0
62386,0.374961959587,0
62387,0.332372898617,0
62388,0.648553454329,0
62389,0.626241358507,0
62390,0.313427291773,0
62391,0.338971792143,0
62392,0.102420672319,0
62393,0.121617980715,0
62394,0.372785332946,0
62395,0.373275436616,0
62396,0.19940229114,0
62397,0.280882465984,0
62398,-0.0926688603006,0
62399,0.200047038909,0
62400,-0.303493975855,0
62401,-0.237771681319,0
62402,-0.0235106850574,0
62403,-0.221023466593,0
62404,-0.398188895411,0
62405,-0.548838819502,0
62406,-0.2728749628,0
62407,-0.639906432632,0
62408,-0.5686585528,0
62409,-0.526971097379,0
62410,-0.385305145813,0
62411,-0.640786145206,0
62412,-0.554422320923,0
62413,-0.774340043018,0
62414,-0.879450198342,0
62415,-0.603553706781,0
62416,-0.851680272394,0
62417,-1.06553946087,0
62418,-1.06115367473,0
62419,-0.895216498657,0
62420,-0.783017895821,0
62421,-1.1495793583,0
62422,-1.05050668938,0
62423,-1.28045021043,0
62424,-1.31256280759,0
62425,-0.962574970361,0
62426,-1.02615365434,0
62427,-0.98537354946,0
62428,-1.05725259865,0
62429,-1.09314113131,0
62430,-1.28426499561,0
62431,-1.40160008774,0
62432,-1.41076129757,0
62433,-1.19618742989,0
62434,-1.57609031763,0
62435,-1.59728788073,0
62436,-1.20235442699,0
62437,-1.49442493653,0
62438,-1.55041217022,0
62439,-1.6569802508,0
62440,-1.68244582809,0
62441,-1.27882925984,0
62442,-1.65082758482,0
62443,-1.69403014287,0
62444,-1.4107390053,0
62445,-1.39099502717,0
62446,-1.50159534784,0
62447,-1.37345810037,0
62448,-1.5752846074,0
62449,-1.71313918491,0
62450,-1.58388943923,0
62451,-1.33150876702,0
62452,-1.74760409109,0
62453,-1.60212480914,0
62454,-1.71907408552,0
62455,-1.4598933424,0
62456,-1.7216130328,0
62457,-1.33034620459,0
62458,-1.44786756076,0
62459,-1.60041006563,0
62460,-1.67793160274,0
62461,-1.3609161767,0
62462,-1.24321924337,0
62463,-1.23128805328,0
62464,-1.25507305468,0
62465,-1.28031582671,0
62466,-1.42291654336,0
62467,-1.25173408804,0
62468,-1.12893718896,0
62469,-1.3396666666,0
62470,-1.4388557317,0
62471,-1.12184502638,0
62472,-1.09659986155,0
62473,-1.09674109888,0
62474,-1.25204974049,0
62475,-1.31730665419,0
62476,-1.09711589057,0
62477,-1.07068239581,0
62478,-0.942483617609,0
62479,-1.07814649736,0
62480,-1.14978023102,0
62481,-1.12128030221,0
62482,-0.711422573698,0
62483,-0.654954391816,0
62484,-1.00035277272,0
62485,-0.550424777564,0
62486,-0.609725012379,0
62487,-0.474160893032,0
62488,-0.517064989076,0
62489,-0.393033969336,0
62490,-0.37345084915,0
62491,-0.71826762487,0
62492,-0.499274345514,0
62493,-0.406546411489,0
62494,-0.569125876782,0
62495,-0.446730370681,0
62496,-0.504394693942,0
62497,-0.152765752825,0
62498,-0.0197319594286,0
62499,-0.149939757042,0
62500,-0.268071537485,0
62501,-0.0352619237376,0
62502,-0.0141342907309,0
62503,-0.131027571789,0
62504,-0.125804432257,0
62505,0.22744999388,0
62506,0.339946483515,0
62507,0.0554939514381,0
62508,0.431268475551,0
62509,0.0627419149748,0
62510,0.517525061087,0
62511,0.269337960314,0
62512,0.400549557663,0
62513,0.295853232483,0
62514,0.47771989474,0
62515,0.597806108058,0
62516,0.704820744682,0
62517,0.429240734021,0
62518,0.801461381465,0
62519,0.571680501322,0
62520,0.590112426458,0
62521,0.56945563843,0
62522,0.843421239097,0
62523,0.649074318787,0
62524,0.678980479245,0
62525,0.69775022705,0
62526,0.761403549683,0
62527,0.88141063802,0
62528,1.15237081319,0
62529,1.00556612234,0
62530,0.881582903765,0
62531,1.22478004599,0
62532,1.20777915293,0
62533,0.899062561539,0
62534,1.19555385499,0
62535,1.32930592662,0
62536,1.33143128867,0
62537,1.03155599563,0
62538,1.37967471076,0
62539,1.02599187359,0
62540,1.3555838967,0
62541,1.41827895113,0
62542,1.24888478268,0
62543,1.27457958807,0
62544,1.0506562962,0
62545,1.13614496994,0
62546,1.46153669072,0
62547,1.39976057869,0
62548,1.32307413274,0
62549,1.05980535835,0
62550,1.07724497289,0
62551,1.31569336218,0
62552,1.45170478814,0
62553,1.37841538631,0
62554,1.24323766242,0
62555,1.20949161659,0
62556,1.2829645355,0
62557,1.25026331985,0
62558,1.16631625003,0
62559,0.98658067868,0
62560,1.22834571956,0
62561,0.95995515324,0
62562,1.12716984936,0
62563,0.927031479204,0
62564,1.22841247061,0
62565,0.935702923926,0
62566,1.13603671343,0
62567,0.928969785434,0
62568,0.930859765653,0
62569,1.13736594406,0
62570,0.774584921906,0
62571,0.882719652751,0
62572,0.719816365166,0
62573,1.02037756977,0
62574,0.731506175345,0
62575,0.618243237357,0
62576,0.878418445191,0
62577,0.962200318926,0
62578,0.664982112005,0
62579,0.863287385994,0
62580,0.659262875616,0
62581,0.814489555074,0
62582,0.743345788805,0
62583,0.326534646272,0
62584,0.621442819577,0
62585,0.667817516466,0
62586,0.241473288178,0
62587,0.198884227208,0
62588,0.51506478292,0
62589,0.492752687097,0
62590,0.179938620364,0
62591,0.205483120734,0
62592,-0.0310679990897,0
62593,-0.0118706906944,0
62594,0.239296661537,0
62595,0.239786765207,0
62596,0.0659136197312,0
62597,0.147393794575,0
62598,-0.22615753171,0
62599,0.0665583675001,0
62600,-0.226345318454,0
62601,-0.160623023918,0
62602,0.0536379723441,0
62603,-0.143874809192,0
62604,-0.32104023801,0
62605,-0.471690162101,0
62606,-0.195726305398,0
62607,-0.562757775231,0
62608,-0.491509895399,0
62609,-0.449822439977,0
62610,-0.308156488412,0
62611,-0.563637487804,0
62612,-0.477273663521,0
62613,-0.697191385617,0
62614,-0.80230154094,0
62615,-0.526405049379,0
62616,-0.774531614993,0
62617,-0.988390803468,0
62618,-0.984005017324,0
62619,-0.818067841256,0
62620,-0.70586923842,0
62621,-1.0724307009,0
62622,-0.973358031983,0
62623,-1.20330155303,0
62624,-1.23541415019,0
62625,-0.885426312959,0
62626,-0.949004996937,0
62627,-0.908224892059,0
62628,-0.980103941253,0
62629,-1.01599247391,0
62630,-1.20711633821,0
62631,-1.32445143034,0
62632,-1.33361264016,0
62633,-1.11903877249,0
62634,-1.49894166023,0
62635,-1.52013922333,0
62636,-1.12520576959,0
62637,-1.41727627913,0
62638,-1.47326351282,0
62639,-1.5798315934,0
62640,-1.60529717069,0
62641,-1.20168060244,0
62642,-1.57367892742,0
62643,-1.61688148547,0
62644,-1.3335903479,0
62645,-1.31384636977,0
62646,-1.42444669044,0
62647,-1.29630944297,0
62648,-1.49813595,0
62649,-1.63599052751,0
62650,-1.50674078183,0
62651,-1.25436010962,0
62652,-1.67045543369,0
62653,-1.52497615174,0
62654,-1.64192542812,0
62655,-1.382744685,0
62656,-1.6444643754,0
62657,-1.25319754719,0
62658,-1.37071890336,0
62659,-1.52326140823,0
62660,-1.60078294533,0
62661,-1.2837675193,0
62662,-1.16607058597,0
62663,-1.15413939588,0
62664,-1.17792439728,0
62665,-1.20316716931,0
62666,-1.34576788596,0
62667,-1.17458543064,0
62668,-1.05178853155,0
62669,-1.2625180092,0
62670,-1.3617070743,0
62671,-1.04469636898,0
62672,-1.01945120415,0
62673,-1.01959244148,0
62674,-1.17490108309,0
62675,-1.24015799679,0
62676,-1.01996723317,0
62677,-0.993533738406,0
62678,-0.865334960207,0
62679,-1.00099783996,0
62680,-1.07263157362,0
62681,-1.04413164481,0
62682,-0.634273916297,0
62683,-0.577805734414,0
62684,-0.923204115323,0
62685,-0.473276120162,0
62686,-0.532576354977,0
62687,-0.39701223563,0
62688,-0.439916331675,0
62689,-0.315885311935,0
62690,-0.296302191748,0
62691,-0.641118967468,0
62692,-0.422125688113,0
62693,-0.329397754087,0
62694,-0.49197721938,0
62695,-0.369581713279,0
62696,-0.42724603654,0
62697,-0.0756170954238,0
62698,0.0574166979728,0
62699,-0.0727910996401,0
62700,-0.190922880084,0
62701,0.0418867336638,0
62702,0.0630143666706,0
62703,-0.0538789143878,0
62704,-0.0486557748558,0
62705,0.304598651282,0
62706,0.417095140916,0
62707,0.13264260884,0
62708,0.508417132952,0
62709,0.139890572376,0
62710,0.594673718489,0
62711,0.346486617716,0
62712,0.477698215065,0
62713,0.373001889885,0
62714,0.554868552141,0
62715,0.67495476546,0
62716,0.781969402084,0
62717,0.506389391422,0
62718,0.878610038867,0
62719,0.648829158724,0
62720,0.66726108386,0
62721,0.646604295831,0
62722,0.920569896498,0
62723,0.726222976188,0
62724,0.756129136647,0
62725,0.774898884452,0
62726,0.838552207084,0
62727,0.958559295421,0
62728,1.22951947059,0
62729,1.08271477974,0
62730,0.958731561167,0
62731,1.30192870339,0
62732,1.28492781033,0
62733,0.97621121894,0
62734,1.27270251239,0
62735,1.40645458402,0
62736,1.40857994607,0
62737,1.10870465304,0
62738,1.45682336816,0
62739,1.103140531,0
62740,1.4327325541,0
62741,1.49542760853,0
62742,1.32603344008,0
62743,1.35172824547,0
62744,1.1278049536,0
62745,1.21329362734,0
62746,1.53868534812,0
62747,1.47690923609,0
62748,1.40022279014,0
62749,1.13695401575,0
62750,1.15439363029,0
62751,1.39284201958,0
62752,1.52885344554,0
62753,1.45556404371,0
62754,1.32038631982,0
62755,1.28664027399,0
62756,1.3601131929,0
62757,1.32741197725,0
62758,1.24346490744,0
62759,1.06372933608,0
62760,1.30549437697,0
62761,1.03710381064,0
62762,1.20431850676,0
62763,1.00418013661,0
62764,1.30556112801,0
62765,1.01285158133,0
62766,1.21318537083,0
62767,1.00611844284,0
62768,1.00800842305,0
62769,1.21451460146,0
62770,0.851733579307,0
62771,0.959868310152,0
62772,0.796965022568,0
62773,1.09752622717,0
62774,0.808654832746,0
62775,0.695391894758,0
62776,0.955567102592,0
62777,1.03934897633,0
62778,0.742130769406,0
62779,0.940436043396,0
62780,0.736411533018,0
62781,0.891638212475,0
62782,0.820494446207,0
62783,0.403683303673,0
62784,0.698591476979,0
62785,0.744966173868,0
62786,0.31862194558,0
62787,0.276032884609,0
62788,0.592213440321,0
62789,0.569901344499,0
62790,0.257087277765,0
62791,0.282631778136,0
62792,0.0460806583117,0
62793,0.065277966707,0
62794,0.316445318939,0
62795,0.316935422608,0
62796,0.143062277133,0
62797,0.224542451976,0
62798,-0.149008874308,0
62799,0.143707024902,0
62800,-0.147947598432,0
62801,-0.0822253038959,0
62802,0.132035692366,0
62803,-0.0654770891697,0
62804,-0.242642517988,0
62805,-0.393292442079,0
62806,-0.117328585376,0
62807,-0.484360055209,0
62808,-0.413112175377,0
62809,-0.371424719955,0
62810,-0.22975876839,0
62811,-0.485239767782,0
62812,-0.3988759435,0
62813,-0.618793665595,0
62814,-0.723903820918,0
62815,-0.448007329358,0
62816,-0.696133894971,0
62817,-0.909993083446,0
62818,-0.905607297302,0
62819,-0.739670121234,0
62820,-0.627471518398,0
62821,-0.994032980876,0
62822,-0.894960311961,0
62823,-1.12490383301,0
62824,-1.15701643016,0
62825,-0.807028592937,0
62826,-0.870607276915,0
62827,-0.829827172037,0
62828,-0.901706221231,0
62829,-0.937594753885,0
62830,-1.12871861819,0
62831,-1.24605371032,0
62832,-1.25521492014,0
62833,-1.04064105247,0
62834,-1.4205439402,0
62835,-1.44174150331,0
62836,-1.04680804957,0
62837,-1.33887855911,0
62838,-1.3948657928,0
62839,-1.50143387337,0
62840,-1.52689945067,0
62841,-1.12328288242,0
62842,-1.49528120739,0
62843,-1.53848376544,0
62844,-1.25519262788,0
62845,-1.23544864974,0
62846,-1.34604897042,0
62847,-1.21791172295,0
62848,-1.41973822998,0
62849,-1.55759280749,0
62850,-1.4283430618,0
62851,-1.1759623896,0
62852,-1.59205771367,0
62853,-1.44657843172,0
62854,-1.5635277081,0
62855,-1.30434696498,0
62856,-1.56606665537,0
62857,-1.17479982717,0
62858,-1.29232118334,0
62859,-1.44486368821,0
62860,-1.52238522531,0
62861,-1.20536979928,0
62862,-1.08767286595,0
62863,-1.07574167586,0
62864,-1.09952667726,0
62865,-1.12476944929,0
62866,-1.26737016594,0
62867,-1.09618771062,0
62868,-0.973390811532,0
62869,-1.18412028918,0
62870,-1.28330935427,0
62871,-0.966298648958,0
62872,-0.941053484126,0
62873,-0.941194721454,0
62874,-1.09650336306,0
62875,-1.16176027677,0
62876,-0.941569513144,0
62877,-0.915136018384,0
62878,-0.786937240186,0
62879,-0.922600119937,0
62880,-0.994233853596,0
62881,-0.965733924789,0
62882,-0.555876196275,0
62883,-0.499408014392,0
62884,-0.844806395301,0
62885,-0.394878400141,0
62886,-0.454178634955,0
62887,-0.318614515608,0
62888,-0.361518611653,0
62889,-0.237487591913,0
62890,-0.217904471727,0
62891,-0.562721247446,0
62892,-0.343727968091,0
62893,-0.251000034066,0
62894,-0.413579499358,0
62895,-0.291183993257,0
62896,-0.348848316518,0
62897,0.00278062459806,0
62898,0.135814417995,0
62899,0.00560662038177,0
62900,-0.112525160062,0
62901,0.120284453686,0
62902,0.141412086692,0
62903,0.0245188056341,0
62904,0.0297419451661,0
62905,0.382996371304,0
62906,0.495492860938,0
62907,0.211040328861,0
62908,0.586814852974,0
62909,0.218288292398,0
62910,0.673071438511,0
62911,0.424884337738,0
62912,0.556095935087,0
62913,0.451399609907,0
62914,0.633266272163,0
62915,0.753352485482,0
62916,0.860367122106,0
62917,0.584787111444,0
62918,0.957007758889,0
62919,0.727226878745,0
62920,0.745658803882,0
62921,0.725002015853,0
62922,0.99896761652,0
62923,0.80462069621,0
62924,0.834526856669,0
62925,0.853296604474,0
62926,0.916949927106,0
62927,1.03695701544,0
62928,1.30791719061,0
62929,1.16111249976,0
62930,1.03712928119,0
62931,1.38032642341,0
62932,1.36332553035,0
62933,1.05460893896,0
62934,1.35110023242,0
62935,1.48485230404,0
62936,1.48697766609,0
62937,1.41998580276,1
62938,1.42045047242,1
62939,1.41772073472,1
62940,1.41180279158,1
62941,1.40271008852,1
62942,1.39046328407,1
62943,1.37509020285,1
62944,1.35662577237,1
62945,1.33511194363,1
62946,1.31059759585,1
62947,1.28313842539,1
62948,1.25279681924,1
62949,1.21964171322,1
62950,1.18374843544,1
62951,1.14519853507,1
62952,1.10407959713,1
62953,1.06048504345,1
62954,1.01451392044,1
62955,0.966270674076,1
62956,0.915864912541,1
62957,0.863411157252,1
62958,0.809028582646,1
62959,0.752840745416,1
62960,0.694975303798,1
62961,0.635563727528,1
62962,0.574740999145,1
62963,0.512645307312,1
62964,0.449417732854,1
62965,0.385201928222,1
62966,0.320143791115,1
62967,0.254391133007,1
62968,0.188093343315,1
62969,0.121401049989,1
62970,0.0544657772884,1
62971,-0.0125603984798,1
62972,-0.0795251944785,1
62973,-0.146276467325,1
62974,-0.212662558759,1
62975,-0.278532640208,1
62976,-0.343737055471,1
62977,-0.408127660733,1
62978,-0.471558161148,1
62979,-0.53388444322,1
62980,-0.594964902224,1
62981,-0.654660763937,1
62982,-0.712836399925,1
62983,-0.769359635693,1
62984,-0.824102050985,1
62985,-0.876939271551,1
62986,-0.927751251726,1
62987,-0.976422547171,1
62988,-1.02284257716,1
62989,-1.06690587584,1
62990,-1.10851233179,1
62991,-1.14756741555,1
62992,-1.18398239433,1
62993,-1.21767453366,1
62994,-1.2485672853,1
62995,-1.27659046121,1
62996,-1.30168039302,1
62997,-1.32378007662,1
62998,-1.34283930175,1
62999,-1.35881476603,1
63000,-1.5265735229,1
63001,-1.5362796659,1
63002,-1.54281449232,1
63003,-1.54616315509,1
63004,-1.54631804608,1
63005,-1.54327881338,1
63006,-1.5370523621,1
63007,-1.52765283868,1
63008,-1.51510159874,1
63009,-1.49942715859,1
63010,-1.4806651304,1
63011,-1.45885814132,1
63012,-1.43405573663,1
63013,-1.40631426716,1
63014,-1.37569676125,1
63015,-1.34227278161,1
63016,-1.30611826718,1
63017,-1.26731536069,1
63018,-1.22595222197,1
63019,-1.18212282768,1
63020,-1.13592675779,1
63021,-1.08746896934,1
63022,-1.03685955796,1
63023,-0.98421350776,1
63024,-0.92965043006,1
63025,-0.873294291659,1
63026,-0.815273133172,1
63027,-0.755718778121,1
63028,-0.694766533438,1
63029,-0.632554882046,1
63030,-0.569225168227,1
63031,-0.504921276494,1
63032,-0.439789304679,1
63033,-0.373977232007,1
63034,-0.307634582883,1
63035,-0.24091208718,1
63036,-0.173961337775,1
63037,-0.106934446138,1
63038,-0.0399836967333,1
63039,0.0267387989704,1
63040,0.093081448094,1
63041,0.158893520766,1
63042,0.224025492581,1
63043,0.288329384314,1
63044,0.351659098133,1
63045,0.413870749525,1
63046,0.474822994208,1
63047,0.534377349259,1
63048,0.592398507746,1
63049,0.648754646147,1
63050,0.703317723847,1
63051,0.755963774051,1
63052,0.80657318543,1
63053,0.855030973882,1
63054,0.901227043768,1
63055,0.945056438055,1
63056,0.986419576774,1
63057,1.02522248327,1
63058,1.06137699769,1
63059,1.09480097734,1
63060,1.12541848324,1
63061,1.15315995272,1
63062,1.17796235741,1
63063,1.19976934649,1
63064,1.21853137468,1
63065,1.23420581483,1
63066,1.24675705477,1
63067,1.25615657819,1
63068,1.26238302947,1
63069,1.26542226217,1
63070,1.26526737118,1
63071,1.26191870841,1
63072,1.25538388199,1
63073,1.24567773898,1
63074,1.23282233166,1
63075,1.21684686738,1
63076,1.19778764225,1
63077,1.17568795865,1
63078,1.15059802684,1
63079,1.12257485093,1
63080,1.09168209928,1
63081,1.05798995996,1
63082,1.02157498118,1
63083,0.982519897416,1
63084,0.940913441464,1
63085,0.896850142792,1
63086,0.850430112799,1
63087,0.801758817354,1
63088,0.75094683718,1
63089,0.698109616614,1
63090,0.643367201322,1
63091,0.586843965553,1
63092,0.528668329566,1
63093,0.468972467853,1
63094,0.407892008848,1
63095,0.345565726776,1
63096,0.282135226361,1
63097,0.217744621099,1
63098,0.152540205836,1
63099,0.0866701243869,1
63100,0.0202840329532,1
63101,-0.0464672398932,1
63102,-0.113432035892,1
63103,-0.18045821166,1
63104,-0.24739348436,1
63105,-0.314085777687,1
63106,-0.380383567379,1
63107,-0.446136225487,1
63108,-0.511194362593,1
63109,-0.575410167226,1
63110,-0.638637741684,1
63111,-0.700733433517,1
63112,-0.7615561619,1
63113,-0.82096773817,1
63114,-0.878833179788,1
63115,-0.935021017017,1
63116,-0.989403591624,1
63117,-1.04185734691,1
63118,-1.09226310845,1
63119,-1.14050635482,1
63120,-1.18647747782,1
63121,-1.2300720315,1
63122,-1.27119096944,1
63123,-1.30974086981,1
63124,-1.34563414759,1
63125,-1.37878925361,1
63126,-1.40913085977,1
63127,-1.43659003022,1
63128,-1.461104378,1
63129,-1.48261820674,1
63130,-1.50108263722,1
63131,-1.51645571844,1
63132,-1.52870252289,1
63133,-1.53779522595,1
63134,-1.54371316909,1
63135,-1.54644290679,1
63136,-1.54597823713,1
63137,1.03219902352,0
63138,1.38031773864,0
63139,1.02663490148,0
63140,1.35622692458,0
63141,1.41892197901,0
63142,1.24952781057,0
63143,1.27522261595,0
63144,1.05129932408,0
63145,1.13678799782,0
63146,1.4621797186,0
63147,1.40040360657,0
63148,1.32371716062,0
63149,1.06044838623,0
63150,1.07788800077,0
63151,1.31633639007,0
63152,1.45234781602,0
63153,1.37905841419,0
63154,1.2438806903,0
63155,1.21013464447,0
63156,1.28360756338,0
63157,1.25090634773,0
63158,1.16695927792,0
63159,0.987223706562,0
63160,1.22898874745,0
63161,0.960598181122,0
63162,1.12781287725,0
63163,0.927674507086,0
63164,1.22905549849,0
63165,0.936345951809,0
63166,1.13667974131,0
63167,0.929612813316,0
63168,0.931502793535,0
63169,1.13800897195,0
63170,0.775227949788,0
63171,0.883362680633,0
63172,0.720459393048,0
63173,1.02102059765,0
63174,0.732149203227,0
63175,0.618886265239,0
63176,0.879061473073,0
63177,0.962843346808,0
63178,0.665625139887,0
63179,0.863930413876,0
63180,0.659905903499,0
63181,0.815132582956,0
63182,0.743988816687,0
63183,0.327177674154,0
63184,0.622085847459,0
63185,0.668460544348,0
63186,0.24211631606,0
63187,0.19952725509,0
63188,0.515707810802,0
63189,0.49339571498,0
63190,0.180581648246,0
63191,0.206126148616,0
63192,-0.0304249712076,0
63193,-0.0112276628123,0
63194,0.239939689419,0
63195,0.240429793089,0
63196,0.0665566476133,0
63197,0.148036822457,0
63198,-0.225514503828,0
63199,0.0672013953822,0
63200,-0.165827255263,0
63201,-0.100104960727,0
63202,0.114156035535,0
63203,-0.0833567460005,0
63204,-0.260522174819,0
63205,-0.41117209891,0
63206,-0.135208242207,0
63207,-0.50223971204,0
63208,-0.430991832208,0
63209,-0.389304376786,0
63210,-0.247638425221,0
63211,-0.503119424613,0
63212,-0.41675560033,0
63213,-0.636673322426,0
63214,-0.741783477749,0
63215,-0.465886986188,0
63216,-0.714013551801,0
63217,-0.927872740277,0
63218,-0.923486954133,0
63219,-0.757549778065,0
63220,-0.645351175229,0
63221,-1.01191263771,0
63222,-0.912839968792,0
63223,-1.14278348984,0
63224,-1.174896087,0
63225,-0.824908249768,0
63226,-0.888486933746,0
63227,-0.847706828868,0
63228,-0.919585878062,0
63229,-0.955474410716,0
63230,-1.14659827502,0
63231,-1.26393336715,0
63232,-1.27309457697,0
63233,-1.0585207093,0
63234,-1.43842359704,0
63235,-1.45962116014,0
63236,-1.0646877064,0
63237,-1.35675821594,0
63238,-1.41274544963,0
63239,-1.51931353021,0
63240,-1.5447791075,0
63241,-1.14116253925,0
63242,-1.51316086422,0
63243,-1.55636342227,0
63244,-1.27307228471,0
63245,-1.25332830658,0
63246,-1.36392862725,0
63247,-1.23579137978,0
63248,-1.43761788681,0
63249,-1.57547246432,0
63250,-1.44622271863,0
63251,-1.19384204643,0
63252,-1.6099373705,0
63253,-1.46445808855,0
63254,-1.58140736493,0
63255,-1.32222662181,0
63256,-1.5839463122,0
63257,-1.192679484,0
63258,-1.31020084017,0
63259,-1.46274334504,0
63260,-1.54026488214,0
63261,-1.22324945611,0
63262,-1.10555252278,0
63263,-1.09362133269,0
63264,-1.11740633409,0
63265,-1.14264910612,0
63266,-1.28524982277,0
63267,-1.11406736745,0
63268,-0.991270468363,0
63269,-1.20199994601,0
63270,-1.30118901111,0
63271,-0.984178305789,0
63272,-0.958933140957,0
63273,-0.959074378285,0
63274,-1.1143830199,0
63275,-1.1796399336,0
63276,-0.959449169975,0
63277,-0.933015675215,0
63278,-0.804816897016,0
63279,-0.940479776768,0
63280,-1.01211351043,0
63281,-0.98361358162,0
63282,-0.573755853106,0
63283,-0.517287671223,0
63284,-0.862686052132,0
63285,-0.412758056971,0
63286,-0.472058291786,0
63287,-0.336494172439,0
63288,-0.379398268484,0
63289,-0.255367248744,0
63290,-0.235784128557,0
63291,-0.580600904277,0
63292,-0.361607624922,0
63293,-0.268879690896,0
63294,-0.431459156189,0
63295,-0.309063650088,0
63296,-0.366727973349,0
63297,-0.0150990322328,0
63298,0.117934761164,0
63299,-0.0122730364491,0
63300,-0.130404816893,0
63301,0.102404796855,0
63302,0.123532429862,0
63303,0.00663914880324,0
63304,0.0118622883352,0
63305,0.365116714473,0
63306,0.477613204107,0
63307,0.193160672031,0
63308,0.568935196143,0
63309,0.200408635567,0
63310,0.65519178168,0
63311,0.407004680907,0
63312,0.538216278256,0
63313,0.433519953076,0
63314,0.615386615332,0
63315,0.735472828651,0
63316,0.842487465275,0
63317,0.566907454613,0
63318,0.939128102058,0
63319,0.709347221915,0
63320,0.727779147051,0
63321,0.707122359022,0
63322,0.981087959689,0
63323,0.786741039379,0
63324,0.816647199838,0
63325,0.835416947643,0
63326,0.899070270275,0
63327,1.01907735861,0
63328,1.29003753378,0
63329,1.14323284293,0
63330,1.01924962436,0
63331,1.36244676658,0
63332,1.34544587352,0
63333,1.03672928213,0
63334,1.33322057558,0
63335,1.46697264721,0
63336,1.46909800926,0
63337,1.16922271623,0
63338,1.51734143135,0
63339,1.16365859419,0
63340,1.49325061729,0
63341,1.55594567172,0
63342,1.38655150328,0
63343,1.41224630866,0
63344,1.18832301679,0
63345,1.27381169053,0
63346,1.59920341131,0
63347,1.53742729928,0
63348,1.46074085333,0
63349,1.19747207894,0
63350,1.21491169348,0
63351,1.45336008278,0
63352,1.58937150873,0
63353,1.5160821069,0
63354,1.38090438301,0
63355,1.34715833719,0
63356,1.4206312561,0
63357,1.38793004044,0
63358,1.30398297063,0
63359,1.12424739927,0
63360,1.36601244016,0
63361,1.09762187383,0
63362,1.26483656996,0
63363,1.0646981998,0
63364,1.3660791912,0
63365,1.07336964452,0
63366,1.27370343402,0
63367,1.06663650603,0
63368,1.06852648625,0
63369,1.27503266466,0
63370,0.912251642498,0
63371,1.02038637334,0
63372,0.857483085759,0
63373,1.15804429036,0
63374,0.869172895937,0
63375,0.75590995795,0
63376,1.01608516578,0
63377,1.09986703952,0
63378,0.802648832598,0
63379,1.00095410659,0
63380,0.796929596209,0
63381,0.952156275666,0
63382,0.881012509398,0
63383,0.464201366864,0
63384,0.75910954017,0
63385,0.805484237059,0
63386,0.379140008771,0
63387,0.3365509478,0
63388,0.652731503512,0
63389,0.63041940769,0
63390,0.317605340956,0
63391,0.343149841327,0
63392,0.106598721503,0
63393,0.125796029898,0
63394,0.37696338213,0
63395,0.377453485799,0
63396,0.203580340324,0
63397,0.285060515167,0
63398,-0.0884908111173,0
63399,0.204225088093,0
63400,-0.223138883313,0
63401,-0.157416588776,0
63402,0.0568444074856,0
63403,-0.14066837405,0
63404,-0.317833802868,0
63405,-0.468483726959,0
63406,-0.192519870257,0
63407,-0.559551340089,0
63408,-0.488303460257,0
63409,-0.446616004836,0
63410,-0.30495005327,0
63411,-0.560431052663,0
63412,-0.47406722838,0
63413,-0.693984950476,0
63414,-0.799095105799,0
63415,-0.523198614238,0
63416,-0.771325179851,0
63417,-0.985184368327,0
63418,-0.980798582182,0
63419,-0.814861406114,0
63420,-0.702662803278,0
63421,-1.06922426576,0
63422,-0.970151596842,0
63423,-1.20009511789,0
63424,-1.23220771505,0
63425,-0.882219877818,0
63426,-0.945798561795,0
63427,-0.905018456917,0
63428,-0.976897506112,0
63429,-1.01278603877,0
63430,-1.20390990307,0
63431,-1.3212449952,0
63432,-1.33040620502,0
63433,-1.11583233735,0
63434,-1.49573522509,0
63435,-1.51693278819,0
63436,-1.12199933445,0
63437,-1.41406984399,0
63438,-1.47005707768,0
63439,-1.57662515825,0
63440,-1.60209073555,0
63441,-1.1984741673,0
63442,-1.57047249227,0
63443,-1.61367505032,0
63444,-1.33038391276,0
63445,-1.31063993463,0
63446,-1.4212402553,0
63447,-1.29310300783,0
63448,-1.49492951486,0
63449,-1.63278409237,0
63450,-1.50353434668,0
63451,-1.25115367448,0
63452,-1.66724899855,0
63453,-1.5217697166,0
63454,-1.63871899298,0
63455,-1.37953824986,0
63456,-1.64125794025,0
63457,-1.24999111205,0
63458,-1.36751246822,0
63459,-1.52005497309,0
63460,-1.59757651019,0
63461,-1.28056108416,0
63462,-1.16286415083,0
63463,-1.15093296074,0
63464,-1.17471796214,0
63465,-1.19996073417,0
63466,-1.34256145082,0
63467,-1.1713789955,0
63468,-1.04858209641,0
63469,-1.25931157406,0
63470,-1.35850063915,0
63471,-1.04148993384,0
63472,-1.01624476901,0
63473,-1.01638600633,0
63474,-1.17169464794,0
63475,-1.23695156165,0
63476,-1.01676079802,0
63477,-0.990327303264,0
63478,-0.862128525066,0
63479,-0.997791404818,0
63480,-1.06942513848,0
63481,-1.04092520967,0
63482,-0.631067481155,0
63483,-0.574599299273,0
63484,-0.919997680181,0
63485,-0.470069685021,0
63486,-0.529369919836,0
63487,-0.393805800489,0
63488,-0.436709896533,0
63489,-0.312678876794,0
63490,-0.293095756607,0
63491,-0.637912532327,0
63492,-0.418919252971,0
63493,-0.326191318946,0
63494,-0.488770784239,0
63495,-0.366375278138,0
63496,-0.424039601399,0
63497,-0.0724106602823,0
63498,0.0606231331143,0
63499,-0.0695846644986,0
63500,-0.187716444942,0
63501,0.0450931688053,0
63502,0.0662208018121,0
63503,-0.0506724792463,0
63504,-0.0454493397143,0
63505,0.307805086423,0
63506,0.420301576058,0
63507,0.135849043981,0
63508,0.511623568094,0
63509,0.143097007518,0
63510,0.59788015363,0
63511,0.349693052857,0
63512,0.480904650206,0
63513,0.376208325026,0
63514,0.558074987283,0
63515,0.678161200601,0
63516,0.785175837225,0
63517,0.509595826564,0
63518,0.881816474008,0
63519,0.652035593865,0
63520,0.670467519001,0
63521,0.649810730973,0
63522,0.92377633164,0
63523,0.72942941133,0
63524,0.759335571788,0
63525,0.778105319593,0
63526,0.841758642225,0
63527,0.961765730563,0
63528,1.23272590573,0
63529,1.08592121488,0
63530,0.961937996308,0
63531,1.30513513853,0
63532,1.28813424547,0
63533,0.979417654082,0
63534,1.27590894753,0
63535,1.40966101916,0
63536,1.41178638121,0
63537,1.11191108818,0
63538,1.4600298033,0
63539,1.10634696614,0
63540,1.43593898924,0
63541,1.49863404367,0
63542,1.32923987523,0
63543,1.35493468061,0
63544,1.13101138874,0
63545,1.21650006248,0
63546,1.54189178326,0
63547,1.48011567123,0
63548,1.40342922528,0
63549,1.1401604509,0
63550,1.15760006543,0
63551,1.39604845473,0
63552,1.53205988068,0
63553,1.45877047885,0
63554,1.32359275496,0
63555,1.28984670914,0
63556,1.36331962805,0
63557,1.33061841239,0
63558,1.24667134258,0
63559,1.06693577122,0
63560,1.30870081211,0
63561,1.04031024578,0
63562,1.20752494191,0
63563,1.00738657175,0
63564,1.30876756315,0
63565,1.01605801647,0
63566,1.21639180597,0
63567,1.00932487798,0
63568,1.0112148582,0
63569,1.21772103661,0
63570,0.854940014449,0
63571,0.963074745294,0
63572,0.800171457709,0
63573,1.10073266231,0
63574,0.811861267888,0
63575,0.6985983299,0
63576,0.958773537734,0
63577,1.04255541147,0
63578,0.745337204548,0
63579,0.943642478537,0
63580,0.739617968159,0
63581,0.894844647617,0
63582,0.823700881348,0
63583,0.406889738814,0
63584,0.70179791212,0
63585,0.748172609009,0
63586,0.321828380721,0
63587,0.279239319751,0
63588,0.595419875463,0
63589,0.57310777964,0
63590,0.260293712907,0
63591,0.285838213277,0
63592,0.0492870934532,0
63593,0.0684844018486,0
63594,0.31965175408,0
63595,0.32014185775,0
63596,0.146268712274,0
63597,0.227748887118,0
63598,-0.145802439167,0
63599,0.146913460043,0
63600,-0.207580002239,0
63601,-0.141857707703,0
63602,0.0724032885591,0
63603,-0.125109492976,0
63604,-0.302274921795,0
63605,-0.452924845886,0
63606,-0.176960989183,0
63607,-0.543992459016,0
63608,-0.472744579184,0
63609,-0.431057123762,0
63610,-0.289391172197,0
63611,-0.544872171589,0
63612,-0.458508347306,0
63613,-0.678426069402,0
63614,-0.783536224725,0
63615,-0.507639733164,0
63616,-0.755766298777,0
63617,-0.969625487253,0
63618,-0.965239701109,0
63619,-0.799302525041,0
63620,-0.687103922205,0
63621,-1.05366538468,0
63622,-0.954592715768,0
63623,-1.18453623682,0
63624,-1.21664883397,0
63625,-0.866660996744,0
63626,-0.930239680722,0
63627,-0.889459575844,0
63628,-0.961338625038,0
63629,-0.997227157692,0
63630,-1.188351022,0
63631,-1.30568611413,0
63632,-1.31484732395,0
63633,-1.10027345627,0
63634,-1.48017634401,0
63635,-1.50137390711,0
63636,-1.10644045337,0
63637,-1.39851096292,0
63638,-1.4544981966,0
63639,-1.56106627718,0
63640,-1.58653185448,0
63641,-1.18291528622,0
63642,-1.5549136112,0
63643,-1.59811616925,0
63644,-1.31482503168,0
63645,-1.29508105355,0
63646,-1.40568137423,0
63647,-1.27754412675,0
63648,-1.47937063378,0
63649,-1.6172252113,0
63650,-1.48797546561,0
63651,-1.2355947934,0
63652,-1.65169011747,0
63653,-1.50621083553,0
63654,-1.62316011191,0
63655,-1.36397936879,0
63656,-1.62569905918,0
63657,-1.23443223097,0
63658,-1.35195358714,0
63659,-1.50449609201,0
63660,-1.58201762912,0
63661,-1.26500220309,0
63662,-1.14730526976,0
63663,-1.13537407966,0
63664,-1.15915908106,0
63665,-1.1844018531,0
63666,-1.32700256974,0
63667,-1.15582011443,0
63668,-1.03302321534,0
63669,-1.24375269298,0
63670,-1.34294175808,0
63671,-1.02593105276,0
63672,-1.00068588793,0
63673,-1.00082712526,0
63674,-1.15613576687,0
63675,-1.22139268058,0
63676,-1.00120191695,0
63677,-0.974768422191,0
63678,-0.846569643992,0
63679,-0.982232523744,0
63680,-1.0538662574,0
63681,-1.0253663286,0
63682,-0.615508600082,0
63683,-0.559040418199,0
63684,-0.904438799108,0
63685,-0.454510803947,0
63686,-0.513811038762,0
63687,-0.378246919415,0
63688,-0.42115101546,0
63689,-0.29711999572,0
63690,-0.277536875533,0
63691,-0.622353651253,0
63692,-0.403360371898,0
63693,-0.310632437872,0
63694,-0.473211903165,0
63695,-0.350816397064,0
63696,-0.408480720325,0
63697,-0.0568517792088,0
63698,0.0761820141879,0
63699,-0.0540257834251,0
63700,-0.172157563869,0
63701,0.0606520498788,0
63702,0.0817796828856,0
63703,-0.0351135981727,0
63704,-0.0298904586408,0
63705,0.323363967497,0
63706,0.435860457131,0
63707,0.151407925055,0
63708,0.527182449167,0
63709,0.158655888591,0
63710,0.613439034704,0
63711,0.365251933931,0
63712,0.49646353128,0
63713,0.3917672061,0
63714,0.573633868356,0
63715,0.693720081675,0
63716,0.800734718299,0
63717,0.525154707637,0
63718,0.897375355082,0
63719,0.667594474939,0
63720,0.686026400075,0
63721,0.665369612046,0
63722,0.939335212713,0
63723,0.744988292403,0
63724,0.774894452862,0
63725,0.793664200667,0
63726,0.857317523299,0
63727,0.977324611636,0
63728,1.2482847868,0
63729,1.10148009595,0
63730,0.977496877382,0
63731,1.32069401961,0
63732,1.30369312655,0
63733,0.994976535156,0
63734,1.29146782861,0
63735,1.42521990023,0
63736,1.42734526228,0
63737,1.12746996925,0
63738,1.47558868437,0
63739,1.12190584721,0
63740,1.45149787032,0
63741,1.51419292475,0
63742,1.3447987563,0
63743,1.37049356169,0
63744,1.14657026982,0
63745,1.23205894355,0
63746,1.55745066433,0
63747,1.49567455231,0
63748,1.41898810636,0
63749,1.15571933197,0
63750,1.17315894651,0
63751,1.4116073358,0
63752,1.54761876176,0
63753,1.47432935992,0
63754,1.33915163604,0
63755,1.30540559021,0
63756,1.37887850912,0
63757,1.34617729347,0
63758,1.26223022365,0
63759,1.0824946523,0
63760,1.32425969318,0
63761,1.05586912686,0
63762,1.22308382298,0
63763,1.02294545282,0
63764,1.32432644423,0
63765,1.03161689754,0
63766,1.23195068705,0
63767,1.02488375905,0
63768,1.02677373927,0
63769,1.23327991768,0
63770,0.870498895522,0
63771,0.978633626367,0
63772,0.815730338783,0
63773,1.11629154339,0
63774,0.827420148961,0
63775,0.714157210974,0
63776,0.974332418807,0
63777,1.05811429254,0
63778,0.760896085622,0
63779,0.959201359611,0
63780,0.755176849233,0
63781,0.910403528691,0
63782,0.839259762422,0
63783,0.422448619888,0
63784,0.717356793194,0
63785,0.763731490083,0
63786,0.337387261795,0
63787,0.294798200824,0
63788,0.610978756536,0
63789,0.588666660714,0
63790,0.27585259398,0
63791,0.301397094351,0
63792,0.0648459745268,0
63793,0.0840432829221,0
63794,0.335210635154,0
63795,0.335700738823,0
63796,0.161827593348,0
63797,0.243307768191,0
63798,-0.130243558093,0
63799,0.162472341117,0
63800,0.0729912328962,0
63801,0.138713527432,0
63802,0.352974523694,0
63803,0.155461742159,0
63804,-0.0217036866598,0
63805,-0.17235361075,0
63806,0.103610245952,0
63807,-0.263421223881,0
63808,-0.192173344049,0
63809,-0.150485888627,0
63810,-0.00881993706148,0
63811,-0.264300936454,0
63812,-0.177937112171,0
63813,-0.397854834267,0
63814,-0.50296498959,0
63815,-0.227068498029,0
63816,-0.475195063642,0
63817,-0.689054252118,0
63818,-0.684668465973,0
63819,-0.518731289906,0
63820,-0.406532687069,0
63821,-0.773094149547,0
63822,-0.674021480633,0
63823,-0.90396500168,0
63824,-0.936077598837,0
63825,-0.586089761609,0
63826,-0.649668445587,0
63827,-0.608888340709,0
63828,-0.680767389903,0
63829,-0.716655922557,0
63830,-0.907779786863,0
63831,-1.02511487899,0
63832,-1.03427608881,0
63833,-0.819702221137,0
63834,-1.19960510888,0
63835,-1.22080267198,0
63836,-0.825869218238,0
63837,-1.11793972778,0
63838,-1.17392696147,0
63839,-1.28049504205,0
63840,-1.30596061934,0
63841,-0.902344051088,0
63842,-1.27434237606,0
63843,-1.31754493412,0
63844,-1.03425379655,0
63845,-1.01450981842,0
63846,-1.12511013909,0
63847,-0.996972891618,0
63848,-1.19879939865,0
63849,-1.33665397616,0
63850,-1.20740423048,0
63851,-0.955023558269,0
63852,-1.37111888234,0
63853,-1.22563960039,0
63854,-1.34258887677,0
63855,-1.08340813365,0
63856,-1.34512782404,0
63857,-0.953860995839,0
63858,-1.07138235201,0
63859,-1.22392485688,0
63860,-1.30144639398,0
63861,-0.98443096795,0
63862,-0.866734034622,0
63863,-0.854802844528,0
63864,-0.87858784593,0
63865,-0.903830617963,0
63866,-1.04643133461,0
63867,-0.875248879291,0
63868,-0.752451980204,0
63869,-0.963181457849,0
63870,-1.06237052295,0
63871,-0.74535981763,0
63872,-0.720114652798,0
63873,-0.720255890126,0
63874,-0.875564531736,0
63875,-0.940821445442,0
63876,-0.720630681816,0
63877,-0.694197187055,0
63878,-0.565998408857,0
63879,-0.701661288609,0
63880,-0.773295022267,0
63881,-0.744795093461,0
63882,-0.334937364946,0
63883,-0.278469183064,0
63884,-0.623867563973,0
63885,-0.173939568812,0
63886,-0.233239803627,0
63887,-0.0976756842801,0
63888,-0.140579780325,0
63889,-0.0165487605849,0
63890,0.00303435960176,0
63891,-0.341782416118,0
63892,-0.122789136762,0
63893,-0.0300612027372,0
63894,-0.19264066803,0
63895,-0.0702451619292,0
63896,-0.12790948519,0
63897,0.223719455926,0
63898,0.356753249323,0
63899,0.22654545171,0
63900,0.108413671267,0
63901,0.341223285014,0
63902,0.362350918021,0
63903,0.245457636962,0
63904,0.250680776494,0
63905,0.603935202632,0
63906,0.716431692266,0
63907,0.43197916019,0
63908,0.807753684303,0
63909,0.439227123726,0
63910,0.894010269839,0
63911,0.645823169066,0
63912,0.777034766415,0
63913,0.672338441235,0
63914,0.854205103492,0
63915,0.97429131681,0
63916,1.08130595343,0
63917,0.805725942772,0
63918,1.17794659022,0
63919,0.948165710074,0
63920,0.96659763521,0
63921,0.945940847181,0
63922,1.21990644785,0
63923,1.02555952754,0
63924,1.055465688,0
63925,1.0742354358,0
63926,1.13788875843,0
63927,1.25789584677,0
63928,1.52885602194,0
63929,1.38205133109,0
63930,1.25806811252,0
63931,1.60126525474,0
63932,1.58426436168,0
63933,1.27554777029,0
63934,1.57203906374,0
63935,1.70579113537,0
63936,1.70791649742,0
63937,1.40804120439,0
63938,1.75615991951,0
63939,1.40247708235,0
63940,1.73206910545,0
63941,1.79476415988,0
63942,1.62536999143,0
63943,1.65106479682,0
63944,1.42714150495,0
63945,1.51263017869,0
63946,1.83802189947,0
63947,1.77624578744,0
63948,1.69955934149,0
63949,1.4362905671,0
63950,1.45373018164,0
63951,1.69217857093,0
63952,1.82818999689,0
63953,1.75490059506,0
63954,1.61972287117,0
63955,1.58597682534,0
63956,1.65944974425,0
63957,1.6267485286,0
63958,1.54280145879,0
63959,1.36306588743,0
63960,1.60483092832,0
63961,1.33644036199,0
63962,1.50365505811,0
63963,1.30351668796,0
63964,1.60489767936,0
63965,1.31218813268,0
63966,1.51252192218,0
63967,1.30545499419,0
63968,1.3073449744,0
63969,1.51385115281,0
63970,1.15107013066,0
63971,1.2592048615,0
63972,1.09630157392,0
63973,1.39686277852,0
63974,1.1079913841,0
63975,0.994728446109,0
63976,1.25490365394,0
63977,1.33868552768,0
63978,1.04146732076,0
63979,1.23977259475,0
63980,1.03574808437,0
63981,1.19097476383,0
63982,1.11983099756,0
63983,0.703019855023,0
63984,0.997928028329,0
63985,1.04430272522,0
63986,0.61795849693,0
63987,0.57536943596,0
63988,0.891549991671,0
63989,0.869237895849,0
63990,0.556423829115,0
63991,0.581968329486,0
63992,0.345417209662,0
63993,0.364614518057,0
63994,0.615781870289,0
63995,0.616271973958,0
63996,0.442398828483,0
63997,0.523879003326,0
63998,0.150327677042,0
63999,0.443043576252,0
64000,0.0589447185843,0
64001,0.124667013121,0
64002,0.338928009382,0
64003,0.141415227847,0
64004,-0.0357502009717,0
64005,-0.186400125062,0
64006,0.0895637316402,0
64007,-0.277467738193,0
64008,-0.20621985836,0
64009,-0.164532402939,0
64010,-0.0228664513733,0
64011,-0.278347450766,0
64012,-0.191983626483,0
64013,-0.411901348579,0
64014,-0.517011503902,0
64015,-0.241115012341,0
64016,-0.489241577954,0
64017,-0.70310076643,0
64018,-0.698714980285,0
64019,-0.532777804218,0
64020,-0.420579201381,0
64021,-0.787140663859,0
64022,-0.688067994945,0
64023,-0.918011515992,0
64024,-0.950124113149,0
64025,-0.600136275921,0
64026,-0.663714959899,0
64027,-0.622934855021,0
64028,-0.694813904215,0
64029,-0.730702436869,0
64030,-0.921826301175,0
64031,-1.0391613933,0
64032,-1.04832260313,0
64033,-0.833748735449,0
64034,-1.21365162319,0
64035,-1.23484918629,0
64036,-0.83991573255,0
64037,-1.13198624209,0
64038,-1.18797347578,0
64039,-1.29454155636,0
64040,-1.32000713365,0
64041,-0.9163905654,0
64042,-1.28838889038,0
64043,-1.33159144843,0
64044,-1.04830031086,0
64045,-1.02855633273,0
64046,-1.1391566534,0
64047,-1.01101940593,0
64048,-1.21284591296,0
64049,-1.35070049047,0
64050,-1.22145074479,0
64051,-0.96907007258,0
64052,-1.38516539665,0
64053,-1.2396861147,0
64054,-1.35663539108,0
64055,-1.09745464796,0
64056,-1.35917433836,0
64057,-0.967907510151,0
64058,-1.08542886632,0
64059,-1.23797137119,0
64060,-1.3154929083,0
64061,-0.998477482262,0
64062,-0.880780548934,0
64063,-0.868849358839,0
64064,-0.892634360242,0
64065,-0.917877132275,0
64066,-1.06047784892,0
64067,-0.889295393603,0
64068,-0.766498494516,0
64069,-0.977227972161,0
64070,-1.07641703726,0
64071,-0.759406331942,0
64072,-0.734161167109,0
64073,-0.734302404438,0
64074,-0.889611046048,0
64075,-0.954867959754,0
64076,-0.734677196128,0
64077,-0.708243701367,0
64078,-0.580044923169,0
64079,-0.715707802921,0
64080,-0.787341536579,0
64081,-0.758841607773,0
64082,-0.348983879258,0
64083,-0.292515697376,0
64084,-0.637914078284,0
64085,-0.187986083124,0
64086,-0.247286317939,0
64087,-0.111722198592,0
64088,-0.154626294637,0
64089,-0.0305952748967,0
64090,-0.0110121547101,0
64091,-0.35582893043,0
64092,-0.136835651074,0
64093,-0.044107717049,0
64094,-0.206687182342,0
64095,-0.084291676241,0
64096,-0.141955999502,0
64097,0.209672941615,0
64098,0.342706735011,0
64099,0.212498937398,0
64100,0.0943671569548,0
64101,0.327176770702,0
64102,0.348304403709,0
64103,0.231411122651,0
64104,0.236634262183,0
64105,0.58988868832,0
64106,0.702385177955,0
64107,0.417932645878,0
64108,0.793707169991,0
64109,0.425180609415,0
64110,0.879963755527,0
64111,0.631776654754,0
64112,0.762988252103,0
64113,0.658291926923,0
64114,0.84015858918,0
64115,0.960244802498,0
64116,1.06725943912,0
64117,0.791679428461,0
64118,1.16390007591,0
64119,0.934119195762,0
64120,0.952551120898,0
64121,0.93189433287,0
64122,1.20585993354,0
64123,1.01151301323,0
64124,1.04141917369,0
64125,1.06018892149,0
64126,1.12384224412,0
64127,1.24384933246,0
64128,1.51480950763,0
64129,1.36800481678,0
64130,1.24402159821,0
64131,1.58721874043,0
64132,1.57021784737,0
64133,1.26150125598,0
64134,1.55799254943,0
64135,1.69174462106,0
64136,1.69386998311,0
64137,1.39399469007,0
64138,1.7421134052,0
64139,1.38843056803,0
64140,1.71802259114,0
64141,1.78071764557,0
64142,1.61132347712,0
64143,1.63701828251,0
64144,1.41309499064,0
64145,1.49858366437,0
64146,1.82397538516,0
64147,1.76219927313,0
64148,1.68551282718,0
64149,1.42224405279,0
64150,1.43968366733,0
64151,1.67813205662,0
64152,1.81414348258,0
64153,1.74085408075,0
64154,1.60567635686,0
64155,1.57193031103,0
64156,1.64540322994,0
64157,1.61270201429,0
64158,1.52875494447,0
64159,1.34901937312,0
64160,1.590784414,0
64161,1.32239384768,0
64162,1.4896085438,0
64163,1.28947017364,0
64164,1.59085116505,0
64165,1.29814161837,0
64166,1.49847540787,0
64167,1.29140847987,0
64168,1.29329846009,0
64169,1.4998046385,0
64170,1.13702361635,0
64171,1.24515834719,0
64172,1.08225505961,0
64173,1.38281626421,0
64174,1.09394486978,0
64175,0.980681931797,0
64176,1.24085713963,0
64177,1.32463901337,0
64178,1.02742080644,0
64179,1.22572608043,0
64180,1.02170157006,0
64181,1.17692824951,0
64182,1.10578448324,0
64183,0.688973340711,0
64184,0.983881514017,0
64185,1.03025621091,0
64186,0.603911982618,0
64187,0.561322921648,0
64188,0.877503477359,0
64189,0.855191381537,0
64190,0.542377314803,0
64191,0.567921815174,0
64192,0.33137069535,0
64193,0.350568003745,0
64194,0.601735355977,0
64195,0.602225459647,0
64196,0.428352314171,0
64197,0.509832489014,0
64198,0.13628116273,0
64199,0.42899706194,0
64200,0.148755367489,0
64201,0.214477662025,0
64202,0.428738658287,0
64203,0.231225876751,0
64204,0.0540604479328,0
64205,-0.0965894761578,0
64206,0.179374380545,0
64207,-0.187657089288,0
64208,-0.116409209456,0
64209,-0.0747217540344,0
64210,0.0669441975311,0
64211,-0.188536801861,0
64212,-0.102172977579,0
64213,-0.322090699674,0
64214,-0.427200854997,0
64215,-0.151304363437,0
64216,-0.39943092905,0
64217,-0.613290117525,0
64218,-0.608904331381,0
64219,-0.442967155313,0
64220,-0.330768552477,0
64221,-0.697330014955,0
64222,-0.598257346041,0
64223,-0.828200867088,0
64224,-0.860313464244,0
64225,-0.510325627016,0
64226,-0.573904310994,0
64227,-0.533124206116,0
64228,-0.60500325531,0
64229,-0.640891787965,0
64230,-0.83201565227,0
64231,-0.9493507444,0
64232,-0.958511954221,0
64233,-0.743938086545,0
64234,-1.12384097428,0
64235,-1.14503853739,0
64236,-0.750105083646,0
64237,-1.04217559319,0
64238,-1.09816282688,0
64239,-1.20473090745,0
64240,-1.23019648475,0
64241,-0.826579916495,0
64242,-1.19857824147,0
64243,-1.24178079952,0
64244,-0.958489661954,0
64245,-0.938745683824,0
64246,-1.0493460045,0
64247,-0.921208757026,0
64248,-1.12303526406,0
64249,-1.26088984157,0
64250,-1.13164009588,0
64251,-0.879259423676,0
64252,-1.29535474775,0
64253,-1.1498754658,0
64254,-1.26682474218,0
64255,-1.00764399906,0
64256,-1.26936368945,0
64257,-0.878096861246,0
64258,-0.995618217416,0
64259,-1.14816072229,0
64260,-1.22568225939,0
64261,-0.908666833358,0
64262,-0.790969900029,0
64263,-0.779038709935,0
64264,-0.802823711337,0
64265,-0.82806648337,0
64266,-0.970667200014,0
64267,-0.799484744698,0
64268,-0.676687845612,0
64269,-0.887417323257,0
64270,-0.986606388353,0
64271,-0.669595683037,0
64272,-0.644350518205,0
64273,-0.644491755533,0
64274,-0.799800397144,0
64275,-0.865057310849,0
64276,-0.644866547223,0
64277,-0.618433052463,0
64278,-0.490234274265,0
64279,-0.625897154016,0
64280,-0.697530887675,0
64281,-0.669030958868,0
64282,-0.259173230354,0
64283,-0.202705048471,0
64284,-0.54810342938,0
64285,-0.0981754342196,0
64286,-0.157475669034,0
64287,-0.0219115496874,0
64288,-0.0648156457321,0
64289,0.0592153740078,0
64290,0.0787984941944,0
64291,-0.266018281525,0
64292,-0.0470250021698,0
64293,0.0457029318554,0
64294,-0.116876533437,0
64295,0.00551897266345,0
64296,-0.0521453505976,0
64297,0.299483590519,0
64298,0.432517383916,0
64299,0.302309586303,0
64300,0.184177805859,0
64301,0.416987419607,0
64302,0.438115052613,0
64303,0.321221771555,0
64304,0.326444911087,0
64305,0.679699337225,0
64306,0.792195826859,0
64307,0.507743294782,0
64308,0.883517818895,0
64309,0.514991258319,0
64310,0.969774404431,0
64311,0.721587303659,0
64312,0.852798901008,0
64313,0.748102575827,0
64314,0.929969238084,0
64315,1.0500554514,0
64316,1.15707008803,0
64317,0.881490077365,0
64318,1.25371072481,0
64319,1.02392984467,0
64320,1.0423617698,0
64321,1.02170498177,0
64322,1.29567058244,0
64323,1.10132366213,0
64324,1.13122982259,0
64325,1.14999957039,0
64326,1.21365289303,0
64327,1.33365998136,0
64328,1.60462015653,0
64329,1.45781546568,0
64330,1.33383224711,0
64331,1.67702938933,0
64332,1.66002849627,0
64333,1.35131190488,0
64334,1.64780319834,0
64335,1.78155526996,0
64336,1.78368063201,0
64337,1.48380533898,0
64338,1.8319240541,0
64339,1.47824121694,0
64340,1.80783324005,0
64341,1.87052829448,0
64342,1.70113412603,0
64343,1.72682893142,0
64344,1.50290563955,0
64345,1.58839431328,0
64346,1.91378603406,0
64347,1.85200992203,0
64348,1.77532347609,0
64349,1.5120547017,0
64350,1.52949431624,0
64351,1.76794270553,0
64352,1.90395413149,0
64353,1.83066472965,0
64354,1.69548700576,0
64355,1.66174095994,0
64356,1.73521387885,0
64357,1.70251266319,0
64358,1.61856559338,0
64359,1.43883002202,0
64360,1.68059506291,0
64361,1.41220449658,0
64362,1.57941919271,0
64363,1.37928082255,0
64364,1.68066181395,0
64365,1.38795226727,0
64366,1.58828605677,0
64367,1.38121912878,0
64368,1.383109109,0
64369,1.58961528741,0
64370,1.22683426525,0
64371,1.3349689961,0
64372,1.17206570851,0
64373,1.47262691312,0
64374,1.18375551869,0
64375,1.0704925807,0
64376,1.33066778854,0
64377,1.41444966227,0
64378,1.11723145535,0
64379,1.31553672934,0
64380,1.11151221896,0
64381,1.26673889842,0
64382,1.19559513215,0
64383,0.778783989616,0
64384,1.07369216292,0
64385,1.12006685981,0
64386,0.693722631523,0
64387,0.651133570552,0
64388,0.967314126264,0
64389,0.945002030442,0
64390,0.632187963708,0
64391,0.657732464078,0
64392,0.421181344255,0
64393,0.44037865265,0
64394,0.691546004881,0
64395,0.692036108551,0
64396,0.518162963075,0
64397,0.599643137919,0
64398,0.226091811635,0
64399,0.518807710844,0
64400,0.0725054258752,0
64401,0.138227720411,0
64402,0.352488716673,0
64403,0.154975935138,0
64404,-0.0221894936808,0
64405,-0.172839417771,0
64406,0.103124438931,0
64407,-0.263907030902,0
64408,-0.19265915107,0
64409,-0.150971695648,0
64410,-0.00930574408241,0
64411,-0.264786743475,0
64412,-0.178422919192,0
64413,-0.398340641288,0
64414,-0.503450796611,0
64415,-0.22755430505,0
64416,-0.475680870663,0
64417,-0.689540059139,0
64418,-0.685154272994,0
64419,-0.519217096927,0
64420,-0.40701849409,0
64421,-0.773579956568,0
64422,-0.674507287654,0
64423,-0.904450808701,0
64424,-0.936563405858,0
64425,-0.58657556863,0
64426,-0.650154252608,0
64427,-0.60937414773,0
64428,-0.681253196924,0
64429,-0.717141729578,0
64430,-0.908265593884,0
64431,-1.02560068601,0
64432,-1.03476189583,0
64433,-0.820188028158,0
64434,-1.2000909159,0
64435,-1.221288479,0
64436,-0.826355025259,0
64437,-1.1184255348,0
64438,-1.17441276849,0
64439,-1.28098084907,0
64440,-1.30644642636,0
64441,-0.902829858109,0
64442,-1.27482818309,0
64443,-1.31803074114,0
64444,-1.03473960357,0
64445,-1.01499562544,0
64446,-1.12559594611,0
64447,-0.997458698639,0
64448,-1.19928520567,0
64449,-1.33713978318,0
64450,-1.2078900375,0
64451,-0.95550936529,0
64452,-1.37160468936,0
64453,-1.22612540741,0
64454,-1.34307468379,0
64455,-1.08389394067,0
64456,-1.34561363107,0
64457,-0.95434680286,0
64458,-1.07186815903,0
64459,-1.2244106639,0
64460,-1.30193220101,0
64461,-0.984916774971,0
64462,-0.867219841643,0
64463,-0.855288651549,0
64464,-0.879073652951,0
64465,-0.904316424984,0
64466,-1.04691714163,0
64467,-0.875734686312,0
64468,-0.752937787225,0
64469,-0.96366726487,0
64470,-1.06285632997,0
64471,-0.745845624651,0
64472,-0.720600459819,0
64473,-0.720741697147,0
64474,-0.876050338757,0
64475,-0.941307252463,0
64476,-0.721116488837,0
64477,-0.694682994076,0
64478,-0.566484215878,0
64479,-0.70214709563,0
64480,-0.773780829288,0
64481,-0.745280900482,0
64482,-0.335423171967,0
64483,-0.278954990085,0
64484,-0.624353370994,0
64485,-0.174425375833,0
64486,-0.233725610648,0
64487,-0.098161491301,0
64488,-0.141065587346,0
64489,-0.0170345676058,0
64490,0.00254855258083,0
64491,-0.342268223139,0
64492,-0.123274943783,0
64493,-0.0305470097581,0
64494,-0.193126475051,0
64495,-0.0707309689501,0
64496,-0.128395292211,0
64497,0.223233648905,0
64498,0.356267442302,0
64499,0.226059644689,0
64500,0.107927864246,0
64501,0.340737477993,0
64502,0.361865111,0
64503,0.244971829941,0
64504,0.250194969473,0
64505,0.603449395611,0
64506,0.715945885246,0
64507,0.431493353169,0
64508,0.807267877282,0
64509,0.438741316706,0
64510,0.893524462818,0
64511,0.645337362045,0
64512,0.776548959394,0
64513,0.671852634214,0
64514,0.853719296471,0
64515,0.973805509789,0
64516,1.08082014641,0
64517,0.805240135752,0
64518,1.1774607832,0
64519,0.947679903053,0
64520,0.966111828189,0
64521,0.945455040161,0
64522,1.21942064083,0
64523,1.02507372052,0
64524,1.05497988098,0
64525,1.07374962878,0
64526,1.13740295141,0
64527,1.25741003975,0
64528,1.52837021492,0
64529,1.38156552407,0
64530,1.2575823055,0
64531,1.60077944772,0
64532,1.58377855466,0
64533,1.27506196327,0
64534,1.57155325672,0
64535,1.70530532835,0
64536,1.7074306904,0
64537,1.40755539736,0
64538,1.75567411249,0
64539,1.40199127532,0
64540,1.73158329843,0
64541,1.79427835286,0
64542,1.62488418441,0
64543,1.6505789898,0
64544,1.42665569793,0
64545,1.51214437167,0
64546,1.83753609245,0
64547,1.77575998042,0
64548,1.69907353447,0
64549,1.43580476008,0
64550,1.45324437462,0
64551,1.69169276391,0
64552,1.82770418987,0
64553,1.75441478804,0
64554,1.61923706415,0
64555,1.58549101832,0
64556,1.65896393723,0
64557,1.62626272158,0
64558,1.54231565176,0
64559,1.36258008041,0
64560,1.60434512129,0
64561,1.33595455497,0
64562,1.50316925109,0
64563,1.30303088093,0
64564,1.60441187234,0
64565,1.31170232566,0
64566,1.51203611516,0
64567,1.30496918716,0
64568,1.30685916738,0
64569,1.51336534579,0
64570,1.15058432364,0
64571,1.25871905448,0
64572,1.0958157669,0
64573,1.3963769715,0
64574,1.10750557708,0
64575,0.994242639088,0
64576,1.25441784692,0
64577,1.33819972066,0
64578,1.04098151374,0
64579,1.23928678772,0
64580,1.03526227735,0
64581,1.1904889568,0
64582,1.11934519054,0
64583,0.702534048002,0
64584,0.997442221308,0
64585,1.0438169182,0
64586,0.617472689909,0
64587,0.574883628939,0
64588,0.89106418465,0
64589,0.868752088828,0
64590,0.555938022094,0
64591,0.581482522465,0
64592,0.344931402641,0
64593,0.364128711036,0
64594,0.615296063268,0
64595,0.615786166937,0
64596,0.441913021462,0
64597,0.523393196305,0
64598,0.149841870021,0
64599,0.442557769231,0
64600,-0.158147913821,0
64601,-0.0924256192851,0
64602,0.121835376977,0
64603,-0.0756774045588,0
64604,-0.252842833377,0
64605,-0.403492757468,0
64606,-0.127528900765,0
64607,-0.494560370598,0
64608,-0.423312490766,0
64609,-0.381625035344,0
64610,-0.239959083779,0
64611,-0.495440083171,0
64612,-0.409076258889,0
64613,-0.628993980984,0
64614,-0.734104136307,0
64615,-0.458207644747,0
64616,-0.70633421036,0
64617,-0.920193398835,0
64618,-0.915807612691,0
64619,-0.749870436623,0
64620,-0.637671833787,0
64621,-1.00423329626,0
64622,-0.905160627351,0
64623,-1.1351041484,0
64624,-1.16721674555,0
64625,-0.817228908326,0
64626,-0.880807592304,0
64627,-0.840027487426,0
64628,-0.91190653662,0
64629,-0.947795069275,0
64630,-1.13891893358,0
64631,-1.25625402571,0
64632,-1.26541523553,0
64633,-1.05084136785,0
64634,-1.43074425559,0
64635,-1.4519418187,0
64636,-1.05700836496,0
64637,-1.3490788745,0
64638,-1.40506610819,0
64639,-1.51163418876,0
64640,-1.53709976606,0
64641,-1.13348319781,0
64642,-1.50548152278,0
64643,-1.54868408083,0
64644,-1.26539294326,0
64645,-1.24564896513,0
64646,-1.35624928581,0
64647,-1.22811203834,0
64648,-1.42993854537,0
64649,-1.56779312288,0
64650,-1.43854337719,0
64651,-1.18616270499,0
64652,-1.60225802906,0
64653,-1.45677874711,0
64654,-1.57372802349,0
64655,-1.31454728037,0
64656,-1.57626697076,0
64657,-1.18500014256,0
64658,-1.30252149873,0
64659,-1.4550640036,0
64660,-1.5325855407,0
64661,-1.21557011467,0
64662,-1.09787318134,0
64663,-1.08594199125,0
64664,-1.10972699265,0
64665,-1.13496976468,0
64666,-1.27757048132,0
64667,-1.10638802601,0
64668,-0.983591126922,0
64669,-1.19432060457,0
64670,-1.29350966966,0
64671,-0.976498964347,0
64672,-0.951253799515,0
64673,-0.951395036844,0
64674,-1.10670367845,0
64675,-1.17196059216,0
64676,-0.951769828533,0
64677,-0.925336333773,0
64678,-0.797137555575,0
64679,-0.932800435326,0
64680,-1.00443416898,0
64681,-0.975934240178,0
64682,-0.566076511664,0
64683,-0.509608329781,0
64684,-0.85500671069,0
64685,-0.40507871553,0
64686,-0.464378950344,0
64687,-0.328814830997,0
64688,-0.371718927042,0
64689,-0.247687907302,0
64690,-0.228104787116,0
64691,-0.572921562835,0
64692,-0.35392828348,0
64693,-0.261200349455,0
64694,-0.423779814747,0
64695,-0.301384308647,0
64696,-0.359048631908,0
64697,-0.00741969079106,0
64698,0.125614102606,0
64699,-0.00459369500735,0
64700,-0.122725475451,0
64701,0.110084138297,0
64702,0.131211771303,0
64703,0.014318490245,0
64704,0.019541629777,0
64705,0.372796055915,0
64706,0.485292545549,0
64707,0.200840013472,0
64708,0.576614537585,0
64709,0.208087977009,0
64710,0.662871123121,0
64711,0.414684022348,0
64712,0.545895619698,0
64713,0.441199294517,0
64714,0.623065956774,0
64715,0.743152170092,0
64716,0.850166806717,0
64717,0.574586796055,0
64718,0.946807443499,0
64719,0.717026563356,0
64720,0.735458488492,0
64721,0.714801700464,0
64722,0.988767301131,0
64723,0.794420380821,0
64724,0.824326541279,0
64725,0.843096289085,0
64726,0.906749611717,0
64727,1.02675670005,0
64728,1.29771687522,0
64729,1.15091218437,0
64730,1.0269289658,0
64731,1.37012610802,0
64732,1.35312521496,0
64733,1.04440862357,0
64734,1.34089991703,0
64735,1.47465198865,0
64736,1.4767773507,0
64737,1.17690205767,0
64738,1.52502077279,0
64739,1.17133793563,0
64740,1.50092995874,0
64741,1.56362501317,0
64742,1.39423084472,0
64743,1.41992565011,0
64744,1.19600235824,0
64745,1.28149103197,0
64746,1.60688275275,0
64747,1.54510664072,0
64748,1.46842019478,0
64749,1.20515142039,0
64750,1.22259103493,0
64751,1.46103942422,0
64752,1.59705085018,0
64753,1.52376144834,0
64754,1.38858372445,0
64755,1.35483767863,0
64756,1.42831059754,0
64757,1.39560938188,0
64758,1.31166231207,0
64759,1.13192674071,0
64760,1.3736917816,0
64761,1.10530121527,0
64762,1.2725159114,0
64763,1.07237754124,0
64764,1.37375853264,0
64765,1.08104898596,0
64766,1.28138277546,0
64767,1.07431584747,0
64768,1.07620582769,0
64769,1.2827120061,0
64770,0.91993098394,0
64771,1.02806571479,0
64772,0.8651624272,0
64773,1.16572363181,0
64774,0.876852237379,0
64775,0.763589299391,0
64776,1.02376450723,0
64777,1.10754638096,0
64778,0.810328174039,0
64779,1.00863344803,0
64780,0.804608937651,0
64781,0.959835617108,0
64782,0.888691850839,0
64783,0.471880708306,0
64784,0.766788881611,0
64785,0.813163578501,0
64786,0.386819350212,0
64787,0.344230289242,0
64788,0.660410844954,0
64789,0.638098749132,0
64790,0.325284682398,0
64791,0.350829182768,0
64792,0.114278062944,0
64793,0.13347537134,0
64794,0.384642723571,0
64795,0.385132827241,0
64796,0.211259681765,0
64797,0.292739856609,0
64798,-0.0808114696755,0
64799,0.211904429534,0
64800,-0.293525411632,0
64801,-0.227803117096,0
64802,-0.0135421208339,0
64803,-0.21105490237,0
64804,-0.388220331188,0
64805,-0.538870255279,0
64806,-0.262906398576,0
64807,-0.629937868409,0
64808,-0.558689988577,0
64809,-0.517002533155,0
64810,-0.37533658159,0
64811,-0.630817580982,0
64812,-0.544453756699,0
64813,-0.764371478795,0
64814,-0.869481634118,0
64815,-0.593585142557,0
64816,-0.84171170817,0
64817,-1.05557089665,0
64818,-1.0511851105,0
64819,-0.885247934434,0
64820,-0.773049331598,0
64821,-1.13961079408,0
64822,-1.04053812516,0
64823,-1.27048164621,0
64824,-1.30259424336,0
64825,-0.952606406137,0
64826,-1.01618509011,0
64827,-0.975404985237,0
64828,-1.04728403443,0
64829,-1.08317256709,0
64830,-1.27429643139,0
64831,-1.39163152352,0
64832,-1.40079273334,0
64833,-1.18621886567,0
64834,-1.5661217534,0
64835,-1.58731931651,0
64836,-1.19238586277,0
64837,-1.48445637231,0
64838,-1.540443606,0
64839,-1.64701168657,0
64840,-1.67247726387,0
64841,-1.26886069562,0
64842,-1.64085902059,0
64843,-1.68406157864,0
64844,-1.40077044107,0
64845,-1.38102646294,0
64846,-1.49162678362,0
64847,-1.36348953615,0
64848,-1.56531604318,0
64849,-1.70317062069,0
64850,-1.573920875,0
64851,-1.3215402028,0
64852,-1.73763552687,0
64853,-1.59215624492,0
64854,-1.7091055213,0
64855,-1.44992477818,0
64856,-1.71164446857,0
64857,-1.32037764037,0
64858,-1.43789899654,0
64859,-1.59044150141,0
64860,-1.66796303851,0
64861,-1.35094761248,0
64862,-1.23325067915,0
64863,-1.22131948906,0
64864,-1.24510449046,0
64865,-1.27034726249,0
64866,-1.41294797914,0
64867,-1.24176552382,0
64868,-1.11896862473,0
64869,-1.32969810238,0
64870,-1.42888716747,0
64871,-1.11187646216,0
64872,-1.08663129733,0
64873,-1.08677253465,0
64874,-1.24208117626,0
64875,-1.30733808997,0
64876,-1.08714732634,0
64877,-1.06071383158,0
64878,-0.932515053385,0
64879,-1.06817793314,0
64880,-1.1398116668,0
64881,-1.11131173799,0
64882,-0.701454009475,0
64883,-0.644985827592,0
64884,-0.990384208501,0
64885,-0.54045621334,0
64886,-0.599756448155,0
64887,-0.464192328808,0
64888,-0.507096424853,0
64889,-0.383065405113,0
64890,-0.363482284926,0
64891,-0.708299060646,0
64892,-0.489305781291,0
64893,-0.396577847265,0
64894,-0.559157312558,0
64895,-0.436761806457,0
64896,-0.494426129718,0
64897,-0.142797188602,0
64898,-0.00976339520514,0
64899,-0.139971192818,0
64900,-0.258102973262,0
64901,-0.0252933595142,0
64902,-0.00416572650739,0
64903,-0.121059007566,0
64904,-0.115835868034,0
64905,0.237418558104,0
64906,0.349915047738,0
64907,0.0654625156616,0
64908,0.441237039774,0
64909,0.0727104791983,0
64910,0.527493625311,0
64911,0.279306524538,0
64912,0.410518121887,0
64913,0.305821796707,0
64914,0.487688458963,0
64915,0.607774672282,0
64916,0.714789308906,0
64917,0.439209298244,0
64918,0.811429945689,0
64919,0.581649065546,0
64920,0.600080990682,0
64921,0.579424202653,0
64922,0.85338980332,0
64923,0.65904288301,0
64924,0.688949043469,0
64925,0.707718791274,0
64926,0.771372113906,0
64927,0.891379202243,0
64928,1.16233937741,0
64929,1.01553468656,0
64930,0.891551467989,0
64931,1.23474861021,0
64932,1.21774771715,0
64933,0.909031125763,0
64934,0.122597764145,1
64935,0.29252259873,1
64936,0.455892085943,1
64937,0.610178298265,1
64938,0.752993859884,1
64939,0.882128888192,1
64940,0.995585188806,1
64941,1.09160717499,1
64942,1.16870903305,1
64943,1.22569771335,1
64944,1.26169139114,1
64945,1.27613311172,1
64946,1.26879940847,1
64947,1.2398037608,1
64948,1.18959483814,1
64949,1.1189495574,1
64950,1.02896106121,1
64951,0.921021802938,1
64952,0.796802000375,1
64953,0.65822379126,1
64954,0.507431490754,1
64955,0.346758410988,1
64956,0.17869075613,1
64957,0.00582915165113,1
64958,-0.169151596922,1
64959,-0.343543893103,1
64960,-0.514649245928,1
64961,-0.679820025553,1
64962,-0.836500431832,1
64963,-0.982266041958,1
64964,-1.11486132521,1
64965,-1.23223454432,1
64966,-1.33256950339,1
64967,-1.41431365118,1
64968,-1.4762021047,1
64969,-1.51727722171,1
64970,-1.5369034189,1
64971,-1.53477700672,1
64972,-1.51093088862,1
64973,-1.46573405183,1
64974,-1.39988585785,1
64975,-1.31440522071,1
64976,-1.2106148406,1
64977,-1.09012073689,1
64978,-0.954787397029,1
64979,-0.806708926116,1
64980,-0.64817664334,1
64981,-0.481643626856,1
64982,-0.309686755632,1
64983,-0.134966835636,1
64984,0.0398125726217,1
64985,0.21194698813,1
64986,0.378772857654,1
64987,0.537708770714,1
64988,0.686295403506,1
64989,0.822233573703,1
64990,0.943419817264,1
64991,1.04797893678,1
64992,1.13429301765,1
64993,1.20102646325,1
64994,1.24714666143,1
64995,1.27193996291,1
64996,1.27502272403,1
64997,1.25634724311,1
64998,1.21620249862,1
64999,1.15520967756,1
65000,1.01100913416,1
65001,0.911459503274,1
65002,0.794797754931,1
65003,0.662829075948,1
65004,0.517595507718,1
65005,0.361344348315,1
65006,0.196493378517,1
65007,0.0255934498329,1
65008,-0.148710986558,1
65009,-0.32372279921,1
65010,-0.496733910958,1
65011,-0.66506720285,1
65012,-0.826117939029,1
65013,-0.977394071594,1
65014,-1.11655480175,1
65015,-1.24144680059,1
65016,-1.35013752902,1
65017,-1.44094514125,1
65018,-1.51246450916,1
65019,-1.56358896478,1
65020,-1.59352742452,1
65021,-1.60181663019,1
65022,-1.58832831724,1
65023,-1.55327119955,1
65024,-1.4971877398,1
65025,-1.42094575564,1
65026,-1.32572499129,1
65027,-1.21299886259,1
65028,-1.08451165784,1
65029,-0.942251547187,1
65030,-0.788419818382,1
65031,-0.625396814699,1
65032,-0.455705102281,1
65033,-0.281970436752,1
65034,-0.106881133105,1
65035,0.0668535324242,1
65036,0.236545244842,1
65037,0.399568248525,1
65038,0.55339997733,1
65039,0.69566008798,1
65040,0.824147292737,1
65041,0.936873421434,1
65042,1.03209418579,1
65043,1.10833616995,1
65044,1.16441962969,1
65045,1.19947674738,1
65046,1.21296506033,1
65047,1.20467585466,1
65048,1.17473739492,1
65049,1.1236129393,1
65050,1.0520935714,1
65051,0.961285959162,1
65052,0.852595230733,1
65053,0.727703231893,1
65054,0.588542501737,1
65055,0.437266369173,1
65056,0.276215632993,1
65057,0.107882341101,1
65058,-0.0651287706471,1
65059,-0.240140583298,1
65060,-0.41444501969,1
65061,-0.585344948373,1
65062,-0.750195918172,1
65063,-0.906447077575,1
65064,-1.0516806458,1
65065,-1.18364932479,1
65066,-1.30031107313,1
65067,-1.39986070402,1
65068,-1.48075781811,1
65069,-1.54175063916,1
65070,-1.58189538365,1
65071,-1.60057086457,1
65072,-1.59748810346,1
65073,-1.57269480197,1
65074,-1.52657460379,1
65075,-1.4598411582,1
65076,-1.37352707732,1
65077,-1.26896795781,1
65078,-1.14778171425,1
65079,-1.01184354405,1
65080,-0.863256911257,1
65081,-0.704320998198,1
65082,-0.537495128673,1
65083,-0.365360713165,1
65084,-0.190581304908,1
65085,-0.0158613849118,1
65086,0.156095486313,1
65087,0.322628502797,1
65088,0.481160785573,1
65089,0.629239256486,1
65090,0.764572596342,1
65091,0.885066700055,1
65092,0.988857080163,1
65093,1.07433771731,1
65094,1.14018591129,1
65095,1.18538274808,1
65096,1.20922886618,1
65097,1.21135527835,1
65098,1.19172908117,1
65099,1.15065396416,1
65100,1.08876551063,1
65101,1.00702136285,1
65102,0.906686403773,1
65103,0.789313184665,1
65104,0.656717901414,1
65105,0.510952291289,1
65106,0.35427188501,1
65107,0.189101105385,1
65108,0.017995752559,1
65109,-0.156396543621,1
65110,-0.331377292195,1
65111,-0.504238896673,1
65112,-0.672306551532,1
65113,-0.832979631298,1
65114,-0.983771931803,1
65115,-1.12235014092,1
65116,-1.24656994348,1
65117,-1.35450920175,1
65118,-1.44449769795,1
65119,-1.51514297868,1
65120,-1.56535190134,1
65121,-1.59434754902,1
65122,-1.60168125226,1
65123,-1.58723953169,1
65124,-1.55124585389,1
65125,-1.4942571736,1
65126,-1.41715531553,1
65127,-1.32113332935,1
65128,-1.20767702874,1
65129,-1.07854200043,1
65130,-0.935726438808,1
65131,-0.781440226487,1
65132,-0.618070739273,1
65133,-0.448145904688,1
65134,1.1422189899,0
65135,1.27597106153,0
65136,1.27809642358,0
65137,0.978221130544,0
65138,1.32633984567,0
65139,0.972657008504,0
65140,1.30224903161,0
65141,1.36494408604,0
65142,1.19554991759,0
65143,1.22124472298,0
65144,0.997321431111,0
65145,1.08281010485,0
65146,1.40820182563,0
65147,1.3464257136,0
65148,1.26973926765,0
65149,1.00647049326,0
65150,1.0239101078,0
65151,1.26235849709,0
65152,1.39836992305,0
65153,1.32508052122,0
65154,1.18990279733,0
65155,1.1561567515,0
65156,1.22962967041,0
65157,1.19692845476,0
65158,1.11298138494,0
65159,0.933245813591,0
65160,1.17501085447,0
65161,0.90662028815,0
65162,1.07383498427,0
65163,0.873696614114,0
65164,1.17507760552,0
65165,0.882368058837,0
65166,1.08270184834,0
65167,0.875634920344,0
65168,0.877524900563,0
65169,1.08403107897,0
65170,0.721250056816,0
65171,0.829384787661,0
65172,0.666481500076,0
65173,0.967042704682,0
65174,0.678171310255,0
65175,0.564908372267,0
65176,0.825083580101,0
65177,0.908865453836,0
65178,0.611647246915,0
65179,0.809952520904,0
65180,0.605928010527,0
65181,0.761154689984,0
65182,0.690010923715,0
65183,0.273199781182,0
65184,0.568107954487,0
65185,0.614482651377,0
65186,0.188138423088,0
65187,0.145549362118,0
65188,0.46172991783,0
65189,0.439417822008,0
65190,0.126603755274,0
65191,0.152148255644,0
65192,-0.0844028641795,0
65193,-0.0652055557842,0
65194,0.185961796447,0
65195,0.186451900117,0
65196,0.0125787546414,0
65197,0.0940589294848,0
65198,-0.2794923968,0
65199,0.0132235024103,0
65200,-0.54936999423,0
65201,-0.483647699694,0
65202,-0.269386703432,0
65203,-0.466899484968,0
65204,-0.644064913786,0
65205,-0.794714837877,0
65206,-0.518750981174,0
65207,-0.885782451007,0
65208,-0.814534571175,0
65209,-0.772847115753,0
65210,-0.631181164188,0
65211,-0.88666216358,0
65212,-0.800298339298,0
65213,-1.02021606139,0
65214,-1.12532621672,0
65215,-0.849429725156,0
65216,-1.09755629077,0
65217,-1.31141547924,0
65218,-1.3070296931,0
65219,-1.14109251703,0
65220,-1.0288939142,0
65221,-1.39545537667,0
65222,-1.29638270776,0
65223,-1.52632622881,0
65224,-1.55843882596,0
65225,-1.20845098874,0
65226,-1.27202967271,0
65227,-1.23124956784,0
65228,-1.30312861703,0
65229,-1.33901714968,0
65230,-1.53014101399,0
65231,-1.64747610612,0
65232,-1.65663731594,0
65233,-1.44206344826,0
65234,-1.821966336,0
65235,-1.8431638991,0
65236,-1.44823044536,0
65237,-1.74030095491,0
65238,-1.7962881886,0
65239,-1.90285626917,0
65240,-1.92832184647,0
65241,-1.52470527821,0
65242,-1.89670360319,0
65243,-1.93990616124,0
65244,-1.65661502367,0
65245,-1.63687104554,0
65246,-1.74747136622,0
65247,-1.61933411874,0
65248,-1.82116062577,0
65249,-1.95901520329,0
65250,-1.8297654576,0
65251,-1.5773847854,0
65252,-1.99348010947,0
65253,-1.84800082752,0
65254,-1.9649501039,0
65255,-1.70576936078,0
65256,-1.96748905117,0
65257,-1.57622222297,0
65258,-1.69374357913,0
65259,-1.84628608401,0
65260,-1.92380762111,0
65261,-1.60679219508,0
65262,-1.48909526175,0
65263,-1.47716407165,0
65264,-1.50094907306,0
65265,-1.52619184509,0
65266,-1.66879256173,0
65267,-1.49761010642,0
65268,-1.37481320733,0
65269,-1.58554268498,0
65270,-1.68473175007,0
65271,-1.36772104476,0
65272,-1.34247587992,0
65273,-1.34261711725,0
65274,-1.49792575886,0
65275,-1.56318267257,0
65276,-1.34299190894,0
65277,-1.31655841418,0
65278,-1.18835963598,0
65279,-1.32402251574,0
65280,-1.39565624939,0
65281,-1.36715632059,0
65282,-0.957298592073,0
65283,-0.90083041019,0
65284,-1.2462287911,0
65285,-0.796300795939,0
65286,-0.855601030753,0
65287,-0.720036911406,0
65288,-0.762941007451,0
65289,-0.638909987711,0
65290,-0.619326867525,0
65291,-0.964143643244,0
65292,-0.745150363889,0
65293,-0.652422429864,0
65294,-0.815001895156,0
65295,-0.692606389056,0
65296,-0.750270712317,0
65297,-0.3986417712,0
65298,-0.265607977803,0
65299,-0.395815775416,0
65300,-0.51394755586,0
65301,-0.281137942112,0
65302,-0.260010309106,0
65303,-0.376903590164,0
65304,-0.371680450632,0
65305,-0.0184260244943,0
65306,0.0940704651401,0
65307,-0.190382066937,0
65308,0.185392457176,0
65309,-0.1831341034,0
65310,0.271649042712,0
65311,0.0234619419395,0
65312,0.154673539289,0
65313,0.0499772141084,0
65314,0.231843876365,0
65315,0.351930089683,0
65316,0.458944726308,0
65317,0.183364715646,0
65318,0.55558536309,0
65319,0.325804482947,0
65320,0.344236408083,0
65321,0.323579620055,0
65322,0.597545220722,0
65323,0.403198300412,0
65324,0.43310446087,0
65325,0.451874208676,0
65326,0.515527531308,0
65327,0.635534619645,0
65328,0.906494794811,0
65329,0.759690103964,0
65330,0.63570688539,0
65331,0.978904027616,0
65332,0.961903134554,0
65333,0.653186543164,0
65334,0.949677836617,0
65335,1.08342990824,0
65336,1.08555527029,0
65337,0.785679977259,0
65338,1.13379869238,0
65339,0.780115855219,0
65340,1.10970787833,0
65341,1.17240293276,0
65342,1.00300876431,0
65343,1.0287035697,0
65344,0.804780277826,0
65345,0.89026895156,0
65346,1.21566067234,0
65347,1.15388456031,0
65348,1.07719811437,0
65349,0.813929339978,0
65350,0.831368954517,0
65351,1.06981734381,0
65352,1.20582876977,0
65353,1.13253936793,0
65354,0.997361644044,0
65355,0.963615598218,0
65356,1.03708851713,0
65357,1.00438730147,0
65358,0.920440231659,0
65359,0.740704660306,0
65360,0.982469701189,0
65361,0.714079134865,0
65362,0.881293830988,0
65363,0.681155460829,0
65364,0.982536452236,0
65365,0.689826905552,0
65366,0.890160695054,0
65367,0.683093767059,0
65368,0.684983747278,0
65369,0.891489925688,0
65370,0.528708903531,0
65371,0.636843634376,0
65372,0.473940346791,0
65373,0.774501551397,0
65374,0.48563015697,0
65375,0.372367218982,0
65376,0.632542426816,0
65377,0.716324300551,0
65378,0.41910609363,0
65379,0.617411367619,0
65380,0.413386857242,0
65381,0.568613536699,0
65382,0.49746977043,0
65383,0.0806586278967,0
65384,0.375566801202,0
65385,0.421941498092,0
65386,-0.00440273019652,0
65387,-0.0469917911668,0
65388,0.269188764545,0
65389,0.246876668723,0
65390,-0.0659373980111,0
65391,-0.0403928976407,0
65392,-0.276944017465,0
65393,-0.257746709069,0
65394,-0.00657935683762,0
65395,-0.006089253168,0
65396,-0.179962398644,0
65397,-0.0984822238002,0
65398,-0.472033550085,0
65399,-0.179317650875,0
65400,-0.611252995625,0
65401,-0.545530701088,0
65402,-0.331269704826,0
65403,-0.528782486362,0
65404,-0.705947915181,0
65405,-0.856597839271,0
65406,-0.580633982569,0
65407,-0.947665452401,0
65408,-0.876417572569,0
65409,-0.834730117148,0
65410,-0.693064165582,0
65411,-0.948545164975,0
65412,-0.862181340692,0
65413,-1.08209906279,0
65414,-1.18720921811,0
65415,-0.91131272655,0
65416,-1.15943929216,0
65417,-1.37329848064,0
65418,-1.36891269449,0
65419,-1.20297551843,0
65420,-1.09077691559,0
65421,-1.45733837807,0
65422,-1.35826570915,0
65423,-1.5882092302,0
65424,-1.62032182736,0
65425,-1.27033399013,0
65426,-1.33391267411,0
65427,-1.29313256923,0
65428,-1.36501161842,0
65429,-1.40090015108,0
65430,-1.59202401538,0
65431,-1.70935910751,0
65432,-1.71852031733,0
65433,-1.50394644966,0
65434,-1.8838493374,0
65435,-1.9050469005,0
65436,-1.51011344676,0
65437,-1.8021839563,0
65438,-1.85817118999,0
65439,-1.96473927057,0
65440,-1.99020484786,0
65441,-1.58658827961,0
65442,-1.95858660459,0
65443,-2.00178916264,0
65444,-1.71849802507,0
65445,-1.69875404694,0
65446,-1.80935436761,0
65447,-1.68121712014,0
65448,-1.88304362717,0
65449,-2.02089820468,0
65450,-1.891648459,0
65451,-1.63926778679,0
65452,-2.05536311086,0
65453,-1.90988382891,0
65454,-2.02683310529,0
65455,-1.76765236217,0
65456,-2.02937205257,0
65457,-1.63810522436,0
65458,-1.75562658053,0
65459,-1.9081690854,0
65460,-1.98569062251,0
65461,-1.66867519647,0
65462,-1.55097826314,0
65463,-1.53904707305,0
65464,-1.56283207445,0
65465,-1.58807484648,0
65466,-1.73067556313,0
65467,-1.55949310781,0
65468,-1.43669620872,0
65469,-1.64742568637,0
65470,-1.74661475147,0
65471,-1.42960404615,0
65472,-1.40435888132,0
65473,-1.40450011865,0
65474,-1.55980876026,0
65475,-1.62506567396,0
65476,-1.40487491034,0
65477,-1.37844141558,0
65478,-1.25024263738,0
65479,-1.38590551713,0
65480,-1.45753925079,0
65481,-1.42903932198,0
65482,-1.01918159347,0
65483,-0.962713411585,0
65484,-1.30811179249,0
65485,-0.858183797333,0
65486,-0.917484032148,0
65487,-0.781919912801,0
65488,-0.824824008845,0
65489,-0.700792989106,0
65490,-0.681209868919,0
65491,-1.02602664464,0
65492,-0.807033365283,0
65493,-0.714305431258,0
65494,-0.876884896551,0
65495,-0.75448939045,0
65496,-0.812153713711,0
65497,-0.460524772594,0
65498,-0.327490979198,0
65499,-0.457698776811,0
65500,-0.575830557254,0
65501,-0.343020943507,0
65502,-0.3218933105,0
65503,-0.438786591558,0
65504,-0.433563452026,0
65505,-0.0803090258886,0
65506,0.0321874637458,0
65507,-0.252265068331,0
65508,0.123509455782,0
65509,-0.245017104794,0
65510,0.209766041318,0
65511,-0.0384210594548,0
65512,0.0927905378943,0
65513,-0.0119057872859,0
65514,0.169960874971,0
65515,0.290047088289,0
65516,0.397061724913,0
65517,0.121481714252,0
65518,0.493702361696,0
65519,0.263921481553,0
65520,0.282353406689,0
65521,0.261696618661,0
65522,0.535662219328,0
65523,0.341315299018,0
65524,0.371221459476,0
65525,0.389991207281,0
65526,0.453644529913,0
65527,0.573651618251,0
65528,0.844611793417,0
65529,0.697807102569,0
65530,0.573823883996,0
65531,0.917021026221,0
65532,0.90002013316,0
65533,0.59130354177,0
65534,0.887794835223,0
65535,1.02154690685,0
65536,1.0236722689,0
65537,0.723796975865,0
65538,1.07191569099,0
65539,0.718232853825,0
65540,1.04782487693,0
65541,1.11051993136,0
65542,0.941125762914,0
65543,0.966820568302,0
65544,0.742897276432,0
65545,0.828385950166,0
65546,1.15377767095,0
65547,1.09200155892,0
65548,1.01531511297,0
65549,0.752046338583,0
65550,0.769485953122,0
65551,1.00793434241,0
65552,1.14394576837,0
65553,1.07065636654,0
65554,0.93547864265,0
65555,0.901732596824,0
65556,0.975205515734,0
65557,0.94250430008,0
65558,0.858557230265,0
65559,0.678821658911,0
65560,0.920586699795,0
65561,0.652196133471,0
65562,0.819410829594,0
65563,0.619272459435,0
65564,0.920653450842,0
65565,0.627943904157,0
65566,0.82827769366,0
65567,0.621210765665,0
65568,0.623100745884,0
65569,0.829606924294,0
65570,0.466825902137,0
65571,0.574960632982,0
65572,0.412057345397,0
65573,0.712618550002,0
65574,0.423747155576,0
65575,0.310484217588,0
65576,0.570659425422,0
65577,0.654441299157,0
65578,0.357223092236,0
65579,0.555528366225,0
65580,0.351503855847,0
65581,0.506730535305,0
65582,0.435586769036,0
65583,0.0187756265025,0
65584,0.313683799808,0
65585,0.360058496697,0
65586,-0.0662857315908,0
65587,-0.108874792561,0
65588,0.207305763151,0
65589,0.184993667328,0
65590,-0.127820399405,0
65591,-0.102275899035,0
65592,-0.338827018859,0
65593,-0.319629710463,0
65594,-0.0684623582319,0
65595,-0.0679722545623,0
65596,-0.241845400038,0
65597,-0.160365225194,0
65598,-0.533916551479,0
65599,-0.241200652269,0
65600,-0.721555670133,0
65601,-0.655833375597,0
65602,-0.441572379335,0
65603,-0.639085160871,0
65604,-0.816250589689,0
65605,-0.96690051378,0
65606,-0.690936657077,0
65607,-1.05796812691,0
65608,-0.986720247078,0
65609,-0.945032791656,0
65610,-0.803366840091,0
65611,-1.05884783948,0
65612,-0.972484015201,0
65613,-1.1924017373,0
65614,-1.29751189262,0
65615,-1.02161540106,0
65616,-1.26974196667,0
65617,-1.48360115515,0
65618,-1.479215369,0
65619,-1.31327819293,0
65620,-1.2010795901,0
65621,-1.56764105258,0
65622,-1.46856838366,0
65623,-1.69851190471,0
65624,-1.73062450187,0
65625,-1.38063666464,0
65626,-1.44421534862,0
65627,-1.40343524374,0
65628,-1.47531429293,0
65629,-1.51120282559,0
65630,-1.70232668989,0
65631,-1.81966178202,0
65632,-1.82882299184,0
65633,-1.61424912417,0
65634,-1.99415201191,0
65635,-2.01534957501,0
65636,-1.62041612127,0
65637,-1.91248663081,0
65638,-1.9684738645,0
65639,-2.07504194508,0
65640,-2.10050752237,0
65641,-1.69689095412,0
65642,-2.06888927909,0
65643,-2.11209183715,0
65644,-1.82880069958,0
65645,-1.80905672145,0
65646,-1.91965704212,0
65647,-1.79151979465,0
65648,-1.99334630168,0
65649,-2.13120087919,0
65650,-2.0019511335,0
65651,-1.7495704613,0
65652,-2.16566578537,0
65653,-2.02018650342,0
65654,-2.1371357798,0
65655,-1.87795503668,0
65656,-2.13967472707,0
65657,-1.74840789887,0
65658,-1.86592925504,0
65659,-2.01847175991,0
65660,-2.09599329701,0
65661,-1.77897787098,0
65662,-1.66128093765,0
65663,-1.64934974756,0
65664,-1.67313474896,0
65665,-1.69837752099,0
65666,-1.84097823764,0
65667,-1.66979578232,0
65668,-1.54699888323,0
65669,-1.75772836088,0
65670,-1.85691742598,0
65671,-1.53990672066,0
65672,-1.51466155583,0
65673,-1.51480279316,0
65674,-1.67011143477,0
65675,-1.73536834847,0
65676,-1.51517758485,0
65677,-1.48874409008,0
65678,-1.36054531189,0
65679,-1.49620819164,0
65680,-1.5678419253,0
65681,-1.53934199649,0
65682,-1.12948426798,0
65683,-1.07301608609,0
65684,-1.418414467,0
65685,-0.968486471842,0
65686,-1.02778670666,0
65687,-0.892222587309,0
65688,-0.935126683354,0
65689,-0.811095663614,0
65690,-0.791512543428,0
65691,-1.13632931915,0
65692,-0.917336039792,0
65693,-0.824608105766,0
65694,-0.987187571059,0
65695,-0.864792064958,0
65696,-0.922456388219,0
65697,-0.570827447103,0
65698,-0.437793653706,0
65699,-0.568001451319,0
65700,-0.686133231763,0
65701,-0.453323618015,0
65702,-0.432195985009,0
65703,-0.549089266067,0
65704,-0.543866126535,0
65705,-0.190611700397,0
65706,-0.0781152107628,0
65707,-0.36256774284,0
65708,0.0132067812733,0
65709,-0.355319779303,0
65710,0.0994633668096,0
65711,-0.148723733963,0
65712,-0.0175121366143,0
65713,-0.122208461794,0
65714,0.0596582004622,0
65715,0.179744413781,0
65716,0.286759050405,0
65717,0.0111790397432,0
65718,0.383399687188,0
65719,0.153618807044,0
65720,0.172050732181,0
65721,0.151393944152,0
65722,0.425359544819,0
65723,0.231012624509,0
65724,0.260918784968,0
65725,0.279688532773,0
65726,0.343341855405,0
65727,0.463348943742,0
65728,0.734309118909,0
65729,0.587504428061,0
65730,0.463521209488,0
65731,0.806718351713,0
65732,0.789717458652,0
65733,0.481000867261,0
65734,0.777492160714,0
65735,0.91124423234,0
65736,0.91336959439,0
65737,0.613494301356,0
65738,0.961613016478,0
65739,0.607930179316,0
65740,0.937522202424,0
65741,1.00021725685,0
65742,0.830823088405,0
65743,0.856517893794,0
65744,0.632594601923,0
65745,0.718083275657,0
65746,1.04347499644,0
65747,0.981698884412,0
65748,0.905012438464,0
65749,0.641743664075,0
65750,0.659183278614,0
65751,0.897631667906,0
65752,1.03364309386,0
65753,0.96035369203,0
65754,0.825175968141,0
65755,0.791429922315,0
65756,0.864902841225,0
65757,0.832201625572,0
65758,0.748254555756,0
65759,0.568518984403,0
65760,0.810284025286,0
65761,0.541893458963,0
65762,0.709108155085,0
65763,0.508969784927,0
65764,0.810350776333,0
65765,0.517641229649,0
65766,0.717975019152,0
65767,0.510908091156,0
65768,0.512798071376,0
65769,0.719304249786,0
65770,0.356523227628,0
65771,0.464657958473,0
65772,0.301754670888,0
65773,0.602315875494,0
65774,0.313444481067,0
65775,0.200181543079,0
65776,0.460356750913,0
65777,0.544138624648,0
65778,0.246920417727,0
65779,0.445225691716,0
65780,0.241201181339,0
65781,0.396427860796,0
65782,0.325284094527,0
65783,-0.0915270480061,0
65784,0.203381125299,0
65785,0.249755822189,0
65786,-0.176588406099,0
65787,-0.21917746707,0
65788,0.0970030886419,0
65789,0.0746909928198,0
65790,-0.238123073914,0
65791,-0.212578573544,0
65792,-0.449129693367,0
65793,-0.429932384972,0
65794,-0.17876503274,0
65795,-0.178274929071,0
65796,-0.352148074546,0
65797,-0.270667899703,0
65798,-0.644219225987,0
65799,-0.351503326778,0
65800,-0.775876293702,0
65801,-0.710153999166,0
65802,-0.495893002904,0
65803,-0.69340578444,0
65804,-0.870571213258,0
65805,-1.02122113735,0
65806,-0.745257280646,0
65807,-1.11228875048,0
65808,-1.04104087065,0
65809,-0.999353415225,0
65810,-0.85768746366,0
65811,-1.11316846305,0
65812,-1.02680463877,0
65813,-1.24672236087,0
65814,-1.35183251619,0
65815,-1.07593602463,0
65816,-1.32406259024,0
65817,-1.53792177872,0
65818,-1.53353599257,0
65819,-1.3675988165,0
65820,-1.25540021367,0
65821,-1.62196167615,0
65822,-1.52288900723,0
65823,-1.75283252828,0
65824,-1.78494512543,0
65825,-1.43495728821,0
65826,-1.49853597218,0
65827,-1.45775586731,0
65828,-1.5296349165,0
65829,-1.56552344916,0
65830,-1.75664731346,0
65831,-1.87398240559,0
65832,-1.88314361541,0
65833,-1.66856974774,0
65834,-2.04847263547,0
65835,-2.06967019858,0
65836,-1.67473674484,0
65837,-1.96680725438,0
65838,-2.02279448807,0
65839,-2.12936256864,0
65840,-2.15482814594,0
65841,-1.75121157769,0
65842,-2.12320990266,0
65843,-2.16641246071,0
65844,-1.88312132315,0
65845,-1.86337734501,0
65846,-1.97397766569,0
65847,-1.84584041822,0
65848,-2.04766692525,0
65849,-2.18552150276,0
65850,-2.05627175707,0
65851,-1.80389108487,0
65852,-2.21998640894,0
65853,-2.07450712699,0
65854,-2.19145640337,0
65855,-1.93227566025,0
65856,-2.19399535064,0
65857,-1.80272852244,0
65858,-1.92024987861,0
65859,-2.07279238348,0
65860,-2.15031392058,0
65861,-1.83329849455,0
65862,-1.71560156122,0
65863,-1.70367037113,0
65864,-1.72745537253,0
65865,-1.75269814456,0
65866,-1.89529886121,0
65867,-1.72411640589,0
65868,-1.6013195068,0
65869,-1.81204898445,0
65870,-1.91123804954,0
65871,-1.59422734423,0
65872,-1.5689821794,0
65873,-1.56912341672,0
65874,-1.72443205833,0
65875,-1.78968897204,0
65876,-1.56949820841,0
65877,-1.54306471365,0
65878,-1.41486593546,0
65879,-1.55052881521,0
65880,-1.62216254887,0
65881,-1.59366262006,0
65882,-1.18380489154,0
65883,-1.12733670966,0
65884,-1.47273509057,0
65885,-1.02280709541,0
65886,-1.08210733023,0
65887,-0.946543210878,0
65888,-0.989447306923,0
65889,-0.865416287183,0
65890,-0.845833166997,0
65891,-1.19064994272,0
65892,-0.971656663361,0
65893,-0.878928729335,0
65894,-1.04150819463,0
65895,-0.919112688527,0
65896,-0.976777011788,0
65897,-0.625148070672,0
65898,-0.492114277275,0
65899,-0.622322074888,0
65900,-0.740453855332,0
65901,-0.507644241584,0
65902,-0.486516608578,0
65903,-0.603409889636,0
65904,-0.598186750104,0
65905,-0.244932323966,0
65906,-0.132435834332,0
65907,-0.416888366409,0
65908,-0.0411138422957,0
65909,-0.409640402872,0
65910,0.0451427432406,0
65911,-0.203044357532,0
65912,-0.0718327601833,0
65913,-0.176529085363,0
65914,0.00533757689323,0
65915,0.125423790212,0
65916,0.232438426836,0
65917,-0.0431415838258,0
65918,0.329079063619,0
65919,0.0992981834755,0
65920,0.117730108612,0
65921,0.0970733205831,0
65922,0.37103892125,0
65923,0.17669200094,0
65924,0.206598161399,0
65925,0.225367909204,0
65926,0.289021231836,0
65927,0.409028320173,0
65928,0.67998849534,0
65929,0.533183804492,0
65930,0.409200585919,0
65931,0.752397728144,0
65932,0.735396835083,0
65933,0.426680243692,0
65934,0.723171537145,0
65935,0.856923608771,0
65936,0.859048970821,0
65937,0.559173677787,0
65938,0.907292392909,0
65939,0.553609555747,0
65940,0.883201578855,0
65941,0.945896633285,0
65942,0.776502464836,0
65943,0.802197270225,0
65944,0.578273978354,0
65945,0.663762652088,0
65946,0.989154372871,0
65947,0.927378260843,0
65948,0.850691814895,0
65949,0.587423040506,0
65950,0.604862655045,0
65951,0.843311044337,0
65952,0.979322470295,0
65953,0.906033068461,0
65954,0.770855344572,0
65955,0.737109298746,0
65956,0.810582217656,0
65957,0.777881002003,0
65958,0.693933932187,0
65959,0.514198360834,0
65960,0.755963401717,0
65961,0.487572835394,0
65962,0.654787531516,0
65963,0.454649161358,0
65964,0.756030152764,0
65965,0.46332060608,0
65966,0.663654395583,0
65967,0.456587467587,0
65968,0.458477447807,0
65969,0.664983626217,0
65970,0.302202604059,0
65971,0.410337334904,0
65972,0.247434047319,0
65973,0.547995251925,0
65974,0.259123857498,0
65975,0.14586091951,0
65976,0.406036127344,0
65977,0.489818001079,0
65978,0.192599794158,0
65979,0.390905068147,0
65980,0.18688055777,0
65981,0.342107237227,0
65982,0.270963470958,0
65983,-0.145847671575,0
65984,0.14906050173,0
65985,0.19543519862,0
65986,-0.230909029668,0
65987,-0.273498090639,0
65988,0.0426824650729,0
65989,0.0203703692508,0
65990,-0.292443697483,0
65991,-0.266899197113,0
65992,-0.503450316936,0
65993,-0.484253008541,0
65994,-0.233085656309,0
65995,-0.23259555264,0
65996,-0.406468698115,0
65997,-0.324988523272,0
65998,-0.698539849556,0
65999,-0.405823950347,0
66000,-0.831078224521,0
66001,-0.765355929985,0
66002,-0.551094933723,0
66003,-0.748607715258,0
66004,-0.925773144077,0
66005,-1.07642306817,0
66006,-0.800459211465,0
66007,-1.1674906813,0
66008,-1.09624280147,0
66009,-1.05455534604,0
66010,-0.912889394478,0
66011,-1.16837039387,0
66012,-1.08200656959,0
66013,-1.30192429168,0
66014,-1.40703444701,0
66015,-1.13113795545,0
66016,-1.37926452106,0
66017,-1.59312370953,0
66018,-1.58873792339,0
66019,-1.42280074732,0
66020,-1.31060214449,0
66021,-1.67716360696,0
66022,-1.57809093805,0
66023,-1.8080344591,0
66024,-1.84014705625,0
66025,-1.49015921903,0
66026,-1.553737903,0
66027,-1.51295779813,0
66028,-1.58483684732,0
66029,-1.62072537997,0
66030,-1.81184924428,0
66031,-1.92918433641,0
66032,-1.93834554623,0
66033,-1.72377167855,0
66034,-2.10367456629,0
66035,-2.1248721294,0
66036,-1.72993867566,0
66037,-2.0220091852,0
66038,-2.07799641889,0
66039,-2.18456449946,0
66040,-2.21003007676,0
66041,-1.8064135085,0
66042,-2.17841183348,0
66043,-2.22161439153,0
66044,-1.93832325396,0
66045,-1.91857927583,0
66046,-2.02917959651,0
66047,-1.90104234904,0
66048,-2.10286885607,0
66049,-2.24072343358,0
66050,-2.11147368789,0
66051,-1.85909301569,0
66052,-2.27518833976,0
66053,-2.12970905781,0
66054,-2.24665833419,0
66055,-1.98747759107,0
66056,-2.24919728146,0
66057,-1.85793045326,0
66058,-1.97545180943,0
66059,-2.1279943143,0
66060,-2.2055158514,0
66061,-1.88850042537,0
66062,-1.77080349204,0
66063,-1.75887230194,0
66064,-1.78265730335,0
66065,-1.80790007538,0
66066,-1.95050079202,0
66067,-1.77931833671,0
66068,-1.65652143762,0
66069,-1.86725091527,0
66070,-1.96643998036,0
66071,-1.64942927505,0
66072,-1.62418411021,0
66073,-1.62432534754,0
66074,-1.77963398915,0
66075,-1.84489090286,0
66076,-1.62470013923,0
66077,-1.59826664447,0
66078,-1.47006786627,0
66079,-1.60573074603,0
66080,-1.67736447968,0
66081,-1.64886455088,0
66082,-1.23900682236,0
66083,-1.18253864048,0
66084,-1.52793702139,0
66085,-1.07800902623,0
66086,-1.13730926104,0
66087,-1.0017451417,0
66088,-1.04464923774,0
66089,-0.920618218002,0
66090,-0.901035097815,0
66091,-1.24585187353,0
66092,-1.02685859418,0
66093,-0.934130660154,0
66094,-1.09671012545,0
66095,-0.974314619346,0
66096,-1.03197894261,0
66097,-0.680350001491,0
66098,-0.547316208094,0
66099,-0.677524005707,0
66100,-0.79565578615,0
66101,-0.562846172403,0
66102,-0.541718539396,0
66103,-0.658611820455,0
66104,-0.653388680923,0
66105,-0.300134254785,0
66106,-0.18763776515,0
66107,-0.472090297227,0
66108,-0.0963157731144,0
66109,-0.46484233369,0
66110,-0.0100591875781,0
66111,-0.258246288351,0
66112,-0.127034691002,0
66113,-0.231731016182,0
66114,-0.0498643539254,0
66115,0.0702218593929,0
66116,0.177236496017,0
66117,-0.0983435146444,0
66118,0.2738771328,0
66119,0.0440962526569,0
66120,0.062528177793,0
66121,0.0418713897645,0
66122,0.315836990431,0
66123,0.121490070121,0
66124,0.15139623058,0
66125,0.170165978385,0
66126,0.233819301017,0
66127,0.353826389354,0
66128,0.624786564521,0
66129,0.477981873673,0
66130,0.3539986551,0
66131,0.697195797325,0
66132,0.680194904264,0
66133,0.371478312874,0
66134,0.667969606327,0
66135,0.801721677952,0
66136,0.803847040002,0
66137,0.503971746969,0
66138,0.852090462091,0
66139,0.498407624928,0
66140,0.827999648036,0
66141,0.890694702466,0
66142,0.721300534018,0
66143,0.746995339406,0
66144,0.523072047536,0
66145,0.60856072127,0
66146,0.933952442052,0
66147,0.872176330024,0
66148,0.795489884076,0
66149,0.532221109687,0
66150,0.549660724226,0
66151,0.788109113518,0
66152,0.924120539476,0
66153,0.850831137643,0
66154,0.715653413754,0
66155,0.681907367927,0
66156,0.755380286838,0
66157,0.722679071184,0
66158,0.638732001369,0
66159,0.458996430015,0
66160,0.700761470898,0
66161,0.432370904575,0
66162,0.599585600698,0
66163,0.399447230539,0
66164,0.700828221945,0
66165,0.408118675261,0
66166,0.608452464764,0
66167,0.401385536769,0
66168,0.403275516988,0
66169,0.609781695398,0
66170,0.247000673241,0
66171,0.355135404086,0
66172,0.192232116501,0
66173,0.492793321106,0
66174,0.203921926679,0
66175,0.0906589886918,0
66176,0.350834196526,0
66177,0.43461607026,0
66178,0.13739786334,0
66179,0.335703137329,0
66180,0.131678626951,0
66181,0.286905306409,0
66182,0.21576154014,0
66183,-0.201049602394,0
66184,0.0938585709118,0
66185,0.140233267801,0
66186,-0.286110960487,0
66187,-0.328700021457,0
66188,-0.0125194657457,0
66189,-0.0348315615679,0
66190,-0.347645628302,0
66191,-0.322101127931,0
66192,-0.558652247755,0
66193,-0.53945493936,0
66194,-0.288287587128,0
66195,-0.287797483459,0
66196,-0.461670628934,0
66197,-0.380190454091,0
66198,-0.753741780375,0
66199,-0.461025881165,0
66200,-1.01433899486,0
66201,-0.948616700324,0
66202,-0.734355704062,0
66203,-0.931868485598,0
66204,-1.10903391442,0
66205,-1.25968383851,0
66206,-0.983719981805,0
66207,-1.35075145164,0
66208,-1.27950357181,0
66209,-1.23781611638,0
66210,-1.09615016482,0
66211,-1.35163116421,0
66212,-1.26526733993,0
66213,-1.48518506202,0
66214,-1.59029521735,0
66215,-1.31439872579,0
66216,-1.5625252914,0
66217,-1.77638447987,0
66218,-1.77199869373,0
66219,-1.60606151766,0
66220,-1.49386291483,0
66221,-1.8604243773,0
66222,-1.76135170839,0
66223,-1.99129522944,0
66224,-2.02340782659,0
66225,-1.67341998937,0
66226,-1.73699867334,0
66227,-1.69621856847,0
66228,-1.76809761766,0
66229,-1.80398615031,0
66230,-1.99511001462,0
66231,-2.11244510675,0
66232,-2.12160631657,0
66233,-1.90703244889,0
66234,-2.28693533663,0
66235,-2.30813289974,0
66236,-1.913199446,0
66237,-2.20526995554,0
66238,-2.26125718923,0
66239,-2.3678252698,0
66240,-2.3932908471,0
66241,-1.98967427884,0
66242,-2.36167260382,0
66243,-2.40487516187,0
66244,-2.1215840243,0
66245,-2.10184004617,0
66246,-2.21244036685,0
66247,-2.08430311938,0
66248,-2.28612962641,0
66249,-2.42398420392,0
66250,-2.29473445823,0
66251,-2.04235378603,0
66252,-2.4584491101,0
66253,-2.31296982815,0
66254,-2.42991910453,0
66255,-2.17073836141,0
66256,-2.4324580518,0
66257,-2.0411912236,0
66258,-2.15871257977,0
66259,-2.31125508464,0
66260,-2.38877662174,0
66261,-2.07176119571,0
66262,-1.95406426238,0
66263,-1.94213307228,0
66264,-1.96591807369,0
66265,-1.99116084572,0
66266,-2.13376156236,0
66267,-1.96257910705,0
66268,-1.83978220796,0
66269,-2.05051168561,0
66270,-2.1497007507,0
66271,-1.83269004539,0
66272,-1.80744488055,0
66273,-1.80758611788,0
66274,-1.96289475949,0
66275,-2.0281516732,0
66276,-1.80796090957,0
66277,-1.78152741481,0
66278,-1.65332863661,0
66279,-1.78899151637,0
66280,-1.86062525002,0
66281,-1.83212532122,0
66282,-1.4222675927,0
66283,-1.36579941082,0
66284,-1.71119779173,0
66285,-1.26126979657,0
66286,-1.32057003138,0
66287,-1.18500591204,0
66288,-1.22791000808,0
66289,-1.10387898834,0
66290,-1.08429586815,0
66291,-1.42911264387,0
66292,-1.21011936452,0
66293,-1.11739143049,0
66294,-1.27997089579,0
66295,-1.15757538969,0
66296,-1.21523971295,0
66297,-0.86361077183,0
66298,-0.730576978434,0
66299,-0.860784776047,0
66300,-0.97891655649,0
66301,-0.746106942743,0
66302,-0.724979309736,0
66303,-0.841872590794,0
66304,-0.836649451262,0
66305,-0.483395025125,0
66306,-0.37089853549,0
66307,-0.655351067567,0
66308,-0.279576543454,0
66309,-0.64810310403,0
66310,-0.193319957918,0
66311,-0.441507058691,0
66312,-0.310295461342,0
66313,-0.414991786522,0
66314,-0.233125124265,0
66315,-0.113038910947,0
66316,-0.00602427432263,0
66317,-0.281604284984,0
66318,0.0906163624602,0
66319,-0.139164517683,0
66320,-0.120732592547,0
66321,-0.141389380575,0
66322,0.132576220092,0
66323,-0.0617707002184,0
66324,-0.0318645397598,0
66325,-0.0130947919547,0
66326,0.0505585306775,0
66327,0.170565619015,0
66328,0.441525794181,0
66329,0.294721103333,0
66330,0.17073788476,0
66331,0.513935026985,0
66332,0.496934133924,0
66333,0.188217542534,0
66334,0.484708835987,0
66335,0.618460907613,0
66336,0.620586269663,0
66337,0.320710976629,0
66338,0.668829691751,0
66339,0.315146854589,0
66340,0.644738877696,0
66341,0.707433932127,0
66342,0.538039763678,0
66343,0.563734569066,0
66344,0.339811277196,0
66345,0.42529995093,0
66346,0.750691671712,0
66347,0.688915559684,0
66348,0.612229113736,0
66349,0.348960339347,0
66350,0.366399953886,0
66351,0.604848343178,0
66352,0.740859769136,0
66353,0.667570367303,0
66354,0.532392643414,0
66355,0.498646597588,0
66356,0.572119516498,0
66357,0.539418300844,0
66358,0.455471231029,0
66359,0.275735659675,0
66360,0.517500700559,0
66361,0.249110134235,0
66362,0.416324830358,0
66363,0.216186460199,0
66364,0.517567451606,0
66365,0.224857904921,0
66366,0.425191694424,0
66367,0.218124766429,0
66368,0.220014746648,0
66369,0.426520925058,0
66370,0.0637399029008,0
66371,0.171874633746,0
66372,0.00897134616109,0
66373,0.309532550766,0
66374,0.0206611563397,0
66375,-0.092601781648,0
66376,0.167573426186,0
66377,0.251355299921,0
66378,-0.045862907,0
66379,0.152442366989,0
66380,-0.0515821433886,0
66381,0.103644536069,0
66382,0.0325007698,0
66383,-0.384310372734,0
66384,-0.0894021994279,0
66385,-0.0430275025387,0
66386,-0.469371730827,0
66387,-0.511960791797,0
66388,-0.195780236085,0
66389,-0.218092331908,0
66390,-0.530906398641,0
66391,-0.505361898271,0
66392,-0.741913018095,0
66393,-0.722715709699,0
66394,-0.471548357468,0
66395,-0.471058253798,0
66396,-0.644931399274,0
66397,-0.56345122443,0
66398,-0.937002550715,0
66399,-0.644286651505,0
66400,-0.966107007549,0
66401,-0.900384713013,0
66402,-0.686123716751,0
66403,-0.883636498287,0
66404,-1.06080192711,0
66405,-1.2114518512,0
66406,-0.935487994493,0
66407,-1.30251946433,0
66408,-1.23127158449,0
66409,-1.18958412907,0
66410,-1.04791817751,0
66411,-1.3033991769,0
66412,-1.21703535262,0
66413,-1.43695307471,0
66414,-1.54206323004,0
66415,-1.26616673847,0
66416,-1.51429330409,0
66417,-1.72815249256,0
66418,-1.72376670642,0
66419,-1.55782953035,0
66420,-1.44563092751,0
66421,-1.81219238999,0
66422,-1.71311972108,0
66423,-1.94306324213,0
66424,-1.97517583928,0
66425,-1.62518800205,0
66426,-1.68876668603,0
66427,-1.64798658115,0
66428,-1.71986563035,0
66429,-1.755754163,0
66430,-1.94687802731,0
66431,-2.06421311944,0
66432,-2.07337432926,0
66433,-1.85880046158,0
66434,-2.23870334932,0
66435,-2.25990091242,0
66436,-1.86496745868,0
66437,-2.15703796823,0
66438,-2.21302520191,0
66439,-2.31959328249,0
66440,-2.34505885979,0
66441,-1.94144229153,0
66442,-2.31344061651,0
66443,-2.35664317456,0
66444,-2.07335203699,0
66445,-2.05360805886,0
66446,-2.16420837954,0
66447,-2.03607113206,0
66448,-2.23789763909,0
66449,-2.37575221661,0
66450,-2.24650247092,0
66451,-1.99412179871,0
66452,-2.41021712278,0
66453,-2.26473784084,0
66454,-2.38168711722,0
66455,-2.1225063741,0
66456,-2.38422606449,0
66457,-1.99295923628,0
66458,-2.11048059245,0
66459,-2.26302309732,0
66460,-2.34054463443,0
66461,-2.0235292084,0
66462,-1.90583227507,0
66463,-1.89390108497,0
66464,-1.91768608638,0
66465,-1.94292885841,0
66466,-2.08552957505,0
66467,-1.91434711974,0
66468,-1.79155022065,0
66469,-2.00227969829,0
66470,-2.10146876339,0
66471,-1.78445805808,0
66472,-1.75921289324,0
66473,-1.75935413057,0
66474,-1.91466277218,0
66475,-1.97991968589,0
66476,-1.75972892226,0
66477,-1.7332954275,0
66478,-1.6050966493,0
66479,-1.74075952905,0
66480,-1.81239326271,0
66481,-1.78389333391,0
66482,-1.37403560539,0
66483,-1.31756742351,0
66484,-1.66296580442,0
66485,-1.21303780926,0
66486,-1.27233804407,0
66487,-1.13677392473,0
66488,-1.17967802077,0
66489,-1.05564700103,0
66490,-1.03606388084,0
66491,-1.38088065656,0
66492,-1.16188737721,0
66493,-1.06915944318,0
66494,-1.23173890848,0
66495,-1.10934340237,0
66496,-1.16700772564,0
66497,-0.815378784519,0
66498,-0.682344991123,0
66499,-0.812552788735,0
66500,-0.930684569179,0
66501,-0.697874955432,0
66502,-0.676747322425,0
66503,-0.793640603483,0
66504,-0.788417463951,0
66505,-0.435163037813,0
66506,-0.322666548179,0
66507,-0.607119080256,0
66508,-0.231344556143,0
66509,-0.599871116719,0
66510,-0.145087970607,0
66511,-0.39327507138,0
66512,-0.262063474031,0
66513,-0.366759799211,0
66514,-0.184893136954,0
66515,-0.0648069236357,0
66516,0.0422077129885,0
66517,-0.233372297673,0
66518,0.138848349771,0
66519,-0.0909325303718,0
66520,-0.0725006052357,0
66521,-0.0931573932641,0
66522,0.180808207403,0
66523,-0.0135387129073,0
66524,0.0163674475514,0
66525,0.0351371953565,0
66526,0.0987905179886,0
66527,0.218797606326,0
66528,0.489757781492,0
66529,0.342953090645,0
66530,0.218969872071,0
66531,0.562167014296,0
66532,0.545166121235,0
66533,0.236449529845,0
66534,0.532940823298,0
66535,0.666692894924,0
66536,0.668818256974,0
66537,0.36894296394,0
66538,0.717061679062,0
66539,0.3633788419,0
66540,0.692970865008,0
66541,0.755665919438,0
66542,0.586271750989,0
66543,0.611966556378,0
66544,0.388043264507,0
66545,0.473531938241,0
66546,0.798923659023,0
66547,0.737147546995,0
66548,0.660461101048,0
66549,0.397192326658,0
66550,0.414631941197,0
66551,0.653080330489,0
66552,0.789091756447,0
66553,0.715802354614,0
66554,0.580624630725,0
66555,0.546878584899,0
66556,0.620351503809,0
66557,0.587650288156,0
66558,0.50370321834,0
66559,0.323967646986,0
66560,0.56573268787,0
66561,0.297342121546,0
66562,0.464556817669,0
66563,0.26441844751,0
66564,0.565799438917,0
66565,0.273089892233,0
66566,0.473423681735,0
66567,0.26635675374,0
66568,0.268246733959,0
66569,0.474752912369,0
66570,0.111971890212,0
66571,0.220106621057,0
66572,0.0572033334722,0
66573,0.357764538078,0
66574,0.0688931436509,0
66575,-0.0443697943369,0
66576,0.215805413497,0
66577,0.299587287232,0
66578,0.00236908031112,0
66579,0.2006743543,0
66580,-0.00335015607745,0
66581,0.15187652338,0
66582,0.0807327571112,0
66583,-0.336078385422,0
66584,-0.0411702121168,0
66585,0.00520448477243,0
66586,-0.421139743516,0
66587,-0.463728804486,0
66588,-0.147548248774,0
66589,-0.169860344596,0
66590,-0.48267441133,0
66591,-0.45712991096,0
66592,-0.693681030784,0
66593,-0.674483722388,0
66594,-0.423316370157,0
66595,-0.422826266487,0
66596,-0.596699411963,0
66597,-0.515219237119,0
66598,-0.888770563404,0
66599,-0.596054664194,0
66600,-1.01544389302,0
66601,-0.949721598487,0
66602,-0.735460602225,0
66603,-0.932973383761,0
66604,-1.11013881258,0
66605,-1.26078873667,0
66606,-0.984824879968,0
66607,-1.3518563498,0
66608,-1.28060846997,0
66609,-1.23892101455,0
66610,-1.09725506298,0
66611,-1.35273606237,0
66612,-1.26637223809,0
66613,-1.48628996019,0
66614,-1.59140011551,0
66615,-1.31550362395,0
66616,-1.56363018956,0
66617,-1.77748937804,0
66618,-1.77310359189,0
66619,-1.60716641583,0
66620,-1.49496781299,0
66621,-1.86152927547,0
66622,-1.76245660655,0
66623,-1.9924001276,0
66624,-2.02451272476,0
66625,-1.67452488753,0
66626,-1.73810357151,0
66627,-1.69732346663,0
66628,-1.76920251582,0
66629,-1.80509104848,0
66630,-1.99621491278,0
66631,-2.11355000491,0
66632,-2.12271121473,0
66633,-1.90813734706,0
66634,-2.2880402348,0
66635,-2.3092377979,0
66636,-1.91430434416,0
66637,-2.2063748537,0
66638,-2.26236208739,0
66639,-2.36893016797,0
66640,-2.39439574526,0
66641,-1.99077917701,0
66642,-2.36277750198,0
66643,-2.40598006004,0
66644,-2.12268892247,0
66645,-2.10294494434,0
66646,-2.21354526501,0
66647,-2.08540801754,0
66648,-2.28723452457,0
66649,-2.42508910208,0
66650,-2.29583935639,0
66651,-2.04345868419,0
66652,-2.45955400826,0
66653,-2.31407472631,0
66654,-2.43102400269,0
66655,-2.17184325957,0
66656,-2.43356294996,0
66657,-2.04229612176,0
66658,-2.15981747793,0
66659,-2.3123599828,0
66660,-2.3898815199,0
66661,-2.07286609387,0
66662,-1.95516916054,0
66663,-1.94323797045,0
66664,-1.96702297185,0
66665,-1.99226574388,0
66666,-2.13486646053,0
66667,-1.96368400521,0
66668,-1.84088710612,0
66669,-2.05161658377,0
66670,-2.15080564887,0
66671,-1.83379494355,0
66672,-1.80854977872,0
66673,-1.80869101605,0
66674,-1.96399965766,0
66675,-2.02925657136,0
66676,-1.80906580774,0
66677,-1.78263231298,0
66678,-1.65443353478,0
66679,-1.79009641453,0
66680,-1.86173014819,0
66681,-1.83323021938,0
66682,-1.42337249087,0
66683,-1.36690430898,0
66684,-1.71230268989,0
66685,-1.26237469473,0
66686,-1.32167492955,0
66687,-1.1861108102,0
66688,-1.22901490624,0
66689,-1.1049838865,0
66690,-1.08540076632,0
66691,-1.43021754204,0
66692,-1.21122426268,0
66693,-1.11849632866,0
66694,-1.28107579395,0
66695,-1.15868028785,0
66696,-1.21634461111,0
66697,-0.864715669993,0
66698,-0.731681876597,0
66699,-0.86188967421,0
66700,-0.980021454653,0
66701,-0.747211840906,0
66702,-0.726084207899,0
66703,-0.842977488957,0
66704,-0.837754349425,0
66705,-0.484499923288,0
66706,-0.372003433653,0
66707,-0.65645596573,0
66708,-0.280681441617,0
66709,-0.649208002193,0
66710,-0.194424856081,0
66711,-0.442611956854,0
66712,-0.311400359505,0
66713,-0.416096684685,0
66714,-0.234230022428,0
66715,-0.11414380911,0
66716,-0.00712917248558,0
66717,-0.282709183147,0
66718,0.0895114642972,0
66719,-0.140269415846,0
66720,-0.12183749071,0
66721,-0.142494278738,0
66722,0.131471321929,0
66723,-0.0628755983814,0
66724,-0.0329694379227,0
66725,-0.0141996901176,0
66726,0.0494536325145,0
66727,0.169460720852,0
66728,0.440420896018,0
66729,0.29361620517,0
66730,0.169632986597,0
66731,0.512830128822,0
66732,0.495829235761,0
66733,0.187112644371,0
66734,0.483603937824,0
66735,0.61735600945,0
66736,0.6194813715,0
66737,0.319606078466,0
66738,0.667724793588,0
66739,0.314041956426,0
66740,0.643633979533,0
66741,0.706329033964,0
66742,0.536934865515,0
66743,0.562629670903,0
66744,0.338706379033,0
66745,0.424195052767,0
66746,0.749586773549,0
66747,0.687810661521,0
66748,0.611124215573,0
66749,0.347855441184,0
66750,0.365295055723,0
66751,0.603743445015,0
66752,0.739754870973,0
66753,0.66646546914,0
66754,0.531287745251,0
66755,0.497541699425,0
66756,0.571014618335,0
66757,0.538313402681,0
66758,0.454366332866,0
66759,0.274630761512,0
66760,0.516395802396,0
66761,0.248005236072,0
66762,0.415219932195,0
66763,0.215081562036,0
66764,0.516462553443,0
66765,0.223753006758,0
66766,0.424086796261,0
66767,0.217019868266,0
66768,0.218909848485,0
66769,0.425416026895,0
66770,0.0626350047379,0
66771,0.170769735583,0
66772,0.00786644799814,0
66773,0.308427652603,0
66774,0.0195562581768,0
66775,-0.0937066798109,0
66776,0.166468528023,0
66777,0.250250401758,0
66778,-0.046967805163,0
66779,0.151337468826,0
66780,-0.0526870415515,0
66781,0.102539637906,0
66782,0.0313958716371,0
66783,-0.385415270896,0
66784,-0.0905070975909,0
66785,-0.0441324007017,0
66786,-0.47047662899,0
66787,-0.51306568996,0
66788,-0.196885134248,0
66789,-0.219197230071,0
66790,-0.532011296804,0
66791,-0.506466796434,0
66792,-0.743017916258,0
66793,-0.723820607862,0
66794,-0.472653255631,0
66795,-0.472163151961,0
66796,-0.646036297437,0
66797,-0.564556122593,0
66798,-0.938107448878,0
66799,-0.645391549668,0
66800,-1.0402657485,0
66801,-0.974543453968,0
66802,-0.760282457706,0
66803,-0.957795239241,0
66804,-1.13496066806,0
66805,-1.28561059215,0
66806,-1.00964673545,0
66807,-1.37667820528,0
66808,-1.30543032545,0
66809,-1.26374287003,0
66810,-1.12207691846,0
66811,-1.37755791785,0
66812,-1.29119409357,0
66813,-1.51111181567,0
66814,-1.61622197099,0
66815,-1.34032547943,0
66816,-1.58845204504,0
66817,-1.80231123352,0
66818,-1.79792544737,0
66819,-1.63198827131,0
66820,-1.51978966847,0
66821,-1.88635113095,0
66822,-1.78727846203,0
66823,-2.01722198308,0
66824,-2.04933458024,0
66825,-1.69934674301,0
66826,-1.76292542699,0
66827,-1.72214532211,0
66828,-1.7940243713,0
66829,-1.82991290396,0
66830,-2.02103676826,0
66831,-2.13837186039,0
66832,-2.14753307021,0
66833,-1.93295920254,0
66834,-2.31286209028,0
66835,-2.33405965338,0
66836,-1.93912619964,0
66837,-2.23119670918,0
66838,-2.28718394287,0
66839,-2.39375202345,0
66840,-2.41921760074,0
66841,-2.01560103249,0
66842,-2.38759935747,0
66843,-2.43080191552,0
66844,-2.14751077795,0
66845,-2.12776679982,0
66846,-2.23836712049,0
66847,-2.11022987302,0
66848,-2.31205638005,0
66849,0.412889179327,1
66850,0.380336395203,1
66851,0.34555482654,1
66852,0.308606085703,1
66853,0.269555624005,1
66854,0.228472615765,1
66855,0.185429835773,1
66856,0.140503530374,1
66857,0.0937732824076,1
66858,0.0453218702306,1
66859,-0.00476487891394,1
66860,-0.0563982409337,1
66861,-0.109486752053,1
66862,-0.163936370833,1
66863,-0.219650644757,1
66864,-0.276530881087,1
66865,-0.33447632169,1
66866,-0.393384321521,1
66867,-0.453150530449,1
66868,-0.513669078105,1
66869,-0.574832761419,1
66870,-0.636533234525,1
66871,-0.69866120068,1
66872,-0.761106605878,1
66873,-0.823758833798,1
66874,-0.886506901753,1
66875,-0.949239657283,1
66876,-1.01184597505,1
66877,-1.0742149537,1
66878,-1.13623611228,1
66879,-1.19779958599,1
66880,-1.25879632078,1
66881,-1.31911826651,1
66882,-1.37865856836,1
66883,-1.43731175616,1
66884,-1.49497393113,1
66885,-1.55154295003,1
66886,-1.60691860599,1
66887,-1.66100280613,1
66888,-1.71369974522,1
66889,-1.76491607547,1
66890,-1.81456107183,1
66891,-1.86254679273,1
66892,-1.90878823585,1
66893,-1.95320348873,1
66894,-1.99571387379,1
66895,-2.03624408779,1
66896,-2.07472233515,1
66897,-2.11108045519,1
66898,-2.14525404282,1
66899,-2.17718256266,1
66900,-2.20680945625,1
66901,-2.23408224227,1
66902,-2.25895260948,1
66903,-2.28137650228,1
66904,-2.30131419881,1
66905,-2.31873038127,1
66906,-2.33359419848,1
66907,-2.34587932055,1
66908,-2.3555639855,1
66909,-2.36263103785,1
66910,-2.36706795895,1
66911,-2.3688668892,1
66912,-2.36802464198,1
66913,-2.36454270922,1
66914,-2.35842725888,1
66915,-2.3496891239,1
66916,-2.33834378308,1
66917,-2.32441133368,1
66918,-2.30791645573,1
66919,-2.28888836842,1
66920,-2.26736077825,1
66921,-2.24337181938,1
66922,-2.21696398606,1
66923,-2.18818405734,1
66924,-2.15708301424,1
66925,-2.12371594941,1
66926,-2.08814196955,1
66927,-2.05042409071,1
66928,-2.01062912665,1
66929,-1.96882757053,1
66930,-1.92509346996,1
66931,-1.87950429591,1
66932,-1.83214080542,1
66933,-1.78308689858,1
66934,-1.73242946991,1
66935,-1.6802582544,1
66936,-1.62666566858,1
66937,-1.57174664681,1
66938,-1.51559847312,1
66939,-1.45832060885,1
66940,-1.40001451651,1
66941,-1.34078348,1
66942,-1.28073242167,1
66943,-1.21996771649,1
66944,-1.15859700357,1
66945,-1.09672899551,1
66946,-1.03447328582,1
66947,-0.971940154792,1
66948,-0.909240374152,1
66949,-0.846485010822,1
66950,-0.783785230183,1
66951,-0.721252099158,1
66952,-0.658996389468,1
66953,-0.597128381404,1
66954,-0.535757668481,1
66955,-0.4749929633,1
66956,-0.414941904975,1
66957,-0.355710868462,1
66958,-0.29740477612,1
66959,-0.240126911856,1
66960,-0.183978738165,1
66961,-0.129059716399,1
66962,-0.0754671305776,1
66963,-0.0232959150633,1
66964,0.0273615136104,1
66965,0.0764154204447,1
66966,0.123778910933,1
66967,0.169368084985,1
66968,0.213102185553,1
66969,0.254903741679,1
66970,0.294698705732,1
66971,0.332416584575,1
66972,0.367990564437,1
66973,0.401357629269,1
66974,0.432458672369,1
66975,0.461238601085,1
66976,0.487646434407,1
66977,0.511635393275,1
66978,0.533162983445,1
66979,0.552191070759,1
66980,0.568685948703,1
66981,0.582618398111,1
66982,0.593963738922,1
66983,0.602701873904,1
66984,0.608817324251,1
66985,0.612299257001,1
66986,0.61314150423,1
66987,0.611342573974,1
66988,0.606905652873,1
66989,0.599838600527,1
66990,0.590153935572,1
66991,0.577868813506,1
66992,0.563004996298,1
66993,0.54558881384,1
66994,0.525651117307,1
66995,0.503227224501,1
66996,0.478356857299,1
66997,0.451084071278,1
66998,0.421457177684,1
66999,0.389528657846,1
67000,0.36001239822,1
67001,0.323654278183,1
67002,0.285176030819,1
67003,0.244645816822,1
67004,0.202135431758,1
67005,0.157720178883,1
67006,0.111478735754,1
67007,0.0634930148536,1
67008,0.0138480184966,1
67009,-0.0373683117496,1
67010,-0.0900652508432,1
67011,-0.144149450979,1
67012,-0.199525106946,1
67013,-0.256094125837,1
67014,-0.313756300813,1
67015,-0.372409488607,1
67016,-0.431949790465,1
67017,-0.492271736191,1
67018,-0.553268470978,1
67019,-0.614831944693,1
67020,-0.676853103276,1
67021,-0.739222081921,1
67022,-0.801828399689,1
67023,-0.864561155218,1
67024,-0.927309223173,1
67025,-0.989961451094,1
67026,-1.05240685629,1
67027,-1.11453482245,1
67028,-1.17623529555,1
67029,-1.23739897887,1
67030,-1.29791752652,1
67031,-1.35768373545,1
67032,-1.41659173528,1
67033,-1.47453717588,1
67034,-1.53141741221,1
67035,-1.58713168614,1
67036,-1.64158130492,1
67037,-1.69466981604,1
67038,-1.74630317806,1
67039,-1.7963899272,1
67040,-1.84484133938,1
67041,-1.89157158735,1
67042,-1.93649789274,1
67043,-1.97954067274,1
67044,-2.02062368098,1
67045,-2.05967414267,1
67046,-2.09662288351,1
67047,-2.13140445217,1
67048,-2.1639572363,1
67049,-2.44525362956,0
67050,-2.31600388387,0
67051,-2.06362321167,0
67052,-2.47971853574,0
67053,-2.33423925379,0
67054,-2.45118853017,0
67055,-2.19200778705,0
67056,-2.45372747744,0
67057,-2.06246064924,0
67058,-2.17998200541,0
67059,-2.33252451028,0
67060,-2.41004604738,0
67061,-2.09303062135,0
67062,-1.97533368802,0
67063,-1.96340249793,0
67064,-1.98718749933,0
67065,-2.01243027136,0
67066,-2.155030988,0
67067,-1.98384853269,0
67068,-1.8610516336,0
67069,-2.07178111125,0
67070,-2.17097017634,0
67071,-1.85395947103,0
67072,-1.8287143062,0
67073,-1.82885554352,0
67074,-1.98416418513,0
67075,-2.04942109884,0
67076,-1.82923033521,0
67077,-1.80279684045,0
67078,-1.67459806225,0
67079,-1.81026094201,0
67080,-1.88189467567,0
67081,-1.85339474686,0
67082,-1.44353701834,0
67083,-1.38706883646,0
67084,-1.73246721737,0
67085,-1.28253922221,0
67086,-1.34183945702,0
67087,-1.20627533768,0
67088,-1.24917943372,0
67089,-1.12514841398,0
67090,-1.1055652938,0
67091,-1.45038206952,0
67092,-1.23138879016,0
67093,-1.13866085613,0
67094,-1.30124032143,0
67095,-1.17884481533,0
67096,-1.23650913859,0
67097,-0.884880197471,0
67098,-0.751846404075,0
67099,-0.882054201688,0
67100,-1.00018598213,0
67101,-0.767376368384,0
67102,-0.746248735377,0
67103,-0.863142016435,0
67104,-0.857918876903,0
67105,-0.504664450766,0
67106,-0.392167961131,0
67107,-0.676620493208,0
67108,-0.300845969095,0
67109,-0.669372529671,0
67110,-0.214589383559,0
67111,-0.462776484332,0
67112,-0.331564886983,0
67113,-0.436261212163,0
67114,-0.254394549906,0
67115,-0.134308336588,0
67116,-0.0272936999636,0
67117,-0.302873710625,0
67118,0.0693469368192,0
67119,-0.160433943324,0
67120,-0.142002018188,0
67121,-0.162658806216,0
67122,0.111306794451,0
67123,-0.0830401258594,0
67124,-0.0531339654008,0
67125,-0.0343642175957,0
67126,0.0292891050365,0
67127,0.149296193374,0
67128,0.42025636854,0
67129,0.273451677692,0
67130,0.149468459119,0
67131,0.492665601344,0
67132,0.475664708283,0
67133,0.166948116893,0
67134,0.463439410346,0
67135,0.597191481972,0
67136,0.599316844022,0
67137,0.299441550988,0
67138,0.64756026611,0
67139,0.293877428948,0
67140,0.623469452055,0
67141,0.686164506486,0
67142,0.516770338037,0
67143,0.542465143425,0
67144,0.318541851555,0
67145,0.404030525289,0
67146,0.729422246071,0
67147,0.667646134043,0
67148,0.590959688095,0
67149,0.327690913706,0
67150,0.345130528245,0
67151,0.583578917537,0
67152,0.719590343495,0
67153,0.646300941662,0
67154,0.511123217773,0
67155,0.477377171947,0
67156,0.550850090857,0
67157,0.518148875203,0
67158,0.434201805388,0
67159,0.254466234034,0
67160,0.496231274918,0
67161,0.227840708594,0
67162,0.395055404717,0
67163,0.194917034558,0
67164,0.496298025965,0
67165,0.20358847928,0
67166,0.403922268783,0
67167,0.196855340788,0
67168,0.198745321007,0
67169,0.405251499417,0
67170,0.0424704772598,0
67171,0.150605208105,0
67172,-0.0122980794799,0
67173,0.288263125125,0
67174,-0.00060826930126,0
67175,-0.113871207289,0
67176,0.146304000545,0
67177,0.23008587428,0
67178,-0.067132332641,0
67179,0.131172941348,0
67180,-0.0728515690296,0
67181,0.082375110428,0
67182,0.011231344159,0
67183,-0.405579798375,0
67184,-0.110671625069,0
67185,-0.0642969281797,0
67186,-0.490641156468,0
67187,-0.533230217438,0
67188,-0.217049661726,0
67189,-0.239361757549,0
67190,-0.552175824282,0
67191,-0.526631323912,0
67192,-0.763182443736,0
67193,-0.74398513534,0
67194,-0.492817783109,0
67195,-0.492327679439,0
67196,-0.666200824915,0
67197,-0.584720650071,0
67198,-0.958271976356,0
67199,-0.665556077146,0
67200,-1.00189461009,0
67201,-0.93617231555,0
67202,-0.721911319288,0
67203,-0.919424100823,0
67204,-1.09658952964,0
67205,-1.24723945373,0
67206,-0.97127559703,0
67207,-1.33830706686,0
67208,-1.26705918703,0
67209,-1.22537173161,0
67210,-1.08370578004,0
67211,-1.33918677944,0
67212,-1.25282295515,0
67213,-1.47274067725,0
67214,-1.57785083257,0
67215,-1.30195434101,0
67216,-1.55008090662,0
67217,-1.7639400951,0
67218,-1.75955430896,0
67219,-1.59361713289,0
67220,-1.48141853005,0
67221,-1.84797999253,0
67222,-1.74890732362,0
67223,-1.97885084466,0
67224,-2.01096344182,0
67225,-1.66097560459,0
67226,-1.72455428857,0
67227,-1.68377418369,0
67228,-1.75565323289,0
67229,-1.79154176554,0
67230,-1.98266562984,0
67231,-2.10000072197,0
67232,-2.1091619318,0
67233,-1.89458806412,0
67234,-2.27449095186,0
67235,-2.29568851496,0
67236,-1.90075506122,0
67237,-2.19282557076,0
67238,-2.24881280445,0
67239,-2.35538088503,0
67240,-2.38084646232,0
67241,-1.97722989407,0
67242,-2.34922821905,0
67243,-2.3924307771,0
67244,-2.10913963953,0
67245,-2.0893956614,0
67246,-2.19999598207,0
67247,-2.0718587346,0
67248,-2.27368524163,0
67249,-2.41153981914,0
67250,-2.28229007346,0
67251,-2.02990940125,0
67252,-2.44600472532,0
67253,-2.30052544337,0
67254,-2.41747471975,0
67255,-2.15829397663,0
67256,-2.42001366703,0
67257,-2.02874683882,0
67258,-2.14626819499,0
67259,-2.29881069986,0
67260,-2.37633223697,0
67261,-2.05931681093,0
67262,-1.9416198776,0
67263,-1.92968868751,0
67264,-1.95347368891,0
67265,-1.97871646095,0
67266,-2.12131717759,0
67267,-1.95013472227,0
67268,-1.82733782319,0
67269,-2.03806730083,0
67270,-2.13725636593,0
67271,-1.82024566061,0
67272,-1.79500049578,0
67273,-1.79514173311,0
67274,-1.95045037472,0
67275,-2.01570728842,0
67276,-1.7955165248,0
67277,-1.76908303004,0
67278,-1.64088425184,0
67279,-1.77654713159,0
67280,-1.84818086525,0
67281,-1.81968093644,0
67282,-1.40982320793,0
67283,-1.35335502605,0
67284,-1.69875340695,0
67285,-1.24882541179,0
67286,-1.30812564661,0
67287,-1.17256152726,0
67288,-1.21546562331,0
67289,-1.09143460357,0
67290,-1.07185148338,0
67291,-1.4166682591,0
67292,-1.19767497974,0
67293,-1.10494704572,0
67294,-1.26752651101,0
67295,-1.14513100491,0
67296,-1.20279532817,0
67297,-0.851166387056,0
67298,-0.718132593659,0
67299,-0.848340391272,0
67300,-0.966472171715,0
67301,-0.733662557968,0
67302,-0.712534924961,0
67303,-0.82942820602,0
67304,-0.824205066488,0
67305,-0.47095064035,0
67306,-0.358454150715,0
67307,-0.642906682792,0
67308,-0.267132158679,0
67309,-0.635658719256,0
67310,-0.180875573143,0
67311,-0.429062673916,0
67312,-0.297851076567,0
67313,-0.402547401747,0
67314,-0.22068073949,0
67315,-0.100594526172,0
67316,0.00642011045209,0
67317,-0.269159900209,0
67318,0.103060747235,0
67319,-0.126720132908,0
67320,-0.108288207772,0
67321,-0.128944995801,0
67322,0.145020604866,0
67323,-0.0493263154437,0
67324,-0.019420154985,0
67325,-0.000650407179961,0
67326,0.0630029154522,0
67327,0.183010003789,0
67328,0.453970178956,0
67329,0.307165488108,0
67330,0.183182269535,0
67331,0.52637941176,0
67332,0.509378518699,0
67333,0.200661927309,0
67334,0.497153220762,0
67335,0.630905292387,0
67336,0.633030654437,0
67337,0.333155361404,0
67338,0.681274076526,0
67339,0.327591239363,0
67340,0.657183262471,0
67341,0.719878316901,0
67342,0.550484148453,0
67343,0.576178953841,0
67344,0.352255661971,0
67345,0.437744335705,0
67346,0.763136056487,0
67347,0.701359944459,0
67348,0.624673498511,0
67349,0.361404724122,0
67350,0.378844338661,0
67351,0.617292727953,0
67352,0.753304153911,0
67353,0.680014752078,0
67354,0.544837028189,0
67355,0.511090982362,0
67356,0.584563901272,0
67357,0.551862685619,0
67358,0.467915615803,0
67359,0.28818004445,0
67360,0.529945085333,0
67361,0.26155451901,0
67362,0.428769215133,0
67363,0.228630844974,0
67364,0.53001183638,0
67365,0.237302289696,0
67366,0.437636079199,0
67367,0.230569151204,0
67368,0.232459131423,0
67369,0.438965309833,0
67370,0.0761842876755,0
67371,0.184319018521,0
67372,0.0214157309358,0
67373,0.321976935541,0
67374,0.0331055411144,0
67375,-0.0801573968733,0
67376,0.180017810961,0
67377,0.263799684695,0
67378,-0.0334185222253,0
67379,0.164886751764,0
67380,-0.0391377586139,0
67381,0.116088920844,0
67382,0.0449451545747,0
67383,-0.371865987959,0
67384,-0.0769578146532,0
67385,-0.030583117764,0
67386,-0.456927346052,0
67387,-0.499516407022,0
67388,-0.183335851311,0
67389,-0.205647947133,0
67390,-0.518462013867,0
67391,-0.492917513496,0
67392,-0.72946863332,0
67393,-0.710271324925,0
67394,-0.459103972693,0
67395,-0.458613869024,0
67396,-0.632487014499,0
67397,-0.551006839656,0
67398,-0.92455816594,0
67399,-0.63184226673,0
67400,-0.79181598655,0
67401,-0.726093692014,0
67402,-0.511832695752,0
67403,-0.709345477288,0
67404,-0.886510906106,0
67405,-1.0371608302,0
67406,-0.761196973494,0
67407,-1.12822844333,0
67408,-1.05698056349,0
67409,-1.01529310807,0
67410,-0.873627156508,0
67411,-1.1291081559,0
67412,-1.04274433162,0
67413,-1.26266205371,0
67414,-1.36777220904,0
67415,-1.09187571748,0
67416,-1.34000228309,0
67417,-1.55386147156,0
67418,-1.54947568542,0
67419,-1.38353850935,0
67420,-1.27133990652,0
67421,-1.63790136899,0
67422,-1.53882870008,0
67423,-1.76877222113,0
67424,-1.80088481828,0
67425,-1.45089698106,0
67426,-1.51447566503,0
67427,-1.47369556016,0
67428,-1.54557460935,0
67429,-1.581463142,0
67430,-1.77258700631,0
67431,-1.88992209844,0
67432,-1.89908330826,0
67433,-1.68450944058,0
67434,-2.06441232832,0
67435,-2.08560989142,0
67436,-1.69067643768,0
67437,-1.98274694723,0
67438,-2.03873418091,0
67439,-2.14530226149,0
67440,-2.17076783879,0
67441,-1.76715127053,0
67442,-2.13914959551,0
67443,-2.18235215356,0
67444,-1.89906101599,0
67445,-1.87931703786,0
67446,-1.98991735854,0
67447,-1.86178011106,0
67448,-2.06360661809,0
67449,-2.20146119561,0
67450,-2.07221144992,0
67451,-1.81983077771,0
67452,-2.23592610179,0
67453,-2.09044681984,0
67454,-2.20739609622,0
67455,-1.9482153531,0
67456,-2.20993504349,0
67457,-1.81866821529,0
67458,-1.93618957145,0
67459,-2.08873207633,0
67460,-2.16625361343,0
67461,-1.8492381874,0
67462,-1.73154125407,0
67463,-1.71961006397,0
67464,-1.74339506538,0
67465,-1.76863783741,0
67466,-1.91123855405,0
67467,-1.74005609874,0
67468,-1.61725919965,0
67469,-1.8279886773,0
67470,-1.92717774239,0
67471,-1.61016703708,0
67472,-1.58492187224,0
67473,-1.58506310957,0
67474,-1.74037175118,0
67475,-1.80562866489,0
67476,-1.58543790126,0
67477,-1.5590044065,0
67478,-1.4308056283,0
67479,-1.56646850806,0
67480,-1.63810224171,0
67481,-1.60960231291,0
67482,-1.19974458439,0
67483,-1.14327640251,0
67484,-1.48867478342,0
67485,-1.03874678826,0
67486,-1.09804702307,0
67487,-0.962482903726,0
67488,-1.00538699977,0
67489,-0.881355980031,0
67490,-0.861772859845,0
67491,-1.20658963556,0
67492,-0.987596356209,0
67493,-0.894868422184,0
67494,-1.05744788748,0
67495,-0.935052381376,0
67496,-0.992716704637,0
67497,-0.64108776352,0
67498,-0.508053970123,0
67499,-0.638261767736,0
67500,-0.75639354818,0
67501,-0.523583934432,0
67502,-0.502456301426,0
67503,-0.619349582484,0
67504,-0.614126442952,0
67505,-0.260872016814,0
67506,-0.14837552718,0
67507,-0.432828059257,0
67508,-0.0570535351438,0
67509,-0.42558009572,0
67510,0.0292030503925,0
67511,-0.21898405038,0
67512,-0.0877724530314,0
67513,-0.192468778212,0
67514,-0.0106021159548,0
67515,0.109484097363,0
67516,0.216498733988,0
67517,-0.0590812766739,0
67518,0.313139370771,0
67519,0.0833584906274,0
67520,0.101790415764,0
67521,0.0811336277351,0
67522,0.355099228402,0
67523,0.160752308092,0
67524,0.190658468551,0
67525,0.209428216356,0
67526,0.273081538988,0
67527,0.393088627325,0
67528,0.664048802492,0
67529,0.517244111644,0
67530,0.393260893071,0
67531,0.736458035296,0
67532,0.719457142235,0
67533,0.410740550844,0
67534,0.707231844297,0
67535,0.840983915923,0
67536,0.843109277973,0
67537,0.543233984939,0
67538,0.891352700061,0
67539,0.537669862899,0
67540,0.867261886007,0
67541,0.929956940437,0
67542,0.760562771988,0
67543,0.786257577377,0
67544,0.562334285506,0
67545,0.64782295924,0
67546,0.973214680022,0
67547,0.911438567995,0
67548,0.834752122047,0
67549,0.571483347658,0
67550,0.588922962197,0
67551,0.827371351489,0
67552,0.963382777447,0
67553,0.890093375613,0
67554,0.754915651724,0
67555,0.721169605898,0
67556,0.794642524808,0
67557,0.761941309155,0
67558,0.677994239339,0
67559,0.498258667986,0
67560,0.740023708869,0
67561,0.471633142545,0
67562,0.638847838668,0
67563,0.438709468509,0
67564,0.740090459916,0
67565,0.447380913232,0
67566,0.647714702735,0
67567,0.440647774739,0
67568,0.442537754958,0
67569,0.649043933369,0
67570,0.286262911211,0
67571,0.394397642056,0
67572,0.231494354471,0
67573,0.532055559077,0
67574,0.24318416465,0
67575,0.129921226662,0
67576,0.390096434496,0
67577,0.473878308231,0
67578,0.17666010131,0
67579,0.374965375299,0
67580,0.170940864922,0
67581,0.326167544379,0
67582,0.25502377811,0
67583,-0.161787364423,0
67584,0.133120808882,0
67585,0.179495505772,0
67586,-0.246848722516,0
67587,-0.289437783487,0
67588,0.0267427722249,0
67589,0.0044306764027,0
67590,-0.308383390331,0
67591,-0.282838889961,0
67592,-0.519390009784,0
67593,-0.500192701389,0
67594,-0.249025349158,0
67595,-0.248535245488,0
67596,-0.422408390964,0
67597,-0.34092821612,0
67598,-0.714479542404,0
67599,-1.73998466046,1
67600,-1.59478339215,1
67601,-1.44338600413,1
67602,-1.2769317833,1
67603,-1.09845644774,1
67604,-0.911214951271,1
67605,-0.718622121043,1
67606,-0.524190379471,1
67607,-0.331465686208,1
67608,-0.143962868522,1
67609,0.0348984805648,1
67610,0.201856367292,1
67611,0.353865887954,1
67612,0.488154760498,1
67613,0.602273884175,1
67614,0.694142005145,1
67615,0.762083673466,1
67616,0.804859799196,1
67617,0.821690250376,1
67618,0.812268080718,1
67619,0.776765127564,1
67620,0.715828877989,1
67621,0.630570660219,1
67622,0.522545375722,1
67623,0.393723141608,1
67624,0.246453360506,1
67625,0.0834218732039,1
67626,-0.0923980245177,1
67627,-0.277799807537,1
67628,-0.469402200568,1
67629,-0.663710844356,1
67630,-0.857182024248,1
67631,-1.04628729889,1
67632,-1.22757785035,1
67633,-1.39774738217,1
67634,-1.55369241808,1
67635,-1.69256890185,1
67636,-1.81184406592,1
67637,-1.90934262288,1
67638,-1.9832864374,1
67639,-2.03232695505,1
67640,-2.0555697967,1
67641,-2.05259106971,1
67642,-2.02344509881,1
67643,-1.96866343523,1
67644,-1.8892451626,1
67645,-1.78663867608,1
67646,-1.66271526714,1
67647,-1.51973499581,1
67648,-1.36030547272,1
67649,-1.18733430261,1
67650,-1.00397605679,1
67651,-0.813574741416,1
67652,-0.619602811023,1
67653,-0.425597839436,1
67654,-0.235098003068,1
67655,-0.0515775532355,1
67656,0.121616545693,1
67657,0.281325656747,1
67658,0.424637076168,1
67659,0.548937154007,1
67660,0.65195896071,1
67661,0.731823630372,1
67662,0.787074626656,1
67663,0.816704306458,1
67664,0.820172296852,1
67665,0.79741535017,1
67666,0.748848497488,1
67667,0.675357479472,1
67668,0.578282592632,1
67669,0.459394245595,1
67670,0.320860671173,1
67671,0.165208383103,1
67672,-0.00472390139121,1
67673,-0.185837032859,1
67674,-0.374827950535,1
67675,-0.568249922091,1
67676,-0.762575403609,1
67677,-0.954260373355,1
67678,-1.13980896608,1
67679,-1.31583722904,1
67680,-1.47913483706,1
67681,-1.62672364094,1
67682,-1.75591198172,1
67683,-1.86434377987,1
67684,-1.95004150447,1
67685,-2.01144223851,1
67686,-2.04742618272,1
67687,-2.05733707791,1
67688,-2.04099417359,1
67689,-1.99869552437,1
67690,-1.93121255422,1
67691,-1.83977598754,1
67692,-1.72605340379,1
67693,-1.59211882487,1
67694,-1.44041489009,1
67695,-1.27370830837,1
67696,-1.09503940021,1
67697,-0.907666649737,1
67698,-0.715007277854,1
67699,-0.520574920529,1
67700,-0.327915548646,1
67701,-0.14054279817,1
67702,0.0381261099833,1
67703,0.204832691707,1
67704,0.356536626485,1
67705,0.490471205403,1
67706,0.604193789161,1
67707,0.695630355839,1
67708,0.763113325989,1
67709,0.805411975204,1
67710,0.821754879528,1
67711,0.811843984337,1
67712,0.775860040131,1
67713,0.714459306086,1
67714,0.628761581489,1
67715,0.520329783339,1
67716,0.391141442561,1
67717,0.243552638673,1
67718,0.0802550306615,1
67719,-0.0957732323038,1
67720,-0.281321825028,1
67721,-0.473006794775,1
67722,-0.667332276292,1
67723,-0.860754247848,1
67724,-1.04974516552,1
67725,-1.23085829699,1
67726,-1.40079058149,1
67727,-1.55644286956,1
67728,-1.69497644398,1
67729,-1.81386479102,1
67730,-1.91093967785,1
67731,-1.98443069587,1
67732,-2.03299754855,1
67733,-2.05575449524,1
67734,-2.05228650484,1
67735,-2.02265682504,1
67736,-1.96740582876,1
67737,-1.88754115909,1
67738,-1.78451935239,1
67739,-1.66021927455,1
67740,-1.51690785513,1
67741,-1.35719874408,1
67742,-1.18400464515,1
67743,-1.00048419532,1
67744,-0.809984358947,1
67745,-0.61597938736,1
67746,-0.422007456967,1
67747,-0.231606141593,1
67748,-0.0482478957721,1
67749,0.124723274333,1
67750,0.284152797428,1
67751,0.427133068755,1
67752,0.551056477697,1
67753,0.65366296422,1
67754,0.733081236844,1
67755,0.787862900422,1
67756,0.817008871332,1
67757,0.819987598314,1
67758,0.79674475667,1
67759,0.747704239013,1
67760,0.673760424499,1
67761,0.57626186754,1
67762,0.456986703468,1
67763,0.318110219696,1
67764,0.162165183786,1
67765,-0.00800434803199,1
67766,-0.189294899496,1
67767,-0.378400174135,1
67768,-0.571871354027,1
67769,-0.766179997815,1
67770,-0.957782390846,1
67771,-1.14318417387,1
67772,-1.31900407159,1
67773,-1.48203555889,1
67774,-1.62930533999,1
67775,-1.75812757411,1
67776,-1.8661528586,1
67777,-1.95141107637,1
67778,-2.01234732595,1
67779,-2.0478502791,1
67780,-2.05727244876,1
67781,-2.04044199758,1
67782,-1.99766587185,1
67783,-1.92972420353,1
67784,-1.83785608256,1
67785,-1.72373695888,1
67786,-1.58944808634,1
67787,-1.43743856568,1
67788,-1.27048067895,1
67789,-1.09161932986,1
67790,-0.904116512176,1
67791,-0.711391818913,1
67792,-0.51696007734,1
67793,-0.324367247112,1
67794,-0.137125750638,1
67795,0.0413495849206,1
67796,0.207803805747,1
67797,0.35920119377,1
67798,0.49278063074,1
67799,-0.410141811853,0
67800,-0.783159046882,0
67801,-0.717436752345,0
67802,-0.503175756083,0
67803,-0.700688537619,0
67804,-0.877853966438,0
67805,-1.02850389053,0
67806,-0.752540033826,0
67807,-1.11957150366,0
67808,-1.04832362383,0
67809,-1.0066361684,0
67810,-0.864970216839,0
67811,-1.12045121623,0
67812,-1.03408739195,0
67813,-1.25400511404,0
67814,-1.35911526937,0
67815,-1.08321877781,0
67816,-1.33134534342,0
67817,-1.5452045319,0
67818,-1.54081874575,0
67819,-1.37488156968,0
67820,-1.26268296685,0
67821,-1.62924442932,0
67822,-1.53017176041,0
67823,-1.76011528146,0
67824,-1.79222787861,0
67825,-1.44224004139,0
67826,-1.50581872536,0
67827,-1.46503862049,0
67828,-1.53691766968,0
67829,-1.57280620233,0
67830,-1.76393006664,0
67831,-1.88126515877,0
67832,-1.89042636859,0
67833,-1.67585250092,0
67834,-2.05575538865,0
67835,-2.07695295176,0
67836,-1.68201949802,0
67837,-1.97409000756,0
67838,-2.03007724125,0
67839,-2.13664532182,0
67840,-2.16211089912,0
67841,-1.75849433087,0
67842,-2.13049265584,0
67843,-2.17369521389,0
67844,-1.89040407632,0
67845,-1.87066009819,0
67846,-1.98126041887,0
67847,-1.8531231714,0
67848,-2.05494967843,0
67849,-2.19280425594,0
67850,-2.06355451025,0
67851,-1.81117383805,0
67852,-2.22726916212,0
67853,-2.08178988017,0
67854,-2.19873915655,0
67855,-1.93955841343,0
67856,-2.20127810382,0
67857,-1.81001127562,0
67858,-1.92753263179,0
67859,-2.08007513666,0
67860,-2.15759667376,0
67861,-1.84058124773,0
67862,-1.7228843144,0
67863,-1.71095312431,0
67864,-1.73473812571,0
67865,-1.75998089774,0
67866,-1.90258161438,0
67867,-1.73139915907,0
67868,-1.60860225998,0
67869,-1.81933173763,0
67870,-1.91852080272,0
67871,-1.60151009741,0
67872,-1.57626493258,0
67873,-1.5764061699,0
67874,-1.73171481151,0
67875,-1.79697172522,0
67876,-1.57678096159,0
67877,-1.55034746683,0
67878,-1.42214868863,0
67879,-1.55781156839,0
67880,-1.62944530205,0
67881,-1.60094537324,0
67882,-1.19108764472,0
67883,-1.13461946284,0
67884,-1.48001784375,0
67885,-1.03008984859,0
67886,-1.0893900834,0
67887,-0.953825964058,0
67888,-0.996730060102,0
67889,-0.872699040363,0
67890,-0.853115920176,0
67891,-1.1979326959,0
67892,-0.97893941654,0
67893,-0.886211482515,0
67894,-1.04879094781,0
67895,-0.926395441707,0
67896,-0.984059764968,0
67897,-0.632430823851,0
67898,-0.499397030455,0
67899,-0.629604828068,0
67900,-0.747736608511,0
67901,-0.514926994764,0
67902,-0.493799361757,0
67903,-0.610692642815,0
67904,-0.605469503283,0
67905,-0.252215077146,0
67906,-0.139718587511,0
67907,-0.424171119588,0
67908,-0.0483965954752,0
67909,-0.416923156051,0
67910,0.0378599900611,0
67911,-0.210327110712,0
67912,-0.0791155133628,0
67913,-0.183811838543,0
67914,-0.00194517628619,0
67915,0.118141037032,0
67916,0.225155673656,0
67917,-0.0504243370052,0
67918,0.321796310439,0
67919,0.0920154302961,0
67920,0.110447355432,0
67921,0.0897905674037,0
67922,0.363756168071,0
67923,0.169409247761,0
67924,0.199315408219,0
67925,0.218085156024,0
67926,0.281738478656,0
67927,0.401745566994,0
67928,0.67270574216,0
67929,0.525901051312,0
67930,0.401917832739,0
67931,0.745114974964,0
67932,0.728114081903,0
67933,0.419397490513,0
67934,0.715888783966,0
67935,0.849640855592,0
67936,0.851766217642,0
67937,0.551890924608,0
67938,0.90000963973,0
67939,0.546326802568,0
67940,0.875918825675,0
67941,0.938613880106,0
67942,0.769219711657,0
67943,0.794914517045,0
67944,0.570991225175,0
67945,0.656479898909,0
67946,0.981871619691,0
67947,0.920095507663,0
67948,0.843409061715,0
67949,0.580140287326,0
67950,0.597579901865,0
67951,0.836028291157,0
67952,0.972039717115,0
67953,0.898750315282,0
67954,0.763572591393,0
67955,0.729826545567,0
67956,0.803299464477,0
67957,0.770598248823,0
67958,0.686651179008,0
67959,0.506915607654,0
67960,0.748680648538,0
67961,0.480290082214,0
67962,0.647504778337,0
67963,0.447366408178,0
67964,0.748747399585,0
67965,0.4560378529,0
67966,0.656371642403,0
67967,0.449304714408,0
67968,0.451194694627,0
67969,0.657700873037,0
67970,0.29491985088,0
67971,0.403054581725,0
67972,0.24015129414,0
67973,0.540712498745,0
67974,0.251841104319,0
67975,0.138578166331,0
67976,0.398753374165,0
67977,0.4825352479,0
67978,0.185317040979,0
67979,0.383622314968,0
67980,0.17959780459,0
67981,0.334824484048,0
67982,0.263680717779,0
67983,-0.153130424755,0
67984,0.141777748551,0
67985,0.18815244544,0
67986,-0.238191782848,0
67987,-0.280780843818,0
67988,0.0353997118935,0
67989,0.0130876160713,0
67990,-0.299726450662,0
67991,-0.274181950292,0
67992,-0.510733070116,0
67993,-0.49153576172,0
67994,-0.240368409489,0
67995,-0.239878305819,0
67996,-0.413751451295,0
67997,-0.332271276451,0
67998,-0.705822602736,0
67999,-0.413106703526,0
68000,-0.915325213399,0
68001,-0.849602918863,0
68002,-0.635341922601,0
68003,-0.832854704137,0
68004,-1.01002013296,0
68005,-1.16067005705,0
68006,-0.884706200343,0
68007,-1.25173767018,0
68008,-1.18048979034,0
68009,-1.13880233492,0
68010,-0.997136383357,0
68011,-1.25261738275,0
68012,-1.16625355847,0
68013,-1.38617128056,0
68014,-1.49128143589,0
68015,-1.21538494432,0
68016,-1.46351150994,0
68017,-1.67737069841,0
68018,-1.67298491227,0
68019,-1.5070477362,0
68020,-1.39484913336,0
68021,-1.76141059584,0
68022,-1.66233792693,0
68023,-1.89228144798,0
68024,-1.92439404513,0
68025,-1.5744062079,0
68026,-1.63798489188,0
68027,-1.597204787,0
68028,-1.6690838362,0
68029,-1.70497236885,0
68030,-1.89609623316,0
68031,-2.01343132529,0
68032,-2.02259253511,0
68033,-1.80801866743,0
68034,-2.18792155517,0
68035,-2.20911911827,0
68036,-1.81418566453,0
68037,-2.10625617408,0
68038,-2.16224340776,0
68039,-2.26881148834,0
68040,-2.29427706564,0
68041,-1.89066049738,0
68042,-2.26265882236,0
68043,-2.30586138041,0
68044,-2.02257024284,0
68045,-2.00282626471,0
68046,-2.11342658539,0
68047,-1.98528933791,0
68048,-2.18711584494,0
68049,-2.32497042246,0
68050,-2.19572067677,0
68051,-1.94334000456,0
68052,-2.35943532863,0
68053,-2.21395604669,0
68054,-2.33090532307,0
68055,-2.07172457995,0
68056,-2.33344427034,0
68057,-1.94217744213,0
68058,-2.0596987983,0
68059,-2.21224130317,0
68060,-2.28976284028,0
68061,-1.97274741425,0
68062,-1.85505048092,0
68063,-1.84311929082,0
68064,-1.86690429223,0
68065,-1.89214706426,0
68066,-2.0347477809,0
68067,-1.86356532559,0
68068,-1.7407684265,0
68069,-1.95149790414,0
68070,-2.05068696924,0
68071,-1.73367626393,0
68072,-1.70843109909,0
68073,-1.70857233642,0
68074,-1.86388097803,0
68075,-1.92913789174,0
68076,-1.70894712811,0
68077,-1.68251363335,0
68078,-1.55431485515,0
68079,-1.6899777349,0
68080,-1.76161146856,0
68081,-1.73311153976,0
68082,-1.32325381124,0
68083,-1.26678562936,0
68084,-1.61218401027,0
68085,-1.16225601511,0
68086,-1.22155624992,0
68087,-1.08599213058,0
68088,-1.12889622662,0
68089,-1.00486520688,0
68090,-0.985282086694,0
68091,-1.33009886241,0
68092,-1.11110558306,0
68093,-1.01837764903,0
68094,-1.18095711433,0
68095,-1.05856160822,0
68096,-1.11622593149,0
68097,-0.764596990369,0
68098,-0.631563196973,0
68099,-0.761770994585,0
68100,-0.879902775029,0
68101,-0.647093161282,0
68102,-0.625965528275,0
68103,-0.742858809333,0
68104,-0.737635669801,0
68105,-0.384381243663,0
68106,-0.271884754029,0
68107,-0.556337286106,0
68108,-0.180562761993,0
68109,-0.549089322569,0
68110,-0.0943061764567,0
68111,-0.34249327723,0
68112,-0.211281679881,0
68113,-0.315978005061,0
68114,-0.134111342804,0
68115,-0.0140251294857,0
68116,0.0929895071385,0
68117,-0.182590503523,0
68118,0.189630143921,0
68119,-0.0401507362218,0
68120,-0.0217188110857,0
68121,-0.0423755991141,0
68122,0.231590001553,0
68123,0.0372430812427,0
68124,0.0671492417014,0
68125,0.0859189895065,0
68126,0.149572312139,0
68127,0.269579400476,0
68128,0.540539575642,0
68129,0.393734884795,0
68130,0.269751666221,0
68131,0.612948808446,0
68132,0.595947915385,0
68133,0.287231323995,0
68134,0.583722617448,0
68135,0.717474689074,0
68136,0.719600051124,0
68137,0.41972475809,0
68138,0.767843473212,0
68139,0.41416063605,0
68140,0.743752659158,0
68141,0.806447713588,0
68142,0.637053545139,0
68143,0.662748350528,0
68144,0.438825058657,0
68145,0.524313732391,0
68146,0.849705453173,0
68147,0.787929341145,0
68148,0.711242895198,0
68149,0.447974120808,0
68150,0.465413735347,0
68151,0.703862124639,0
68152,0.839873550597,0
68153,0.766584148764,0
68154,0.631406424875,0
68155,0.597660379049,0
68156,0.671133297959,0
68157,0.638432082306,0
68158,0.55448501249,0
68159,0.374749441136,0
68160,0.61651448202,0
68161,0.348123915696,0
68162,0.515338611819,0
68163,0.31520024166,0
68164,0.616581233067,0
68165,0.323871686383,0
68166,0.524205475885,0
68167,0.31713854789,0
68168,0.319028528109,0
68169,0.525534706519,0
68170,0.162753684362,0
68171,0.270888415207,0
68172,0.107985127622,0
68173,0.408546332228,0
68174,0.119674937801,0
68175,0.00641199981314,0
68176,0.266587207647,0
68177,0.350369081382,0
68178,0.0531508744611,0
68179,0.25145614845,0
68180,0.0474316380726,0
68181,0.20265831753,0
68182,0.131514551261,0
68183,-0.285296591272,0
68184,0.00961158203322,0
68185,0.0559862789224,0
68186,-0.370357949366,0
68187,-0.412947010336,0
68188,-0.0967664546243,0
68189,-0.119078550446,0
68190,-0.43189261718,0
68191,-0.40634811681,0
68192,-0.642899236634,0
68193,-0.623701928238,0
68194,-0.372534576007,0
68195,-0.372044472337,0
68196,-0.545917617813,0
68197,-0.464437442969,0
68198,-0.837988769254,0
68199,-0.545272870044,0
68200,-0.903912284517,0
68201,-0.838189989981,0
68202,-0.623928993719,0
68203,-0.821441775254,0
68204,-0.998607204073,0
68205,-1.14925712816,0
68206,-0.873293271461,0
68207,-1.24032474129,0
68208,-1.16907686146,0
68209,-1.12738940604,0
68210,-0.985723454474,0
68211,-1.24120445387,0
68212,-1.15484062958,0
68213,-1.37475835168,0
68214,-1.479868507,0
68215,-1.20397201544,0
68216,-1.45209858106,0
68217,-1.66595776953,0
68218,-1.66157198339,0
68219,-1.49563480732,0
68220,-1.38343620448,0
68221,-1.74999766696,0
68222,-1.65092499805,0
68223,-1.88086851909,0
68224,-1.91298111625,0
68225,-1.56299327902,0
68226,-1.626571963,0
68227,-1.58579185812,0
68228,-1.65767090732,0
68229,-1.69355943997,0
68230,-1.88468330428,0
68231,-2.00201839641,0
68232,-2.01117960623,0
68233,-1.79660573855,0
68234,-2.17650862629,0
68235,-2.19770618939,0
68236,-1.80277273565,0
68237,-2.09484324519,0
68238,-2.15083047888,0
68239,-2.25739855946,0
68240,-2.28286413675,0
68241,-1.8792475685,0
68242,-2.25124589348,0
68243,-2.29444845153,0
68244,-2.01115731396,0
68245,-1.99141333583,0
68246,-2.10201365651,0
68247,-1.97387640903,0
68248,-2.17570291606,0
68249,-2.31355749357,0
68250,-2.18430774789,0
68251,-1.93192707568,0
68252,-2.34802239975,0
68253,-2.2025431178,0
68254,-2.31949239418,0
68255,-2.06031165106,0
68256,-2.32203134146,0
68257,-1.93076451325,0
68258,-2.04828586942,0
68259,-2.20082837429,0
68260,-2.2783499114,0
68261,-1.96133448536,0
68262,-1.84363755203,0
68263,-1.83170636194,0
68264,-1.85549136334,0
68265,-1.88073413538,0
68266,-2.02333485202,0
68267,-1.8521523967,0
68268,-1.72935549762,0
68269,-1.94008497526,0
68270,-2.03927404036,0
68271,-1.72226333504,0
68272,-1.69701817021,0
68273,-1.69715940754,0
68274,-1.85246804915,0
68275,-1.91772496285,0
68276,-1.69753419923,0
68277,-1.67110070447,0
68278,-1.54290192627,0
68279,-1.67856480602,0
68280,-1.75019853968,0
68281,-1.72169861087,0
68282,-1.31184088236,0
68283,-1.25537270048,0
68284,-1.60077108139,0
68285,-1.15084308623,0
68286,-1.21014332104,0
68287,-1.07457920169,0
68288,-1.11748329774,0
68289,-0.993452277998,0
68290,-0.973869157811,0
68291,-1.31868593353,0
68292,-1.09969265418,0
68293,-1.00696472015,0
68294,-1.16954418544,0
68295,-1.04714867934,0
68296,-1.1048130026,0
68297,-0.753184061487,0
68298,-0.62015026809,0
68299,-0.750358065703,0
68300,-0.868489846146,0
68301,-0.635680232399,0
68302,-0.614552599392,0
68303,-0.731445880451,0
68304,-0.726222740919,0
68305,-0.372968314781,0
68306,-0.260471825146,0
68307,-0.544924357223,0
68308,-0.16914983311,0
68309,-0.537676393687,0
68310,-0.0828932475741,0
68311,-0.331080348347,0
68312,-0.199868750998,0
68313,-0.304565076178,0
68314,-0.122698413921,0
68315,-0.00261220060312,0
68316,0.104402436021,0
68317,-0.17117757464,0
68318,0.201043072804,0
68319,-0.0287378073392,0
68320,-0.0103058822031,0
68321,-0.0309626702315,0
68322,0.243002930435,0
68323,0.0486560101253,0
68324,0.0785621705839,0
68325,0.097331918389,0
68326,0.160985241021,0
68327,0.280992329358,0
68328,0.551952504525,0
68329,0.405147813677,0
68330,0.281164595104,0
68331,0.624361737329,0
68332,0.607360844268,0
68333,0.298644252878,0
68334,0.595135546331,0
68335,0.728887617956,0
68336,0.731012980006,0
68337,0.431137686973,0
68338,0.779256402095,0
68339,0.425573564932,0
68340,0.75516558804,0
68341,0.81786064247,0
68342,0.648466474022,0
68343,0.67416127941,0
68344,0.45023798754,0
68345,0.535726661274,0
68346,0.861118382056,0
68347,0.799342270028,0
68348,0.72265582408,0
68349,0.459387049691,0
68350,0.47682666423,0
68351,0.715275053522,0
68352,0.85128647948,0
68353,0.777997077647,0
68354,0.642819353758,0
68355,0.609073307931,0
68356,0.682546226841,0
68357,0.649845011188,0
68358,0.565897941372,0
68359,0.386162370019,0
68360,0.627927410902,0
68361,0.359536844579,0
68362,0.526751540702,0
68363,0.326613170543,0
68364,0.627994161949,0
68365,0.335284615265,0
68366,0.535618404768,0
68367,0.328551476773,0
68368,0.330441456992,0
68369,0.536947635402,0
68370,0.174166613245,0
68371,0.28230134409,0
68372,0.119398056505,0
68373,0.41995926111,0
68374,0.131087866683,0
68375,0.0178249286957,0
68376,0.27800013653,0
68377,0.361782010264,0
68378,0.0645638033437,0
68379,0.262869077333,0
68380,0.0588445669551,0
68381,0.214071246413,0
68382,0.142927480144,0
68383,-0.27388366239,0
68384,0.0210245109158,0
68385,0.067399207805,0
68386,-0.358945020483,0
68387,-0.401534081453,0
68388,-0.0853535257418,0
68389,-0.107665621564,0
68390,-0.420479688298,0
68391,-0.394935187927,0
68392,-0.631486307751,0
68393,-0.612288999356,0
68394,-0.361121647124,0
68395,-0.360631543455,0
68396,-0.53450468893,0
68397,-0.453024514087,0
68398,-0.826575840371,0
68399,-0.533859941161,0
68400,-1.11650100166,0
68401,-1.05077870713,0
68402,-0.836517710865,0
68403,-1.0340304924,0
68404,-1.21119592122,0
68405,-1.36184584531,0
68406,-1.08588198861,0
68407,-1.45291345844,0
68408,-1.38166557861,0
68409,-1.33997812319,0
68410,-1.19831217162,0
68411,-1.45379317101,0
68412,-1.36742934673,0
68413,-1.58734706883,0
68414,-1.69245722415,0
68415,-1.41656073259,0
68416,-1.6646872982,0
68417,-1.87854648668,0
68418,-1.87416070053,0
68419,-1.70822352447,0
68420,-1.59602492163,0
68421,-1.96258638411,0
68422,-1.86351371519,0
68423,-2.09345723624,0
68424,-2.1255698334,0
68425,-1.77558199617,0
68426,-1.83916068015,0
68427,-1.79838057527,0
68428,-1.87025962446,0
68429,-1.90614815712,0
68430,-2.09727202142,0
68431,-2.21460711355,0
68432,-2.22376832337,0
68433,-2.0091944557,0
68434,-2.38909734344,0
68435,-2.41029490654,0
68436,-2.0153614528,0
68437,-2.30743196234,0
68438,-2.36341919603,0
68439,-2.46998727661,0
68440,-2.4954528539,0
68441,-2.09183628565,0
68442,-2.46383461062,0
68443,-2.50703716868,0
68444,-2.22374603111,0
68445,-2.20400205298,0
68446,-2.31460237365,0
68447,-2.18646512618,0
68448,-2.38829163321,0
68449,-2.52614621072,0
68450,-2.39689646503,0
68451,-2.14451579283,0
68452,-2.5606111169,0
68453,-2.41513183495,0
68454,-2.53208111133,0
68455,-2.27290036821,0
68456,-2.5346200586,0
68457,-2.1433532304,0
68458,-2.26087458657,0
68459,-2.41341709144,0
68460,-2.49093862854,0
68461,-2.17392320251,0
68462,-2.05622626918,0
68463,-2.04429507909,0
68464,-2.06808008049,0
68465,-2.09332285252,0
68466,-2.23592356917,0
68467,-2.06474111385,0
68468,-1.94194421476,0
68469,-2.15267369241,0
68470,-2.25186275751,0
68471,-1.93485205219,0
68472,-1.90960688736,0
68473,-1.90974812469,0
68474,-2.0650567663,0
68475,-2.13031368,0
68476,-1.91012291638,0
68477,-1.88368942162,0
68478,-1.75549064342,0
68479,-1.89115352317,0
68480,-1.96278725683,0
68481,-1.93428732802,0
68482,-1.52442959951,0
68483,-1.46796141762,0
68484,-1.81335979853,0
68485,-1.36343180337,0
68486,-1.42273203819,0
68487,-1.28716791884,0
68488,-1.33007201488,0
68489,-1.20604099514,0
68490,-1.18645787496,0
68491,-1.53127465068,0
68492,-1.31228137132,0
68493,-1.2195534373,0
68494,-1.38213290259,0
68495,-1.25973739649,0
68496,-1.31740171975,0
68497,-0.965772778633,0
68498,-0.832738985237,0
68499,-0.962946782849,0
68500,-1.08107856329,0
68501,-0.848268949546,0
68502,-0.827141316539,0
68503,-0.944034597597,0
68504,-0.938811458065,0
68505,-0.585557031927,0
68506,-0.473060542293,0
68507,-0.75751307437,0
68508,-0.381738550257,0
68509,-0.750265110833,0
68510,-0.295481964721,0
68511,-0.543669065494,0
68512,-0.412457468145,0
68513,-0.517153793325,0
68514,-0.335287131068,0
68515,-0.21520091775,0
68516,-0.108186281125,0
68517,-0.383766291787,0
68518,-0.0115456443427,0
68519,-0.241326524486,0
68520,-0.22289459935,0
68521,-0.243551387378,0
68522,0.0304142132887,0
68523,-0.163932707021,0
68524,-0.134026546563,0
68525,-0.115256798758,0
68526,-0.0516034761254,0
68527,0.0684036122117,0
68528,0.339363787378,0
68529,0.192559096531,0
68530,0.0685758779574,0
68531,0.411773020182,0
68532,0.394772127121,0
68533,0.0860555357311,0
68534,0.382546829184,0
68535,0.51629890081,0
68536,0.51842426286,0
68537,0.218548969826,0
68538,0.566667684948,0
68539,0.212984847786,0
68540,0.542576870894,0
68541,0.605271925324,0
68542,0.435877756875,0
68543,0.461572562264,0
68544,0.237649270393,0
68545,0.323137944127,0
68546,0.648529664909,0
68547,0.586753552881,0
68548,0.510067106934,0
68549,0.246798332544,0
68550,0.264237947083,0
68551,0.502686336375,0
68552,0.638697762333,0
68553,0.5654083605,0
68554,0.430230636611,0
68555,0.396484590785,0
68556,0.469957509695,0
68557,0.437256294042,0
68558,0.353309224226,0
68559,0.173573652872,0
68560,0.415338693756,0
68561,0.146948127432,0
68562,0.314162823555,0
68563,0.114024453396,0
68564,0.415405444803,0
68565,0.122695898119,0
68566,0.323029687621,0
68567,0.115962759626,0
68568,0.117852739845,0
68569,0.324358918255,0
68570,-0.038422103902,0
68571,0.069712626943,0
68572,-0.0931906606417,0
68573,0.207370543964,0
68574,-0.0815008504631,0
68575,-0.194763788451,0
68576,0.0654114193831,0
68577,0.149193293118,0
68578,-0.148024913803,0
68579,0.0502803601862,0
68580,-0.153744150191,0
68581,0.00148252926614,0
68582,-0.0696612370028,0
68583,-0.486472379536,0
68584,-0.191564206231,0
68585,-0.145189509342,0
68586,-0.57153373763,0
68587,-0.6141227986,0
68588,-0.297942242888,0
68589,-0.32025433871,0
68590,-0.633068405444,0
68591,-0.607523905074,0
68592,-0.844075024898,0
68593,-0.824877716502,0
68594,-0.573710364271,0
68595,-0.573220260601,0
68596,-0.747093406077,0
68597,-0.665613231233,0
68598,-1.03916455752,0
68599,-0.746448658308,0
68600,-1.04425828795,0
68601,-0.978535993415,0
68602,-0.764274997153,0
68603,-0.961787778689,0
68604,-1.13895320751,0
68605,-1.2896031316,0
68606,-1.0136392749,0
68607,-1.38067074473,0
68608,-1.3094228649,0
68609,-1.26773540947,0
68610,-1.12606945791,0
68611,-1.3815504573,0
68612,-1.29518663302,0
68613,-1.51510435511,0
68614,-1.62021451044,0
68615,-1.34431801888,0
68616,-1.59244458449,0
68617,-1.80630377297,0
68618,-1.80191798682,0
68619,-1.63598081075,0
68620,-1.52378220792,0
68621,-1.89034367039,0
68622,-1.79127100148,0
68623,-2.02121452253,0
68624,-2.05332711968,0
68625,-1.70333928246,0
68626,-1.76691796643,0
68627,-1.72613786156,0
68628,-1.79801691075,0
68629,-1.8339054434,0
68630,-2.02502930771,0
68631,-2.14236439984,0
68632,-2.15152560966,0
68633,-1.93695174198,0
68634,-2.31685462972,0
68635,-2.33805219283,0
68636,-1.94311873909,0
68637,-2.23518924863,0
68638,-2.29117648232,0
68639,-2.39774456289,0
68640,-2.42321014019,0
68641,-2.01959357194,0
68642,-2.39159189691,0
68643,-2.43479445496,0
68644,-2.15150331739,0
68645,-2.13175933926,0
68646,-2.24235965994,0
68647,-2.11422241247,0
68648,-2.3160489195,0
68649,-2.45390349701,0
68650,-2.32465375132,0
68651,-2.07227307912,0
68652,-2.48836840319,0
68653,-2.34288912124,0
68654,-2.45983839762,0
68655,-2.2006576545,0
68656,-2.46237734489,0
68657,-2.07111051669,0
68658,-2.18863187286,0
68659,-2.34117437773,0
68660,-2.41869591483,0
68661,-2.1016804888,0
68662,-1.98398355547,0
68663,-1.97205236538,0
68664,-1.99583736678,0
68665,-2.02108013881,0
68666,-2.16368085545,0
68667,-1.99249840014,0
68668,-1.86970150105,0
68669,-2.0804309787,0
68670,-2.17962004379,0
68671,-1.86260933848,0
68672,-1.83736417365,0
68673,-1.83750541097,0
68674,-1.99281405258,0
68675,-2.05807096629,0
68676,-1.83788020266,0
68677,-1.8114467079,0
68678,-1.6832479297,0
68679,-1.81891080946,0
68680,-1.89054454312,0
68681,-1.86204461431,0
68682,-1.45218688579,0
68683,-1.39571870391,0
68684,-1.74111708482,0
68685,-1.29118908966,0
68686,-1.35048932447,0
68687,-1.21492520513,0
68688,-1.25782930117,0
68689,-1.13379828143,0
68690,-1.11421516125,0
68691,-1.45903193697,0
68692,-1.24003865761,0
68693,-1.14731072358,0
68694,-1.30989018888,0
68695,-1.18749468278,0
68696,-1.24515900604,0
68697,-0.893530064921,0
68698,-0.760496271525,0
68699,-0.890704069138,0
68700,-1.00883584958,0
68701,-0.776026235834,0
68702,-0.754898602827,0
68703,-0.871791883885,0
68704,-0.866568744353,0
68705,-0.513314318216,0
68706,-0.400817828581,0
68707,-0.685270360658,0
68708,-0.309495836545,0
68709,-0.678022397121,0
68710,-0.223239251009,0
68711,-0.471426351782,0
68712,-0.340214754433,0
68713,-0.444911079613,0
68714,-0.263044417356,0
68715,-0.142958204038,0
68716,-0.0359435674136,0
68717,-0.311523578075,0
68718,0.0606970693692,0
68719,-0.169083810774,0
68720,-0.150651885638,0
68721,-0.171308673666,0
68722,0.102656927001,0
68723,-0.0916899933093,0
68724,-0.0617838328507,0
68725,-0.0430140850456,0
68726,0.0206392375865,0
68727,0.140646325924,0
68728,0.41160650109,0
68729,0.264801810242,0
68730,0.140818591669,0
68731,0.484015733894,0
68732,0.467014840833,0
68733,0.158298249443,0
68734,0.454789542896,0
68735,0.588541614522,0
68736,0.590666976572,0
68737,0.290791683538,0
68738,0.63891039866,0
68739,0.285227561498,0
68740,0.614819584605,0
68741,0.677514639036,0
68742,0.508120470587,0
68743,0.533815275975,0
68744,0.309891984105,0
68745,0.395380657839,0
68746,0.720772378621,0
68747,0.658996266593,0
68748,0.582309820645,0
68749,0.319041046256,0
68750,0.336480660795,0
68751,0.574929050087,0
68752,0.710940476045,0
68753,0.637651074212,0
68754,0.502473350323,0
68755,0.468727304497,0
68756,0.542200223407,0
68757,0.509499007753,0
68758,0.425551937938,0
68759,0.245816366584,0
68760,0.487581407468,0
68761,0.219190841144,0
68762,0.386405537267,0
68763,0.186267167108,0
68764,0.487648158515,0
68765,0.19493861183,0
68766,0.395272401333,0
68767,0.188205473338,0
68768,0.190095453557,0
68769,0.396601631967,0
68770,0.0338206098099,0
68771,0.141955340655,0
68772,-0.0209479469299,0
68773,0.279613257675,0
68774,-0.00925813675123,0
68775,-0.122521074739,0
68776,0.137654133095,0
68777,0.22143600683,0
68778,-0.075782200091,0
68779,0.122523073898,0
68780,-0.0815014364795,0
68781,0.073725242978,0
68782,0.00258147670907,0
68783,-0.414229665824,0
68784,-0.119321492519,0
68785,-0.0729467956297,0
68786,-0.499291023918,0
68787,-0.541880084888,0
68788,-0.225699529176,0
68789,-0.248011624999,0
68790,-0.560825691732,0
68791,-0.535281191362,0
68792,-0.771832311186,0
68793,-0.75263500279,0
68794,-0.501467650559,0
68795,-0.500977546889,0
68796,-0.674850692365,0
68797,-0.593370517521,0
68798,-0.966921843806,0
68799,-0.674205944596,0
68800,-1.12361782971,0
68801,-1.05789553518,0
68802,-0.843634538914,0
68803,-1.04114732045,0
68804,-1.21831274927,0
68805,-1.36896267336,0
68806,-1.09299881666,0
68807,-1.46003028649,0
68808,-1.38878240666,0
68809,-1.34709495124,0
68810,-1.20542899967,0
68811,-1.46090999906,0
68812,-1.37454617478,0
68813,-1.59446389688,0
68814,-1.6995740522,0
68815,-1.42367756064,0
68816,-1.67180412625,0
68817,-1.88566331473,0
68818,-1.88127752858,0
68819,-1.71534035251,0
68820,-1.60314174968,0
68821,-1.96970321216,0
68822,-1.87063054324,0
68823,-2.10057406429,0
68824,-2.13268666145,0
68825,-1.78269882422,0
68826,-1.8462775082,0
68827,-1.80549740332,0
68828,-1.87737645251,0
68829,-1.91326498517,0
68830,-2.10438884947,0
68831,-2.2217239416,0
68832,-2.23088515142,0
68833,-2.01631128375,0
68834,-2.39621417149,0
68835,-2.41741173459,0
68836,-2.02247828085,0
68837,-2.31454879039,0
68838,-2.37053602408,0
68839,-2.47710410465,0
68840,-2.50256968195,0
68841,-2.0989531137,0
68842,-2.47095143867,0
68843,-2.51415399672,0
68844,-2.23086285916,0
68845,-2.21111888103,0
68846,-2.3217192017,0
68847,-2.19358195423,0
68848,-2.39540846126,0
68849,-2.53326303877,0
68850,-2.40401329308,0
68851,-2.15163262088,0
68852,-2.56772794495,0
68853,-2.422248663,0
68854,-2.53919793938,0
68855,-2.28001719626,0
68856,-2.54173688665,0
68857,-2.15047005845,0
68858,-2.26799141462,0
68859,-2.42053391949,0
68860,-2.49805545659,0
68861,-2.18104003056,0
68862,-2.06334309723,0
68863,-2.05141190714,0
68864,-2.07519690854,0
68865,-2.10043968057,0
68866,-2.24304039722,0
68867,-2.0718579419,0
68868,-1.94906104281,0
68869,-2.15979052046,0
68870,-2.25897958555,0
68871,-1.94196888024,0
68872,-1.91672371541,0
68873,-1.91686495273,0
68874,-2.07217359434,0
68875,-2.13743050805,0
68876,-1.91723974442,0
68877,-1.89080624966,0
68878,-1.76260747147,0
68879,-1.89827035122,0
68880,-1.96990408488,0
68881,-1.94140415607,0
68882,-1.53154642756,0
68883,-1.47507824567,0
68884,-1.82047662658,0
68885,-1.37054863142,0
68886,-1.42984886624,0
68887,-1.29428474689,0
68888,-1.33718884293,0
68889,-1.21315782319,0
68890,-1.19357470301,0
68891,-1.53839147873,0
68892,-1.31939819937,0
68893,-1.22667026535,0
68894,-1.38924973064,0
68895,-1.26685422454,0
68896,-1.3245185478,0
68897,-0.972889606682,0
68898,-0.839855813286,0
68899,-0.970063610899,0
68900,-1.08819539134,0
68901,-0.855385777595,0
68902,-0.834258144588,0
68903,-0.951151425646,0
68904,-0.945928286114,0
68905,-0.592673859976,0
68906,-0.480177370342,0
68907,-0.764629902419,0
68908,-0.388855378306,0
68909,-0.757381938882,0
68910,-0.30259879277,0
68911,-0.550785893543,0
68912,-0.419574296194,0
68913,-0.524270621374,0
68914,-0.342403959117,0
68915,-0.222317745799,0
68916,-0.115303109175,0
68917,-0.390883119836,0
68918,-0.0186624723917,0
68919,-0.248443352535,0
68920,-0.230011427399,0
68921,-0.250668215427,0
68922,0.0232973852396,0
68923,-0.17104953507,0
68924,-0.141143374612,0
68925,-0.122373626807,0
68926,-0.0587203041745,0
68927,0.0612867841627,0
68928,0.332246959329,0
68929,0.185442268481,0
68930,0.0614590499083,0
68931,0.404656192133,0
68932,0.387655299072,0
68933,0.0789387076821,0
68934,0.375430001135,0
68935,0.509182072761,0
68936,0.511307434811,0
68937,0.211432141777,0
68938,0.559550856899,0
68939,0.205868019737,0
68940,0.535460042845,0
68941,0.598155097275,0
68942,0.428760928826,0
68943,0.454455734214,0
68944,0.230532442344,0
68945,0.316021116078,0
68946,0.64141283686,0
68947,0.579636724832,0
68948,0.502950278884,0
68949,0.239681504495,0
68950,0.257121119034,0
68951,0.495569508326,0
68952,0.631580934284,0
68953,0.558291532451,0
68954,0.423113808562,0
68955,0.389367762736,0
68956,0.462840681646,0
68957,0.430139465992,0
68958,0.346192396177,0
68959,0.166456824823,0
68960,0.408221865707,0
68961,0.139831299383,0
68962,0.307045995506,0
68963,0.106907625347,0
68964,0.408288616754,0
68965,0.11557907007,0
68966,0.315912859572,0
68967,0.108845931577,0
68968,0.110735911796,0
68969,0.317242090206,0
68970,-0.0455389319511,0
68971,0.0625957988939,0
68972,-0.100307488691,0
68973,0.200253715914,0
68974,-0.0886176785122,0
68975,-0.2018806165,0
68976,0.058294591334,0
68977,0.142076465069,0
68978,-0.155141741852,0
68979,0.0431635321371,0
68980,-0.160860978241,0
68981,-0.00563429878295,0
68982,-0.0767780650519,0
68983,-0.493589207585,0
68984,-0.19868103428,0
68985,-0.152306337391,0
68986,-0.578650565679,0
68987,-0.621239626649,0
68988,-0.305059070937,0
68989,-0.32737116676,0
68990,-0.640185233493,0
68991,-0.614640733123,0
68992,-0.851191852947,0
68993,-0.831994544551,0
68994,-0.58082719232,0
68995,-0.58033708865,0
68996,-0.754210234126,0
68997,-0.672730059282,0
68998,-1.04628138557,0
68999,-0.753565486357,0
69000,-1.0853924878,0
69001,-1.01967019327,0
69002,-0.805409197004,0
69003,-1.00292197854,0
69004,-1.18008740736,0
69005,-1.33073733145,0
69006,-1.05477347475,0
69007,-1.42180494458,0
69008,-1.35055706475,0
69009,-1.30886960933,0
69010,-1.16720365776,0
69011,-1.42268465715,0
69012,-1.33632083287,0
69013,-1.55623855497,0
69014,-1.66134871029,0
69015,-1.38545221873,0
69016,-1.63357878434,0
69017,-1.84743797282,0
69018,-1.84305218667,0
69019,-1.6771150106,0
69020,-1.56491640777,0
69021,-1.93147787025,0
69022,-1.83240520133,0
69023,-2.06234872238,0
69024,-2.09446131954,0
69025,-1.74447348231,0
69026,-1.80805216629,0
69027,-1.76727206141,0
69028,-1.8391511106,0
69029,-1.87503964326,0
69030,-2.06616350756,0
69031,-2.18349859969,0
69032,-2.19265980951,0
69033,-1.97808594184,0
69034,-2.35798882957,0
69035,-2.37918639268,0
69036,-1.98425293894,0
69037,-2.27632344848,0
69038,-2.33231068217,0
69039,-2.43887876274,0
69040,-2.46434434004,0
69041,-2.06072777179,0
69042,-2.43272609676,0
69043,-2.47592865481,0
69044,-2.19263751725,0
69045,-2.17289353911,0
69046,-2.28349385979,0
69047,-2.15535661232,0
69048,-2.35718311935,0
69049,-2.49503769686,0
69050,-2.36578795117,0
69051,-2.11340727897,0
69052,-2.52950260304,0
69053,-2.38402332109,0
69054,-2.50097259747,0
69055,-2.24179185435,0
69056,-2.50351154474,0
69057,-2.11224471654,0
69058,-2.22976607271,0
69059,-2.38230857758,0
69060,-2.45983011468,0
69061,-2.14281468865,0
69062,-2.02511775532,0
69063,-2.01318656523,0
69064,-2.03697156663,0
69065,-2.06221433866,0
69066,-2.20481505531,0
69067,-2.03363259999,0
69068,-1.9108357009,0
69069,-2.12156517855,0
69070,-2.22075424364,0
69071,-1.90374353833,0
69072,-1.8784983735,0
69073,-1.87863961082,0
69074,-2.03394825243,0
69075,-2.09920516614,0
69076,-1.87901440251,0
69077,-1.85258090775,0
69078,-1.72438212956,0
69079,-1.86004500931,0
69080,-1.93167874297,0
69081,-1.90317881416,0
69082,-1.49332108564,0
69083,-1.43685290376,0
69084,-1.78225128467,0
69085,-1.33232328951,0
69086,-1.39162352433,0
69087,-1.25605940498,0
69088,-1.29896350102,0
69089,-1.17493248128,0
69090,-1.1553493611,0
69091,-1.50016613682,0
69092,-1.28117285746,0
69093,-1.18844492344,0
69094,-1.35102438873,0
69095,-1.22862888263,0
69096,-1.28629320589,0
69097,-0.934664264772,0
69098,-0.801630471375,0
69099,-0.931838268988,0
69100,-1.04997004943,0
69101,-0.817160435684,0
69102,-0.796032802678,0
69103,-0.912926083736,0
69104,-0.907702944204,0
69105,-0.554448518066,0
69106,-0.441952028432,0
69107,-0.726404560509,0
69108,-0.350630036396,0
69109,-0.719156596972,0
69110,-0.26437345086,0
69111,-0.512560551632,0
69112,-0.381348954283,0
69113,-0.486045279464,0
69114,-0.304178617207,0
69115,-0.184092403889,0
69116,-0.0770777672644,0
69117,-0.352657777926,0
69118,0.0195628695185,0
69119,-0.210218010625,0
69120,-0.191786085489,0
69121,-0.212442873517,0
69122,0.0615227271498,0
69123,-0.13282419316,0
69124,-0.102918032701,0
69125,-0.0841482848964,0
69126,-0.0204949622643,0
69127,0.0995121260729,0
69128,0.370472301239,0
69129,0.223667610392,0
69130,0.0996843918185,0
69131,0.442881534044,0
69132,0.425880640982,0
69133,0.117164049592,0
69134,0.413655343045,0
69135,0.547407414671,0
69136,0.549532776721,0
69137,0.249657483687,0
69138,0.597776198809,0
69139,0.244093361647,0
69140,0.573685384755,0
69141,0.636380439185,0
69142,0.466986270736,0
69143,0.492681076125,0
69144,0.268757784254,0
69145,0.354246457988,0
69146,0.67963817877,0
69147,0.617862066743,0
69148,0.541175620795,0
69149,0.277906846406,0
69150,0.295346460945,0
69151,0.533794850236,0
69152,0.669806276195,0
69153,0.596516874361,0
69154,0.461339150472,0
69155,0.427593104646,0
69156,0.501066023556,0
69157,0.468364807903,0
69158,0.384417738087,0
69159,0.204682166734,0
69160,0.446447207617,0
69161,0.178056641293,0
69162,0.345271337416,0
69163,0.145132967257,0
69164,0.446513958664,0
69165,0.15380441198,0
69166,0.354138201483,0
69167,0.147071273487,0
69168,0.148961253706,0
69169,0.355467432116,0
69170,-0.0073135900409,0
69171,0.100821140804,0
69172,-0.0620821467806,0
69173,0.238479057825,0
69174,-0.050392336602,0
69175,-0.16365527459,0
69176,0.0965199332442,0
69177,0.180301806979,0
69178,-0.116916399942,0
69179,0.0813888740473,0
69180,-0.12263563633,0
69181,0.0325910431273,0
69182,-0.0385527231417,0
69183,-0.455363865675,0
69184,-0.16045569237,0
69185,-0.11408099548,0
69186,-0.540425223769,0
69187,-0.583014284739,0
69188,-0.266833729027,0
69189,-0.289145824849,0
69190,-0.601959891583,0
69191,-0.576415391213,0
69192,-0.812966511036,0
69193,-0.793769202641,0
69194,-0.54260185041,0
69195,-0.54211174674,0
69196,-0.715984892216,0
69197,-0.634504717372,0
69198,-1.00805604366,0
69199,-0.715340144447,0
69200,-1.05127229682,0
69201,-0.985550002285,0
69202,-0.771289006023,0
69203,-0.968801787559,0
69204,-1.14596721638,0
69205,-1.29661714047,0
69206,-1.02065328377,0
69207,-1.3876847536,0
69208,-1.31643687377,0
69209,-1.27474941834,0
69210,-1.13308346678,0
69211,-1.38856446617,0
69212,-1.30220064189,0
69213,-1.52211836398,0
69214,-1.62722851931,0
69215,-1.35133202775,0
69216,-1.59945859336,0
69217,-1.81331778184,0
69218,-1.80893199569,0
69219,-1.64299481962,0
69220,-1.53079621679,0
69221,-1.89735767926,0
69222,-1.79828501035,0
69223,-2.0282285314,0
69224,-2.06034112855,0
69225,-1.71035329133,0
69226,-1.7739319753,0
69227,-1.73315187043,0
69228,-1.80503091962,0
69229,-1.84091945227,0
69230,-2.03204331658,0
69231,-2.14937840871,0
69232,-2.15853961853,0
69233,-1.94396575085,0
69234,-2.32386863859,0
69235,-2.3450662017,0
69236,-1.95013274796,0
69237,-2.2422032575,0
69238,-2.29819049119,0
69239,-2.40475857176,0
69240,-2.43022414906,0
69241,-2.02660758081,0
69242,-2.39860590578,0
69243,-2.44180846383,0
69244,-2.15851732626,0
69245,-2.13877334813,0
69246,-2.24937366881,0
69247,-2.12123642134,0
69248,-2.32306292837,0
69249,-2.46091750588,0
69250,-2.33166776019,0
69251,-2.07928708799,0
69252,-2.49538241206,0
69253,-2.34990313011,0
69254,-2.46685240649,0
69255,-2.20767166337,0
69256,-2.46939135376,0
69257,-2.07812452556,0
69258,-2.19564588173,0
69259,-2.3481883866,0
69260,-2.4257099237,0
69261,-2.10869449767,0
69262,-1.99099756434,0
69263,-1.97906637425,0
69264,-2.00285137565,0
69265,-2.02809414768,0
69266,-2.17069486432,0
69267,-1.99951240901,0
69268,-1.87671550992,0
69269,-2.08744498757,0
69270,-2.18663405266,0
69271,-1.86962334735,0
69272,-1.84437818252,0
69273,-1.84451941984,0
69274,-1.99982806145,0
69275,-2.06508497516,0
69276,-1.84489421153,0
69277,-1.81846071677,0
69278,-1.69026193857,0
69279,-1.82592481833,0
69280,-1.89755855199,0
69281,-1.86905862318,0
69282,-1.45920089466,0
69283,-1.40273271278,0
69284,-1.74813109369,0
69285,-1.29820309853,0
69286,-1.35750333334,0
69287,-1.221939214,0
69288,-1.26484331004,0
69289,-1.1408122903,0
69290,-1.12122917012,0
69291,-1.46604594584,0
69292,-1.24705266648,0
69293,-1.15432473245,0
69294,-1.31690419775,0
69295,-1.19450869165,0
69296,-1.25217301491,0
69297,-0.900544073791,0
69298,-0.767510280395,0
69299,-0.897718078008,0
69300,-1.01584985845,0
69301,-0.783040244704,0
69302,-0.761912611697,0
69303,-0.878805892755,0
69304,-0.873582753223,0
69305,-0.520328327085,0
69306,-0.407831837451,0
69307,-0.692284369528,0
69308,-0.316509845415,0
69309,-0.685036405991,0
69310,-0.230253259879,0
69311,-0.478440360652,0
69312,-0.347228763303,0
69313,-0.451925088483,0
69314,-0.270058426226,0
69315,-0.149972212908,0
69316,-0.0429575762835,0
69317,-0.318537586945,0
69318,0.0536830604993,0
69319,-0.176097819644,0
69320,-0.157665894508,0
69321,-0.178322682536,0
69322,0.0956429181306,0
69323,-0.0987040021793,0
69324,-0.0687978417207,0
69325,-0.0500280939156,0
69326,0.0136252287165,0
69327,0.133632317054,0
69328,0.40459249222,0
69329,0.257787801373,0
69330,0.133804582799,0
69331,0.477001725024,0
69332,0.460000831963,0
69333,0.151284240573,0
69334,0.447775534026,0
69335,0.581527605652,0
69336,0.583652967702,0
69337,0.283777674668,0
69338,0.63189638979,0
69339,0.278213552628,0
69340,0.607805575736,0
69341,0.670500630166,0
69342,0.501106461717,0
69343,0.526801267105,0
69344,0.302877975235,0
69345,0.388366648969,0
69346,0.713758369751,0
69347,0.651982257723,0
69348,0.575295811775,0
69349,0.312027037386,0
69350,0.329466651925,0
69351,-2.13475006974,1
69352,-2.21260126085,1
69353,-2.26199677876,1
69354,-2.28187479019,1
69355,-2.27180798644,1
69356,-2.23201276908,1
69357,-2.16334459804,1
69358,-2.06727960218,1
69359,-1.94588284759,1
69360,-1.80176394585,1
69361,-1.63802095629,1
69362,-1.4581737885,1
69363,-1.26608853632,1
69364,-1.06589437023,1
69365,-0.861894774368,1
69366,-0.658475036508,1
69367,-0.460007979468,1
69368,-0.270759960508,1
69369,-0.0947991593659,1
69370,0.0640918735799,1
69371,0.202497529098,1
69372,0.317442562921,1
69373,0.40645605324,1
69374,0.467624517,1
69375,0.499633043183,1
69376,0.501793558868,1
69377,0.474059620417,1
69378,0.417027411861,1
69379,0.331922928992,1
69380,0.220575624687,1
69381,0.0853790819807,1
69382,-0.0707604397204,1
69383,-0.244486479186,1
69384,-0.432064525708,1
69385,-0.629462298196,1
69386,-0.832436425318,1
69387,-1.03662366335,1
69388,-1.23763469087,1
69389,-1.43114846401,1
69390,-1.61300510405,1
69391,-1.7792953204,1
69392,-1.9264444469,1
69393,-2.05128928481,1
69394,-2.15114610068,1
69395,-2.22386831735,1
69396,-2.26789265796,1
69397,-2.28227275101,1
69398,-2.26669947411,1
69399,-2.22150759899,1
69400,-2.15600837298,1
69401,-2.05510952429,1
69402,-1.92931980804,1
69403,-1.78134326931,1
69404,-1.61436089336,1
69405,-1.43196222539,1
69406,-1.23806820771,1
69407,-1.036846893,1
69408,-0.832623845577,1
69409,-0.629789156632,1
69410,-0.432703072455,1
69411,-0.245602264154,1
69412,-0.072508753841,1
69413,0.0828565449686,1
69414,0.217153814168,1
69415,0.327496125628,1
69416,0.411511500195,1
69417,0.467393897066,1
69418,0.493942037433,1
69419,0.490585227834,1
69420,0.457395628101,1
69421,0.395086700165,1
69422,0.304997871087,1
69423,0.189065739999,1
69424,0.0497824478967,1
69425,-0.109857894793,1
69426,-0.286423571264,1
69427,-0.476119028403,1
69428,-0.674866468096,1
69429,-0.878393505821,1
69430,-1.08232501218,1
69431,-1.2822771631,1
69432,-1.47395167692,1
69433,-1.65322821264,1
69434,-1.81625294301,1
69435,-1.95952139856,1
69436,-2.07995380161,1
69437,-2.17496127082,1
69438,-2.24250147327,1
69439,-2.28112252752,1
69440,-2.28999421412,1
69441,-2.2689258224,1
69442,-2.21837025011,1
69443,-2.13941426771,1
69444,-2.03375515652,1
69445,-1.90366422304,1
69446,-1.75193797368,1
69447,-1.58183799954,1
69448,-1.39702086343,1
69449,-1.20145949639,1
69450,-0.999357793365,1
69451,-0.795060243969,1
69452,-0.592958540942,1
69453,-0.397397173901,1
69454,-0.212580037792,1
69455,-0.0424800636537,1
69456,0.109246185704,1
69457,0.239337119188,1
69458,0.344996230378,1
69459,0.423952212778,1
69460,0.474507785066,1
69461,0.495576176791,1
69462,0.486704490192,1
69463,0.448083435933,1
69464,0.380543233486,1
69465,0.285535764275,1
69466,0.16510336123,1
69467,0.0218349056746,1
69468,-0.141189824695,1
69469,-0.32046636041,1
69470,-0.512140874231,1
69471,-0.712093025151,1
69472,-0.916024531512,1
69473,-1.11955156924,1
69474,-1.31829900893,1
69475,-1.50799446607,1
69476,-1.68456014254,1
69477,-1.84420048523,1
69478,-1.98348377733,1
69479,-2.09941590842,1
69480,-2.1895047375,1
69481,-2.25181366543,1
69482,-2.28500326517,1
69483,-2.28836007477,1
69484,-2.2618119344,1
69485,-2.20592953753,1
69486,-2.12191416296,1
69487,-2.0115718515,1
69488,-1.8772745823,1
69489,-1.72190928349,1
69490,-1.54881577318,1
69491,-1.36171496488,1
69492,-1.1646288807,1
69493,-0.961794191756,1
69494,-0.757571144329,1
69495,-0.556349829622,1
69496,-0.36245581194,1
69497,-0.180057143969,1
69498,-0.0130747680206,1
69499,0.134901770702,1
69500,0.260691486953,1
69501,0.36159033565,1
69502,0.435429339523,1
69503,0.480621214639,1
69504,0.496194491541,1
69505,0.481814398484,1
69506,0.437790057874,1
69507,0.365067841206,1
69508,0.265211025336,1
69509,0.140366187425,1
69510,-0.00678293907341,1
69511,-0.17307315542,1
69512,-0.354929795457,1
69513,-0.548443568605,1
69514,-0.749454596121,1
69515,-0.953641834153,1
69516,-1.15661596128,1
69517,-1.35401373376,1
69518,-1.54159178028,1
69519,-1.71531781975,1
69520,-1.87145734145,1
69521,-2.00665388416,1
69522,-2.11800118846,1
69523,-2.20310567133,1
69524,-2.26013787989,1
69525,-2.28787181834,1
69526,-2.28571130265,1
69527,-2.25370277647,1
69528,-2.19253431271,1
69529,-2.10352082239,1
69530,-1.98857578857,1
69531,-1.85017013305,1
69532,-1.69127910011,1
69533,-1.51531829896,1
69534,-1.32607028,1
69535,-1.12760322296,1
69536,-0.924183485104,1
69537,-0.720183889244,1
69538,-0.519989723151,1
69539,-0.327904470974,1
69540,-0.148057303179,1
69541,0.015685686375,1
69542,0.159804588122,1
69543,0.281201342707,1
69544,0.377266338572,1
69545,0.445934509613,1
69546,0.485729726971,1
69547,0.495796530717,1
69548,0.475918519289,1
69549,0.426523001377,1
69550,0.348671810265,1
69551,0.559575263355,0
69552,0.695586689313,0
69553,0.62229728748,0
69554,0.487119563591,0
69555,0.453373517765,0
69556,0.526846436675,0
69557,0.494145221021,0
69558,0.410198151206,0
69559,0.230462579852,0
69560,0.472227620736,0
69561,0.203837054412,0
69562,0.371051750535,0
69563,0.170913380376,0
69564,0.472294371783,0
69565,0.179584825098,0
69566,0.379918614601,0
69567,0.172851686606,0
69568,0.174741666825,0
69569,0.381247845235,0
69570,0.0184668230778,0
69571,0.126601553923,0
69572,-0.036301733662,0
69573,0.264259470943,0
69574,-0.0246119234833,0
69575,-0.137874861471,0
69576,0.122300346363,0
69577,0.206082220097,0
69578,-0.0911359868231,0
69579,0.107169287166,0
69580,-0.0968552232116,0
69581,0.0583714562459,0
69582,-0.012772310023,0
69583,-0.429583452557,0
69584,-0.134675279251,0
69585,-0.0883005823618,0
69586,-0.51464481065,0
69587,-0.55723387162,0
69588,-0.241053315909,0
69589,-0.263365411731,0
69590,-0.576179478464,0
69591,-0.550634978094,0
69592,-0.787186097918,0
69593,-0.767988789523,0
69594,-0.516821437291,0
69595,-0.516331333621,0
69596,-0.690204479097,0
69597,-0.608724304253,0
69598,-0.982275630538,0
69599,-0.689559731328,0
69600,-0.995145537408,0
69601,-0.929423242871,0
69602,-0.715162246609,0
69603,-0.912675028145,0
69604,-1.08984045696,0
69605,-1.24049038105,0
69606,-0.964526524352,0
69607,-1.33155799418,0
69608,-1.26031011435,0
69609,-1.21862265893,0
69610,-1.07695670737,0
69611,-1.33243770676,0
69612,-1.24607388247,0
69613,-1.46599160457,0
69614,-1.57110175989,0
69615,-1.29520526833,0
69616,-1.54333183395,0
69617,-1.75719102242,0
69618,-1.75280523628,0
69619,-1.58686806021,0
69620,-1.47466945737,0
69621,-1.84123091985,0
69622,-1.74215825094,0
69623,-1.97210177198,0
69624,-2.00421436914,0
69625,-1.65422653191,0
69626,-1.71780521589,0
69627,-1.67702511101,0
69628,-1.74890416021,0
69629,-1.78479269286,0
69630,-1.97591655717,0
69631,-2.0932516493,0
69632,-2.10241285912,0
69633,-1.88783899144,0
69634,-2.26774187918,0
69635,-2.28893944228,0
69636,-1.89400598854,0
69637,-2.18607649808,0
69638,-2.24206373177,0
69639,-2.34863181235,0
69640,-2.37409738964,0
69641,-1.97048082139,0
69642,-2.34247914637,0
69643,-2.38568170442,0
69644,-2.10239056685,0
69645,-2.08264658872,0
69646,-2.1932469094,0
69647,-2.06510966192,0
69648,-2.26693616895,0
69649,-2.40479074646,0
69650,-2.27554100078,0
69651,-2.02316032857,0
69652,-2.43925565264,0
69653,-2.29377637069,0
69654,-2.41072564707,0
69655,-2.15154490395,0
69656,-2.41326459435,0
69657,-2.02199776614,0
69658,-2.13951912231,0
69659,-2.29206162718,0
69660,-2.36958316429,0
69661,-2.05256773825,0
69662,-1.93487080493,0
69663,-1.92293961483,0
69664,-1.94672461623,0
69665,-1.97196738827,0
69666,-2.11456810491,0
69667,-1.94338564959,0
69668,-1.82058875051,0
69669,-2.03131822815,0
69670,-2.13050729325,0
69671,-1.81349658793,0
69672,-1.7882514231,0
69673,-1.78839266043,0
69674,-1.94370130204,0
69675,-2.00895821575,0
69676,-1.78876745212,0
69677,-1.76233395736,0
69678,-1.63413517916,0
69679,-1.76979805891,0
69680,-1.84143179257,0
69681,-1.81293186376,0
69682,-1.40307413525,0
69683,-1.34660595337,0
69684,-1.69200433428,0
69685,-1.24207633912,0
69686,-1.30137657393,0
69687,-1.16581245458,0
69688,-1.20871655063,0
69689,-1.08468553089,0
69690,-1.0651024107,0
69691,-1.40991918642,0
69692,-1.19092590707,0
69693,-1.09819797304,0
69694,-1.26077743833,0
69695,-1.13838193223,0
69696,-1.19604625549,0
69697,-0.844417314377,0
69698,-0.711383520981,0
69699,-0.841591318594,0
69700,-0.959723099037,0
69701,-0.72691348529,0
69702,-0.705785852283,0
69703,-0.822679133341,0
69704,-0.817455993809,0
69705,-0.464201567672,0
69706,-0.351705078037,0
69707,-0.636157610114,0
69708,-0.260383086001,0
69709,-0.628909646577,0
69710,-0.174126500465,0
69711,-0.422313601238,0
69712,-0.291102003889,0
69713,-0.395798329069,0
69714,-0.213931666812,0
69715,-0.0938454534938,0
69716,0.0131691831304,0
69717,-0.262410827531,0
69718,0.109809819913,0
69719,-0.11997106023,0
69720,-0.101539135094,0
69721,-0.122195923122,0
69722,0.151769677545,0
69723,-0.0425772427654,0
69724,-0.0126710823068,0
69725,0.00609866549831,0
69726,0.0697519881304,0
69727,0.189759076468,0
69728,0.460719251634,0
69729,0.313914560786,0
69730,0.189931342213,0
69731,0.533128484438,0
69732,0.516127591377,0
69733,0.207410999987,0
69734,0.50390229344,0
69735,0.637654365066,0
69736,0.639779727116,0
69737,0.339904434082,0
69738,0.688023149204,0
69739,0.334340312042,0
69740,0.663932335149,0
69741,0.72662738958,0
69742,0.557233221131,0
69743,0.582928026519,0
69744,0.359004734649,0
69745,0.444493408383,0
69746,0.769885129165,0
69747,0.708109017137,0
69748,0.631422571189,0
69749,0.3681537968,0
69750,0.385593411339,0
69751,0.624041800631,0
69752,0.760053226589,0
69753,0.686763824756,0
69754,0.551586100867,0
69755,0.517840055041,0
69756,0.591312973951,0
69757,0.558611758297,0
69758,0.474664688482,0
69759,0.294929117128,0
69760,0.536694158012,0
69761,0.268303591688,0
69762,0.435518287811,0
69763,0.235379917652,0
69764,0.536760909059,0
69765,0.244051362374,0
69766,0.444385151877,0
69767,0.237318223882,0
69768,0.239208204101,0
69769,0.445714382511,0
69770,0.0829333603538,0
69771,0.191068091199,0
69772,0.0281648036141,0
69773,0.328726008219,0
69774,0.0398546137927,0
69775,-0.073408324195,0
69776,0.186766883639,0
69777,0.270548757374,0
69778,-0.026669449547,0
69779,0.171635824442,0
69780,-0.0323886859356,0
69781,0.122837993522,0
69782,0.051694227253,0
69783,-0.365116915281,0
69784,-0.0702087419749,0
69785,-0.0238340450857,0
69786,-0.450178273374,0
69787,-0.492767334344,0
69788,-0.176586778632,0
69789,-0.198898874455,0
69790,-0.511712941188,0
69791,-0.486168440818,0
69792,-0.722719560642,0
69793,-0.703522252246,0
69794,-0.452354900015,0
69795,-0.451864796345,0
69796,-0.625737941821,0
69797,-0.544257766977,0
69798,-0.917809093262,0
69799,-0.625093194052,0
69800,-1.13102135463,0
69801,-1.06529906009,0
69802,-0.851038063828,0
69803,-1.04855084536,0
69804,-1.22571627418,0
69805,-1.37636619827,0
69806,-1.10040234157,0
69807,-1.4674338114,0
69808,-1.39618593157,0
69809,-1.35449847615,0
69810,-1.21283252458,0
69811,-1.46831352398,0
69812,-1.38194969969,0
69813,-1.60186742179,0
69814,-1.70697757711,0
69815,-1.43108108555,0
69816,-1.67920765116,0
69817,-1.89306683964,0
69818,-1.8886810535,0
69819,-1.72274387743,0
69820,-1.61054527459,0
69821,-1.97710673707,0
69822,-1.87803406816,0
69823,-2.1079775892,0
69824,-2.14009018636,0
69825,-1.79010234913,0
69826,-1.85368103311,0
69827,-1.81290092823,0
69828,-1.88477997743,0
69829,-1.92066851008,0
69830,-2.11179237438,0
69831,-2.22912746651,0
69832,-2.23828867634,0
69833,-2.02371480866,0
69834,-2.4036176964,0
69835,-2.4248152595,0
69836,-2.02988180576,0
69837,-2.3219523153,0
69838,-2.37793954899,0
69839,-2.48450762957,0
69840,-2.50997320686,0
69841,-2.10635663861,0
69842,-2.47835496359,0
69843,-2.52155752164,0
69844,-2.23826638407,0
69845,-2.21852240594,0
69846,-2.32912272661,0
69847,-2.20098547914,0
69848,-2.40281198617,0
69849,-2.54066656368,0
69850,-2.411416818,0
69851,-2.15903614579,0
69852,-2.57513146986,0
69853,-2.42965218791,0
69854,-2.54660146429,0
69855,-2.28742072117,0
69856,-2.54914041157,0
69857,-2.15787358336,0
69858,-2.27539493953,0
69859,-2.4279374444,0
69860,-2.50545898151,0
69861,-2.18844355547,0
69862,-2.07074662214,0
69863,-2.05881543205,0
69864,-2.08260043345,0
69865,-2.10784320549,0
69866,-2.25044392213,0
69867,-2.07926146681,0
69868,-1.95646456773,0
69869,-2.16719404537,0
69870,-2.26638311047,0
69871,-1.94937240515,0
69872,-1.92412724032,0
69873,-1.92426847765,0
69874,-2.07957711926,0
69875,-2.14483403296,0
69876,-1.92464326934,0
69877,-1.89820977458,0
69878,-1.77001099638,0
69879,-1.90567387613,0
69880,-1.97730760979,0
69881,-1.94880768098,0
69882,-1.53894995247,0
69883,-1.48248177059,0
69884,-1.82788015149,0
69885,-1.37795215633,0
69886,-1.43725239115,0
69887,-1.3016882718,0
69888,-1.34459236785,0
69889,-1.22056134811,0
69890,-1.20097822792,0
69891,-1.54579500364,0
69892,-1.32680172428,0
69893,-1.23407379026,0
69894,-1.39665325555,0
69895,-1.27425774945,0
69896,-1.33192207271,0
69897,-0.980293131596,0
69898,-0.847259338199,0
69899,-0.977467135812,0
69900,-1.09559891626,0
69901,-0.862789302508,0
69902,-0.841661669501,0
69903,-0.95855495056,0
69904,-0.953331811028,0
69905,-0.60007738489,0
69906,-0.487580895256,0
69907,-0.772033427333,0
69908,-0.39625890322,0
69909,-0.764785463796,0
69910,-0.310002317683,0
69911,-0.558189418456,0
69912,-0.426977821107,0
69913,-0.531674146287,0
69914,-0.349807484031,0
69915,-0.229721270712,0
69916,-0.122706634088,0
69917,-0.39828664475,0
69918,-0.0260659973054,0
69919,-0.255846877448,0
69920,-0.237414952312,0
69921,-0.258071740341,0
69922,0.015893860326,0
69923,-0.178453059984,0
69924,-0.148546899525,0
69925,-0.12977715172,0
69926,-0.0661238290881,0
69927,0.053883259249,0
69928,0.324843434416,0
69929,0.178038743568,0
69930,0.0540555249947,0
69931,0.39725266722,0
69932,0.380251774159,0
69933,0.0715351827684,0
69934,0.368026476221,0
69935,0.501778547847,0
69936,0.503903909897,0
69937,0.204028616863,0
69938,0.552147331985,0
69939,0.198464494823,0
69940,0.528056517931,0
69941,0.590751572361,0
69942,0.421357403912,0
69943,0.447052209301,0
69944,0.22312891743,0
69945,0.308617591164,0
69946,0.634009311947,0
69947,0.572233199919,0
69948,0.495546753971,0
69949,0.232277979582,0
69950,0.249717594121,0
69951,0.488165983413,0
69952,0.624177409371,0
69953,0.550888007537,0
69954,0.415710283648,0
69955,0.381964237822,0
69956,0.455437156732,0
69957,0.422735941079,0
69958,0.338788871263,0
69959,0.15905329991,0
69960,0.400818340793,0
69961,0.13242777447,0
69962,0.299642470592,0
69963,0.0995041004336,0
69964,0.40088509184,0
69965,0.108175545156,0
69966,0.308509334659,0
69967,0.101442406664,0
69968,0.103332386883,0
69969,0.309838565293,0
69970,-0.0529424568647,0
69971,0.0551922739803,0
69972,-0.107711013604,0
69973,0.192850191001,0
69974,-0.0960212034258,0
69975,-0.209284141414,0
69976,0.0508910664204,0
69977,0.134672940155,0
69978,-0.162545266766,0
69979,0.0357600072235,0
69980,-0.168264503154,0
69981,-0.0130378236966,0
69982,-0.0841815899655,0
69983,-0.500992732499,0
69984,-0.206084559193,0
69985,-0.159709862304,0
69986,-0.586054090592,0
69987,-0.628643151563,0
69988,-0.312462595851,0
69989,-0.334774691673,0
69990,-0.647588758407,0
69991,-0.622044258037,0
69992,-0.85859537786,0
69993,-0.839398069465,0
69994,-0.588230717233,0
69995,-0.587740613564,0
69996,-0.761613759039,0
69997,-0.680133584196,0
69998,-1.05368491048,0
69999,-0.760969011271,0
70000,-1.182651271,0
70001,-1.11692897646,0
70002,-0.902667980202,0
70003,-1.10018076174,0
70004,-1.27734619056,0
70005,-1.42799611465,0
70006,-1.15203225794,0
70007,-1.51906372778,0
70008,-1.44781584794,0
70009,-1.40612839252,0
70010,-1.26446244096,0
70011,-1.51994344035,0
70012,-1.43357961607,0
70013,-1.65349733816,0
70014,-1.75860749349,0
70015,-1.48271100193,0
70016,-1.73083756754,0
70017,-1.94469675601,0
70018,-1.94031096987,0
70019,-1.7743737938,0
70020,-1.66217519097,0
70021,-2.02873665344,0
70022,-1.92966398453,0
70023,-2.15960750558,0
70024,-2.19172010273,0
70025,-1.8417322655,0
70026,-1.90531094948,0
70027,-1.8645308446,0
70028,-1.9364098938,0
70029,-1.97229842645,0
70030,-2.16342229076,0
70031,-2.28075738289,0
70032,-2.28991859271,0
70033,-2.07534472503,0
70034,-2.45524761277,0
70035,-2.47644517587,0
70036,-2.08151172213,0
70037,-2.37358223168,0
70038,-2.42956946536,0
70039,-2.53613754594,0
70040,-2.56160312324,0
70041,-2.15798655498,0
70042,-2.52998487996,0
70043,-2.57318743801,0
70044,-2.28989630044,0
70045,-2.27015232231,0
70046,-2.38075264299,0
70047,-2.25261539551,0
70048,-2.45444190254,0
70049,-2.59229648006,0
70050,-2.46304673437,0
70051,-2.21066606216,0
70052,-2.62676138624,0
70053,-2.48128210429,0
70054,-2.59823138067,0
70055,-2.33905063755,0
70056,-2.60077032794,0
70057,-2.20950349973,0
70058,-2.3270248559,0
70059,-2.47956736077,0
70060,-2.55708889788,0
70061,-2.24007347185,0
70062,-2.12237653852,0
70063,-2.11044534842,0
70064,-2.13423034983,0
70065,-2.15947312186,0
70066,-2.3020738385,0
70067,-2.13089138319,0
70068,-2.0080944841,0
70069,-2.21882396175,0
70070,-2.31801302684,0
70071,-2.00100232153,0
70072,-1.97575715669,0
70073,-1.97589839402,0
70074,-2.13120703563,0
70075,-2.19646394934,0
70076,-1.97627318571,0
70077,-1.94983969095,0
70078,-1.82164091275,0
70079,-1.9573037925,0
70080,-2.02893752616,0
70081,-2.00043759736,0
70082,-1.59057986884,0
70083,-1.53411168696,0
70084,-1.87951006787,0
70085,-1.42958207271,0
70086,-1.48888230752,0
70087,-1.35331818818,0
70088,-1.39622228422,0
70089,-1.27219126448,0
70090,-1.25260814429,0
70091,-1.59742492001,0
70092,-1.37843164066,0
70093,-1.28570370663,0
70094,-1.44828317193,0
70095,-1.32588766582,0
70096,-1.38355198909,0
70097,-1.03192304797,0
70098,-0.898889254573,0
70099,-1.02909705219,0
70100,-1.14722883263,0
70101,-0.914419218882,0
70102,-0.893291585875,0
70103,-1.01018486693,0
70104,-1.0049617274,0
70105,-0.651707301264,0
70106,-0.539210811629,0
70107,-0.823663343706,0
70108,-0.447888819593,0
70109,-0.816415380169,0
70110,-0.361632234057,0
70111,-0.60981933483,0
70112,-0.478607737481,0
70113,-0.583304062661,0
70114,-0.401437400404,0
70115,-0.281351187086,0
70116,-0.174336550462,0
70117,-0.449916561123,0
70118,-0.0776959136789,0
70119,-0.307476793822,0
70120,-0.289044868686,0
70121,-0.309701656714,0
70122,-0.0357360560476,0
70123,-0.230082976358,0
70124,-0.200176815899,0
70125,-0.181407068094,0
70126,-0.117753745462,0
70127,0.00225334287546,0
70128,0.273213518042,0
70129,0.126408827194,0
70130,0.0024256086211,0
70131,0.345622750846,0
70132,0.328621857785,0
70133,0.0199052663949,0
70134,0.316396559848,0
70135,0.450148631473,0
70136,0.452273993524,0
70137,0.15239870049,0
70138,0.500517415612,0
70139,0.146834578449,0
70140,0.476426601557,0
70141,0.539121655987,0
70142,0.369727487539,0
70143,0.395422292927,0
70144,0.171499001057,0
70145,0.256987674791,0
70146,0.582379395573,0
70147,0.520603283545,0
70148,0.443916837597,0
70149,0.180648063208,0
70150,0.198087677747,0
70151,0.436536067039,0
70152,0.572547492997,0
70153,0.499258091164,0
70154,0.364080367275,0
70155,0.330334321449,0
70156,0.403807240359,0
70157,0.371106024705,0
70158,0.28715895489,0
70159,0.107423383536,0
70160,0.34918842442,0
70161,0.080797858096,0
70162,0.248012554219,0
70163,0.04787418406,0
70164,0.349255175467,0
70165,0.0565456287823,0
70166,0.256879418285,0
70167,0.04981249029,0
70168,0.051702470509,0
70169,0.258208648919,0
70170,-0.104572373238,0
70171,0.00356235760669,0
70172,-0.159340929978,0
70173,0.141220274627,0
70174,-0.147651119799,0
70175,-0.260914057787,0
70176,-0.000738849953163,0
70177,0.0830430237814,0
70178,-0.214175183139,0
70179,-0.0158699091501,0
70180,-0.219894419528,0
70181,-0.0646677400701,0
70182,-0.135811506339,0
70183,-0.552622648873,0
70184,-0.257714475567,0
70185,-0.211339778678,0
70186,-0.637684006966,0
70187,-0.680273067936,0
70188,-0.364092512225,0
70189,-0.386404608047,0
70190,-0.69921867478,0
70191,-0.67367417441,0
70192,-0.910225294234,0
70193,-0.891027985839,0
70194,-0.639860633607,0
70195,-0.639370529937,0
70196,-0.813243675413,0
70197,-0.73176350057,0
70198,-1.10531482685,0
70199,-0.812598927644,0
70200,-1.34204493538,0
70201,-1.27632264084,0
70202,-1.06206164458,0
70203,-1.25957442612,0
70204,-1.43673985494,0
70205,-1.58738977903,0
70206,-1.31142592232,0
70207,-1.67845739216,0
70208,-1.60720951232,0
70209,-1.5655220569,0
70210,-1.42385610534,0
70211,-1.67933710473,0
70212,-1.59297328045,0
70213,-1.81289100254,0
70214,-1.91800115787,0
70215,-1.6421046663,0
70216,-1.89023123192,0
70217,-2.10409042039,0
70218,-2.09970463425,0
70219,-1.93376745818,0
70220,-1.82156885534,0
70221,-2.18813031782,0
70222,-2.08905764891,0
70223,-2.31900116996,0
70224,-2.35111376711,0
70225,-2.00112592988,0
70226,-2.06470461386,0
70227,-2.02392450898,0
70228,-2.09580355818,0
70229,-2.13169209083,0
70230,-2.32281595514,0
70231,-2.44015104727,0
70232,-2.44931225709,0
70233,-2.23473838941,0
70234,-2.61464127715,0
70235,-2.63583884025,0
70236,-2.24090538651,0
70237,-2.53297589606,0
70238,-2.58896312974,0
70239,-2.69553121032,0
70240,-2.72099678762,0
70241,-2.31738021936,0
70242,-2.68937854434,0
70243,-2.73258110239,0
70244,-2.44928996482,0
70245,-2.42954598669,0
70246,-2.54014630737,0
70247,-2.41200905989,0
70248,-2.61383556692,0
70249,-2.75169014444,0
70250,-2.62244039875,0
70251,-2.37005972654,0
70252,-2.78615505061,0
70253,-2.64067576867,0
70254,-2.75762504505,0
70255,-2.49844430193,0
70256,-2.76016399232,0
70257,-2.36889716411,0
70258,-2.48641852028,0
70259,-2.63896102515,0
70260,-2.71648256226,0
70261,-2.39946713623,0
70262,-2.2817702029,0
70263,-2.2698390128,0
70264,-2.29362401421,0
70265,-2.31886678624,0
70266,-2.46146750288,0
70267,-2.29028504757,0
70268,-2.16748814848,0
70269,-2.37821762612,0
70270,-2.47740669122,0
70271,-2.16039598591,0
70272,-2.13515082107,0
70273,-2.1352920584,0
70274,-2.29060070001,0
70275,-2.35585761372,0
70276,-2.13566685009,0
70277,-2.10923335533,0
70278,-1.98103457713,0
70279,-2.11669745688,0
70280,-2.18833119054,0
70281,-2.15983126174,0
70282,-1.74997353322,0
70283,-1.69350535134,0
70284,-2.03890373225,0
70285,-1.58897573709,0
70286,-1.6482759719,0
70287,-1.51271185256,0
70288,-1.5556159486,0
70289,-1.43158492886,0
70290,-1.41200180867,0
70291,-1.75681858439,0
70292,-1.53782530504,0
70293,-1.44509737101,0
70294,-1.60767683631,0
70295,-1.4852813302,0
70296,-1.54294565347,0
70297,-1.19131671235,0
70298,-1.05828291895,0
70299,-1.18849071657,0
70300,-1.30662249701,0
70301,-1.07381288326,0
70302,-1.05268525025,0
70303,-1.16957853131,0
70304,-1.16435539178,0
70305,-0.811100965643,0
70306,-0.698604476009,0
70307,-0.983057008086,0
70308,-0.607282483973,0
70309,-0.975809044549,0
70310,-0.521025898437,0
70311,-0.76921299921,0
70312,-0.638001401861,0
70313,-0.742697727041,0
70314,-0.560831064784,0
70315,-0.440744851466,0
70316,-0.333730214841,0
70317,-0.609310225503,0
70318,-0.237089578059,0
70319,-0.466870458202,0
70320,-0.448438533066,0
70321,-0.469095321094,0
70322,-0.195129720427,0
70323,-0.389476640737,0
70324,-0.359570480279,0
70325,-0.340800732473,0
70326,-0.277147409841,0
70327,-0.157140321504,0
70328,0.113819853662,0
70329,-0.0329848371854,0
70330,-0.156968055759,0
70331,0.186229086467,0
70332,0.169228193405,0
70333,-0.139488397985,0
70334,0.157002895468,0
70335,0.290754967094,0
70336,0.292880329144,0
70337,-0.00699496388983,0
70338,0.341123751232,0
70339,-0.0125590859302,0
70340,0.317032937178,0
70341,0.379727991608,0
70342,0.210333823159,0
70343,0.236028628548,0
70344,0.0121053366771,0
70345,0.0975940104112,0
70346,0.422985731193,0
70347,0.361209619165,0
70348,0.284523173218,0
70349,0.0212543988285,0
70350,0.0386940133675,0
70351,0.277142402659,0
70352,0.413153828618,0
70353,0.339864426784,0
70354,0.204686702895,0
70355,0.170940657069,0
70356,0.244413575979,0
70357,0.211712360326,0
70358,0.12776529051,0
70359,-0.0519702808435,0
70360,0.18979476004,0
70361,-0.0785958062837,0
70362,0.0886188898392,0
70363,-0.11151948032,0
70364,0.189861511087,0
70365,-0.102848035597,0
70366,0.0974857539054,0
70367,-0.10958117409,0
70368,-0.107691193871,0
70369,0.0988149845394,0
70370,-0.263966037618,0
70371,-0.155831306773,0
70372,-0.318734594358,0
70373,-0.0181733897524,0
70374,-0.307044784179,0
70375,-0.420307722167,0
70376,-0.160132514333,0
70377,-0.0763506405982,0
70378,-0.373568847519,0
70379,-0.17526357353,0
70380,-0.379288083907,0
70381,-0.22406140445,0
70382,-0.295205170719,0
70383,-0.712016313252,0
70384,-0.417108139947,0
70385,-0.370733443058,0
70386,-0.797077671346,0
70387,-0.839666732316,0
70388,-0.523486176604,0
70389,-0.545798272426,0
70390,-0.85861233916,0
70391,-0.83306783879,0
70392,-1.06961895861,0
70393,-1.05042165022,0
70394,-0.799254297987,0
70395,-0.798764194317,0
70396,-0.972637339793,0
70397,-0.891157164949,0
70398,-1.26470849123,0
70399,-0.971992592024,0
70400,-1.61272485668,0
70401,-1.54700256214,0
70402,-1.33274156588,0
70403,-1.53025434742,0
70404,-1.70741977624,0
70405,-1.85806970033,0
70406,-1.58210584362,0
70407,-1.94913731346,0
70408,-1.87788943362,0
70409,-1.8362019782,0
70410,-1.69453602664,0
70411,-1.95001702603,0
70412,-1.86365320175,0
70413,-2.08357092384,0
70414,-2.18868107917,0
70415,-1.9127845876,0
70416,-2.16091115322,0
70417,-2.37477034169,0
70418,-2.37038455555,0
70419,-2.20444737948,0
70420,-2.09224877665,0
70421,-2.45881023912,0
70422,-2.35973757021,0
70423,-2.58968109126,0
70424,-2.62179368841,0
70425,-2.27180585118,0
70426,-2.33538453516,0
70427,-2.29460443028,0
70428,-2.36648347948,0
70429,-2.40237201213,0
70430,-2.59349587644,0
70431,-2.71083096857,0
70432,-2.71999217839,0
70433,-2.50541831071,0
70434,-2.88532119845,0
70435,-2.90651876155,0
70436,-2.51158530781,0
70437,-2.80365581736,0
70438,-2.85964305104,0
70439,-2.96621113162,0
70440,-2.99167670892,0
70441,-2.58806014066,0
70442,-2.96005846564,0
70443,-3.00326102369,0
70444,-2.71996988612,0
70445,-2.70022590799,0
70446,-2.81082622867,0
70447,-2.68268898119,0
70448,-2.88451548822,0
70449,-3.02237006574,0
70450,-2.89312032005,0
70451,-2.64073964784,0
70452,-3.05683497192,0
70453,-2.91135568997,0
70454,-3.02830496635,0
70455,-2.76912422323,0
70456,-3.03084391362,0
70457,-2.63957708541,0
70458,-2.75709844158,0
70459,-2.90964094645,0
70460,-2.98716248356,0
70461,-2.67014705753,0
70462,-2.5524501242,0
70463,-2.5405189341,0
70464,-2.56430393551,0
70465,-2.58954670754,0
70466,-2.73214742418,0
70467,-2.56096496887,0
70468,-2.43816806978,0
70469,-2.64889754742,0
70470,-2.74808661252,0
70471,-2.43107590721,0
70472,-2.40583074237,0
70473,-2.4059719797,0
70474,-2.56128062131,0
70475,-2.62653753502,0
70476,-2.40634677139,0
70477,-2.37991327663,0
70478,-2.25171449843,0
70479,-2.38737737818,0
70480,-2.45901111184,0
70481,-2.43051118304,0
70482,-2.02065345452,0
70483,-1.96418527264,0
70484,-2.30958365355,0
70485,-1.85965565839,0
70486,-1.9189558932,0
70487,-1.78339177386,0
70488,-1.8262958699,0
70489,-1.70226485016,0
70490,-1.68268172997,0
70491,-2.02749850569,0
70492,-1.80850522634,0
70493,-1.71577729231,0
70494,-1.87835675761,0
70495,-1.7559612515,0
70496,-1.81362557477,0
70497,-1.46199663365,0
70498,-1.32896284025,0
70499,-1.45917063787,0
70500,-1.57730241831,0
70501,-1.34449280456,0
70502,-1.32336517155,0
70503,-1.44025845261,0
70504,-1.43503531308,0
70505,-1.08178088694,0
70506,-0.969284397309,0
70507,-1.25373692939,0
70508,-0.877962405273,0
70509,-1.24648896585,0
70510,-0.791705819737,0
70511,-1.03989292051,0
70512,-0.908681323161,0
70513,-1.01337764834,0
70514,-0.831510986084,0
70515,-0.711424772766,0
70516,-0.604410136142,0
70517,-0.879990146803,0
70518,-0.507769499359,0
70519,-0.737550379502,0
70520,-0.719118454366,0
70521,-0.739775242394,0
70522,-0.465809641727,0
70523,-0.660156562037,0
70524,-0.630250401579,0
70525,-0.611480653774,0
70526,-0.547827331142,0
70527,-0.427820242804,0
70528,-0.156860067638,0
70529,-0.303664758486,0
70530,-0.427647977059,0
70531,-0.0844508348337,0
70532,-0.101451727895,0
70533,-0.410168319285,0
70534,-0.113677025832,0
70535,0.0200750457935,0
70536,0.0222004078436,0
70537,-0.27767488519,0
70538,0.0704438299319,0
70539,-0.28323900723,0
70540,0.0463530158774,0
70541,0.109048070308,0
70542,-0.0603460981411,0
70543,-0.0346512927526,0
70544,-0.258574584623,0
70545,-0.173085910889,0
70546,0.152305809893,0
70547,0.0905296978652,0
70548,0.0138432519174,0
70549,-0.249425522472,0
70550,-0.231985907933,0
70551,0.00646248135919,0
70552,0.142473907317,0
70553,0.0691845054838,0
70554,-0.065993218405,0
70555,-0.0997392642313,0
70556,-0.0262663453212,0
70557,-0.0589675609746,0
70558,-0.14291463079,0
70559,-0.322650202144,0
70560,-0.0808851612603,0
70561,-0.349275727584,0
70562,-0.182061031461,0
70563,-0.38219940162,0
70564,-0.0808184102134,0
70565,-0.373527956898,0
70566,-0.173194167395,0
70567,-0.38026109539,0
70568,-0.378371115171,0
70569,-0.171864936761,0
70570,-0.534645958918,0
70571,-0.426511228073,0
70572,-0.589414515658,0
70573,-0.288853311053,0
70574,-0.577724705479,0
70575,-0.690987643467,0
70576,-0.430812435633,0
70577,-0.347030561898,0
70578,-0.644248768819,0
70579,-0.44594349483,0
70580,-0.649968005208,0
70581,-0.49474132575,0
70582,-0.565885092019,0
70583,-0.982696234553,0
70584,-0.687788061247,0
70585,-0.641413364358,0
70586,-1.06775759265,0
70587,-1.11034665362,0
70588,-0.794166097904,0
70589,-0.816478193727,0
70590,-1.12929226046,0
70591,-1.10374776009,0
70592,-1.34029887991,0
70593,-1.32110157152,0
70594,-1.06993421929,0
70595,-1.06944411562,0
70596,-1.24331726109,0
70597,-1.16183708625,0
70598,-1.53538841253,0
70599,-1.24267251332,0
70600,-1.76270376596,0
70601,-1.69698147142,0
70602,-0.930916467556,1
70603,-0.980030410999,1
70604,-1.02995786058,1
70605,-1.08063333472,1
70606,-1.13199037075,1
70607,-1.18396161213,1
70608,-1.23647889677,1
70609,-1.28947334641,1
70610,-1.34287545698,1
70611,-1.39661518976,1
70612,-1.4506220632,1
70613,-1.50482524541,1
70614,-1.55915364703,1
70615,-1.61353601445,1
70616,-1.66790102331,1
70617,-1.722177372,1
70618,-1.7762938752,1
70619,-1.83017955722,1
70620,-1.8837637451,1
70621,-1.93697616133,1
70622,-1.98974701595,1
70623,-2.04200709815,1
70624,-2.09368786702,1
70625,-2.1447215414,1
70626,-2.19504118887,1
70627,-2.24458081345,1
70628,-2.29327544219,1
70629,-2.34106121039,1
70630,-2.38787544534,1
70631,-2.43365674854,1
70632,-2.47834507622,1
70633,-2.52188181807,1
70634,-2.56420987415,1
70635,-2.60527372971,1
70636,-2.64501952809,1
70637,-2.68339514129,1
70638,-2.72035023834,1
70639,-2.75583635136,1
70640,-2.78980693906,1
70641,-2.82221744783,1
70642,-2.85302537016,1
70643,-2.88219030038,1
70644,-2.90967398767,1
70645,-2.93544038622,1
70646,-2.95945570249,1
70647,-2.98168843957,1
70648,-3.00210943843,1
70649,-3.02069191623,1
70650,-3.03741150139,1
70651,-3.05224626561,1
70652,-3.06517675256,1
70653,-3.07618600346,1
70654,-3.0852595793,1
70655,-3.09238557977,1
70656,-3.09755465886,1
70657,-3.10076003716,1
70658,-3.10199751068,1
70659,-3.10126545645,1
70660,-3.09856483458,1
70661,-3.09389918702,1
70662,-3.08727463295,1
70663,-3.07869986068,1
70664,-3.06818611634,1
70665,-3.05574718907,1
70666,-3.04139939295,1
70667,-3.02516154562,1
70668,-3.00705494359,1
70669,-2.98710333429,1
70670,-2.96533288495,1
70671,-2.94177214828,1
70672,-2.91645202501,1
70673,-2.88940572337,1
70674,-2.86066871551,1
70675,-2.83027869104,1
70676,-2.79827550752,1
70677,-2.76470113825,1
70678,-2.72959961719,1
70679,-2.6930169812,1
70680,-2.6550012097,1
70681,-2.61560216168,1
70682,-2.57487151038,1
70683,-2.53286267547,1
70684,-2.489630753,1
70685,-2.44523244314,1
70686,-2.39972597583,1
70687,-2.35317103439,1
70688,-2.30562867725,1
70689,-2.25716125787,1
70690,-2.20783234295,1
70691,-2.1577066291,1
70692,-2.10684985794,1
70693,-2.05532872989,1
70694,-2.00321081671,1
70695,-1.95056447287,1
70696,-1.89745874588,1
70697,-1.84396328576,1
70698,-1.79014825367,1
70699,-1.7360842299,1
70700,-1.68184212131,1
70701,-1.62749306831,1
70702,-1.57310835158,1
70703,-1.51875929858,1
70704,-1.46451718998,1
70705,-1.41045316621,1
70706,-1.35663813412,1
70707,-1.303142674,1
70708,-1.25003694701,1
70709,-1.19739060317,1
70710,-1.14527269,1
70711,-1.09375156195,1
70712,-1.04289479078,1
70713,-0.992769076934,1
70714,-0.943440162019,1
70715,-0.894972742635,1
70716,-0.847430385492,1
70717,-0.800875444051,1
70718,-0.755368976743,1
70719,-0.710970666887,1
70720,-0.667738744415,1
70721,-0.625729909504,1
70722,-0.584999258205,1
70723,-0.545600210189,1
70724,-0.507584438682,1
70725,-0.471001802696,1
70726,-0.435900281634,1
70727,-0.402325912366,1
70728,-0.370322728848,1
70729,-0.339932704373,1
70730,-0.311195696518,1
70731,-0.284149394872,1
70732,-0.258829271603,1
70733,-0.235268534936,1
70734,-0.213498085599,1
70735,-0.193546476298,1
70736,-0.175439874263,1
70737,-0.159202026934,1
70738,-0.144854230816,1
70739,-0.132415303543,1
70740,-0.121901559203,1
70741,-0.113326786939,1
70742,-0.106702232862,1
70743,-0.102036585308,1
70744,-0.0993359634355,1
70745,-0.0986039092045,1
70746,-0.0998413827298,1
70747,-0.103046761021,1
70748,-0.108215840114,1
70749,-0.11534184058,1
70750,-0.124415416422,1
70751,-0.135424667327,1
70752,-0.148355154279,1
70753,-0.163189918493,1
70754,-0.179909503659,1
70755,-0.198491981457,1
70756,-0.218912980318,1
70757,-0.241145717391,1
70758,-0.265161033664,1
70759,-0.290927432213,1
70760,-0.318411119506,1
70761,-0.347576049729,1
70762,-0.378383972059,1
70763,-0.410794480828,1
70764,-0.444765068526,1
70765,-0.48025118154,1
70766,-0.517206278595,1
70767,-0.555581891791,1
70768,-0.595327690173,1
70769,-0.636391545739,1
70770,-0.67871960181,1
70771,-0.722256343663,1
70772,-0.766944671342,1
70773,-0.812725974545,1
70774,-0.859540209497,1
70775,-0.907325977694,1
70776,-0.956020606434,1
70777,-1.00556023101,1
70778,-1.05587987848,1
70779,-1.10691355287,1
70780,-1.15859432173,1
70781,-1.21085440393,1
70782,-1.26362525856,1
70783,-1.31683767478,1
70784,-1.37042186267,1
70785,-1.42430754469,1
70786,-1.47842404788,1
70787,-1.53270039657,1
70788,-1.58706540543,1
70789,-1.64144777286,1
70790,-1.69577617447,1
70791,-1.74997935669,1
70792,-1.80398623013,1
70793,-1.8577259629,1
70794,-1.91112807348,1
70795,-1.96412252312,1
70796,-2.01663980776,1
70797,-2.06861104914,1
70798,-2.11996808517,1
70799,-2.1706435593,1
70800,-2.27034800397,1
70801,-2.31946194741,1
70802,-1.53249747024,0
70803,-1.73001025178,0
70804,-1.9071756806,0
70805,-2.05782560469,0
70806,-1.78186174799,0
70807,-2.14889321782,0
70808,-2.07764533799,0
70809,-2.03595788256,0
70810,-1.894291931,0
70811,-2.14977293039,0
70812,-2.06340910611,0
70813,-2.2833268282,0
70814,-2.38843698353,0
70815,-2.11254049197,0
70816,-2.36066705758,0
70817,-2.57452624606,0
70818,-2.57014045991,0
70819,-2.40420328384,0
70820,-2.29200468101,0
70821,-2.65856614348,0
70822,-2.55949347457,0
70823,-2.78943699562,0
70824,-2.82154959277,0
70825,-2.47156175555,0
70826,-2.53514043952,0
70827,-2.49436033465,0
70828,-2.56623938384,0
70829,-2.60212791649,0
70830,-2.7932517808,0
70831,-2.91058687293,0
70832,-2.91974808275,0
70833,-2.70517421507,0
70834,-3.08507710281,0
70835,-3.10627466592,0
70836,-2.71134121218,0
70837,-3.00341172172,0
70838,-3.05939895541,0
70839,-3.16596703598,0
70840,-3.19143261328,0
70841,-2.78781604503,0
70842,-3.15981437,0
70843,-3.20301692805,0
70844,-2.91972579048,0
70845,-2.89998181235,0
70846,-3.01058213303,0
70847,-2.88244488556,0
70848,-3.08427139259,0
70849,-3.2221259701,0
70850,-3.09287622441,0
70851,-2.84049555221,0
70852,-3.25659087628,0
70853,-3.11111159433,0
70854,-3.22806087071,0
70855,-2.96888012759,0
70856,-3.23059981798,0
70857,-2.83933298978,0
70858,-2.95685434595,0
70859,-3.10939685082,0
70860,-3.18691838792,0
70861,-2.86990296189,0
70862,-2.75220602856,0
70863,-2.74027483847,0
70864,-2.76405983987,0
70865,-2.7893026119,0
70866,-2.93190332854,0
70867,-2.76072087323,0
70868,-2.63792397414,0
70869,-2.84865345179,0
70870,-2.94784251688,0
70871,-2.63083181157,0
70872,-2.60558664674,0
70873,-2.60572788406,0
70874,-2.76103652567,0
70875,-2.82629343938,0
70876,-2.60610267575,0
70877,-2.57966918099,0
70878,-2.45147040279,0
70879,-2.58713328255,0
70880,-2.6587670162,0
70881,-2.6302670874,0
70882,-2.22040935888,0
70883,-2.163941177,0
70884,-2.50933955791,0
70885,-2.05941156275,0
70886,-2.11871179756,0
70887,-1.98314767822,0
70888,-2.02605177426,0
70889,-1.90202075452,0
70890,-1.88243763434,0
70891,-2.22725441006,0
70892,-2.0082611307,0
70893,-1.91553319667,0
70894,-2.07811266197,0
70895,-1.95571715587,0
70896,-2.01338147913,0
70897,-1.66175253801,0
70898,-1.52871874461,0
70899,-1.65892654223,0
70900,-1.77705832267,0
70901,-1.54424870892,0
70902,-1.52312107592,0
70903,-1.64001435698,0
70904,-1.63479121744,0
70905,-1.28153679131,0
70906,-1.16904030167,0
70907,-1.45349283375,0
70908,-1.07771830963,0
70909,-1.44624487021,0
70910,-0.991461724099,0
70911,-1.23964882487,0
70912,-1.10843722752,0
70913,-1.2131335527,0
70914,-1.03126689045,0
70915,-0.911180677128,0
70916,-0.804166040503,0
70917,-1.07974605117,0
70918,-0.707525403721,0
70919,-0.937306283864,0
70920,-0.918874358728,0
70921,-0.939531146756,0
70922,-0.665565546089,0
70923,-0.859912466399,0
70924,-0.830006305941,0
70925,-0.811236558136,0
70926,-0.747583235503,0
70927,-0.627576147166,0
70928,-0.356615972,0
70929,-0.503420662847,0
70930,-0.627403881421,0
70931,-0.284206739195,0
70932,-0.301207632257,0
70933,-0.609924223647,0
70934,-0.313432930194,0
70935,-0.179680858568,0
70936,-0.177555496518,0
70937,-0.477430789552,0
70938,-0.12931207443,0
70939,-0.482994911592,0
70940,-0.153402888484,0
70941,-0.0907078340542,0
70942,-0.260102002503,0
70943,-0.234407197114,0
70944,-0.458330488985,0
70945,-0.372841815251,0
70946,-0.0474500944687,0
70947,-0.109226206497,0
70948,-0.185912652444,0
70949,-0.449181426834,0
70950,-0.431741812295,0
70951,-0.193293423003,0
70952,-0.0572819970445,0
70953,-0.130571398878,0
70954,-0.265749122767,0
70955,-0.299495168593,0
70956,-0.226022249683,0
70957,-0.258723465336,0
70958,-0.342670535152,0
70959,-0.522406106506,0
70960,-0.280641065622,0
70961,-0.549031631946,0
70962,-0.381816935823,0
70963,-0.581955305982,0
70964,-0.280574314575,0
70965,-0.573283861259,0
70966,-0.372950071757,0
70967,-0.580016999752,0
70968,-0.578127019533,0
70969,-0.371620841123,0
70970,-0.73440186328,0
70971,-0.626267132435,0
70972,-0.78917042002,0
70973,-0.488609215414,0
70974,-0.777480609841,0
70975,-0.890743547829,0
70976,-0.630568339995,0
70977,-0.54678646626,0
70978,-0.844004673181,0
70979,-0.645699399192,0
70980,-0.849723909569,0
70981,-0.694497230112,0
70982,-0.765640996381,0
70983,-1.18245213891,0
70984,-0.887543965609,0
70985,-0.84116926872,0
70986,-1.26751349701,0
70987,-1.31010255798,0
70988,-0.993922002266,0
70989,-1.01623409809,0
70990,-1.32904816482,0
70991,-1.30350366445,0
70992,-1.54005478428,0
70993,-1.52085747588,0
70994,-1.26969012365,0
70995,-1.26920001998,0
70996,-1.44307316545,0
70997,-1.36159299061,0
70998,-1.7351443169,0
70999,-1.44242841769,0
71000,-2.06441984688,0
71001,-1.99869755235,0
71002,-1.78443655609,0
71003,-1.98194933762,0
71004,-2.15911476644,0
71005,-2.30976469053,0
71006,-2.03380083383,0
71007,-2.40083230366,0
71008,-2.32958442383,0
71009,-2.28789696841,0
71010,-2.14623101684,0
71011,-2.40171201623,0
71012,-2.31534819195,0
71013,-2.53526591405,0
71014,-2.64037606937,0
71015,-2.36447957781,0
71016,-2.61260614342,0
71017,-2.8264653319,0
71018,-2.82207954575,0
71019,-2.65614236969,0
71020,-2.54394376685,0
71021,-2.91050522933,0
71022,-2.81143256041,0
71023,-3.04137608146,0
71024,-3.07348867862,0
71025,-2.72350084139,0
71026,-2.78707952537,0
71027,-2.74629942049,0
71028,-2.81817846968,0
71029,-2.85406700234,0
71030,-3.04519086664,0
71031,-3.16252595877,0
71032,-3.17168716859,0
71033,-2.95711330092,0
71034,-3.33701618866,0
71035,-3.35821375176,0
71036,-2.96328029802,0
71037,-3.25535080756,0
71038,-3.31133804125,0
71039,-3.41790612183,0
71040,-3.44337169912,0
71041,-3.03975513087,0
71042,-3.41175345584,0
71043,-3.4549560139,0
71044,-3.17166487633,0
71045,-3.1519208982,0
71046,-3.26252121887,0
71047,-3.1343839714,0
71048,-3.33621047843,0
71049,-3.47406505594,0
71050,-3.34481531025,0
71051,-3.09243463805,0
71052,-3.50852996212,0
71053,-3.36305068017,0
71054,-3.47999995655,0
71055,-3.22081921343,0
71056,-3.48253890382,0
71057,-3.09127207562,0
71058,-3.20879343179,0
71059,-3.36133593666,0
71060,-3.43885747376,0
71061,-3.12184204773,0
71062,-3.0041451144,0
71063,-2.99221392431,0
71064,-3.01599892571,0
71065,-3.04124169774,0
71066,-3.18384241439,0
71067,-3.01265995907,0
71068,-2.88986305998,0
71069,-3.10059253763,0
71070,-3.19978160273,0
71071,-2.88277089741,0
71072,-2.85752573258,0
71073,-2.85766696991,0
71074,-3.01297561152,0
71075,-3.07823252522,0
71076,-2.8580417616,0
71077,-2.83160826684,0
71078,-2.70340948864,0
71079,-2.83907236839,0
71080,-2.91070610205,0
71081,-2.88220617324,0
71082,-2.47234844473,0
71083,-2.41588026284,0
71084,-2.76127864375,0
71085,-2.31135064859,0
71086,-2.37065088341,0
71087,-2.23508676406,0
71088,-2.2779908601,0
71089,-2.15395984036,0
71090,-2.13437672018,0
71091,-2.4791934959,0
71092,-2.26020021654,0
71093,-2.16747228252,0
71094,-2.33005174781,0
71095,-2.20765624171,0
71096,-2.26532056497,0
71097,-1.91369162385,0
71098,-1.78065783046,0
71099,-1.91086562807,0
71100,-2.02899740851,0
71101,-1.79618779477,0
71102,-1.77506016176,0
71103,-1.89195344282,0
71104,-1.88673030329,0
71105,-1.53347587715,0
71106,-1.42097938751,0
71107,-1.70543191959,0
71108,-1.32965739548,0
71109,-1.69818395605,0
71110,-1.24340080994,0
71111,-1.49158791071,0
71112,-1.36037631336,0
71113,-1.46507263854,0
71114,-1.28320597629,0
71115,-1.16311976297,0
71116,-1.05610512635,0
71117,-1.33168513701,0
71118,-0.959464489563,0
71119,-1.18924536971,0
71120,-1.17081344457,0
71121,-1.1914702326,0
71122,-0.917504631931,0
71123,-1.11185155224,0
71124,-1.08194539178,0
71125,-1.06317564398,0
71126,-0.999522321345,0
71127,-0.879515233008,0
71128,-0.608555057842,0
71129,-0.755359748689,0
71130,-0.879342967263,0
71131,-0.536145825038,0
71132,-0.553146718099,0
71133,-0.861863309489,0
71134,-0.565372016036,0
71135,-0.43161994441,0
71136,-0.42949458236,0
71137,-0.729369875394,0
71138,-0.381251160272,0
71139,-0.734933997434,0
71140,-0.405341974326,0
71141,-0.342646919896,0
71142,-0.512041088345,0
71143,-0.486346282957,0
71144,-0.710269574827,0
71145,-0.624780901093,0
71146,-0.299389180311,0
71147,-0.361165292339,0
71148,-0.437851738287,0
71149,-0.701120512676,0
71150,-0.683680898137,0
71151,-0.445232508845,0
71152,-0.309221082887,0
71153,-0.38251048472,0
71154,-0.517688208609,0
71155,-0.551434254435,0
71156,-0.477961335525,0
71157,-0.510662551178,0
71158,-0.594609620994,0
71159,-0.774345192348,0
71160,-0.532580151464,0
71161,-0.800970717788,0
71162,-0.633756021665,0
71163,-0.833894391824,0
71164,-0.532513400417,0
71165,-0.825222947101,0
71166,-0.624889157599,0
71167,-0.831956085594,0
71168,-0.830066105375,0
71169,-0.623559926965,0
71170,-0.986340949122,0
71171,-0.878206218277,0
71172,-1.04110950586,0
71173,-0.740548301256,0
71174,-1.02941969568,0
71175,-1.14268263367,0
71176,-0.882507425837,0
71177,-0.798725552102,0
71178,-1.09594375902,0
71179,-0.897638485034,0
71180,-1.10166299541,0
71181,-0.946436315954,0
71182,-1.01758008222,0
71183,-1.43439122476,0
71184,-1.13948305145,0
71185,-1.09310835456,0
71186,-1.51945258285,0
71187,-1.56204164382,0
71188,-1.24586108811,0
71189,-1.26817318393,0
71190,-1.58098725066,0
71191,-1.55544275029,0
71192,-1.79199387012,0
71193,-1.77279656172,0
71194,-1.52162920949,0
71195,-1.52113910582,0
71196,-1.6950122513,0
71197,-1.61353207645,0
71198,-1.98708340274,0
71199,-1.69436750353,0
71200,-2.02904080098,0
71201,-1.96331850644,0
71202,-1.74905751018,0
71203,-1.94657029172,0
71204,-2.12373572054,0
71205,-2.27438564463,0
71206,-1.99842178792,0
71207,-2.36545325776,0
71208,-2.29420537792,0
71209,-2.2525179225,0
71210,-2.11085197094,0
71211,-2.36633297033,0
71212,-2.27996914605,0
71213,-2.49988686814,0
71214,-2.60499702347,0
71215,-2.3291005319,0
71216,-2.57722709752,0
71217,-2.79108628599,0
71218,-2.78670049985,0
71219,-2.62076332378,0
71220,-2.50856472094,0
71221,-2.87512618342,0
71222,-2.77605351451,0
71223,-3.00599703556,0
71224,-3.03810963271,0
71225,-2.68812179548,0
71226,-2.75170047946,0
71227,-2.71092037458,0
71228,-2.78279942378,0
71229,-2.81868795643,0
71230,-3.00981182074,0
71231,-3.12714691287,0
71232,-3.13630812269,0
71233,-2.92173425501,0
71234,-3.30163714275,0
71235,-3.32283470585,0
71236,-2.92790125211,0
71237,-3.21997176166,0
71238,-3.27595899534,0
71239,-3.38252707592,0
71240,-3.40799265322,0
71241,-3.00437608496,0
71242,-3.37637440994,0
71243,-3.41957696799,0
71244,-3.13628583042,0
71245,-3.11654185229,0
71246,-3.22714217297,0
71247,-3.09900492549,0
71248,-3.30083143252,0
71249,-3.43868601004,0
71250,-3.30943626435,0
71251,-3.05705559214,0
71252,-3.47315091621,0
71253,-3.32767163427,0
71254,-3.44462091065,0
71255,-3.18544016753,0
71256,-3.44715985792,0
71257,-3.05589302971,0
71258,-3.17341438588,0
71259,-3.32595689075,0
71260,-3.40347842786,0
71261,-3.08646300183,0
71262,-2.9687660685,0
71263,-2.9568348784,0
71264,-2.98061987981,0
71265,-3.00586265184,0
71266,-3.14846336848,0
71267,-2.97728091317,0
71268,-2.85448401408,0
71269,-3.06521349172,0
71270,-3.16440255682,0
71271,-2.84739185151,0
71272,-2.82214668667,0
71273,-2.822287924,0
71274,-2.97759656561,0
71275,-3.04285347932,0
71276,-2.82266271569,0
71277,-2.79622922093,0
71278,-2.66803044273,0
71279,-2.80369332248,0
71280,-2.87532705614,0
71281,-2.84682712734,0
71282,-2.43696939882,0
71283,-2.38050121694,0
71284,-2.72589959785,0
71285,-2.27597160269,0
71286,-2.3352718375,0
71287,-2.19970771816,0
71288,-2.2426118142,0
71289,-2.11858079446,0
71290,-2.09899767427,0
71291,-2.44381444999,0
71292,-2.22482117064,0
71293,-2.13209323661,0
71294,-2.29467270191,0
71295,-2.1722771958,0
71296,-2.22994151907,0
71297,-1.87831257795,0
71298,-1.74527878455,0
71299,-1.87548658217,0
71300,-1.99361836261,0
71301,-1.76080874886,0
71302,-1.73968111585,0
71303,-1.85657439691,0
71304,-1.85135125738,0
71305,-1.49809683124,0
71306,-1.38560034161,0
71307,-1.67005287369,0
71308,-1.29427834957,0
71309,-1.66280491015,0
71310,-1.20802176404,0
71311,-1.45620886481,0
71312,-1.32499726746,0
71313,-1.42969359264,0
71314,-1.24782693038,0
71315,-1.12774071707,0
71316,-1.02072608044,0
71317,-1.2963060911,0
71318,-0.924085443659,0
71319,-1.1538663238,0
71320,-1.13543439867,0
71321,-1.15609118669,0
71322,-0.882125586027,0
71323,-1.07647250634,0
71324,-1.04656634588,0
71325,-1.02779659807,0
71326,-0.964143275441,0
71327,-0.844136187104,0
71328,-0.573176011938,0
71329,-0.719980702785,0
71330,-0.843963921359,0
71331,-0.500766779134,0
71332,-0.517767672195,0
71333,-0.826484263585,0
71334,-0.529992970132,0
71335,-0.396240898506,0
71336,-0.394115536456,0
71337,-0.69399082949,0
71338,-0.345872114368,0
71339,-0.69955495153,0
71340,-0.369962928422,0
71341,-0.307267873992,0
71342,-0.476662042441,0
71343,-0.450967237052,0
71344,-0.674890528923,0
71345,-0.589401855189,0
71346,-0.264010134407,0
71347,-0.325786246435,0
71348,-0.402472692382,0
71349,-0.665741466772,0
71350,-0.648301852233,0
71351,-0.409853462941,0
71352,-0.273842036983,0
71353,-0.347131438816,0
71354,-0.482309162705,0
71355,-0.516055208531,0
71356,-0.442582289621,0
71357,-0.475283505274,0
71358,-0.55923057509,0
71359,-0.738966146444,0
71360,-0.49720110556,0
71361,-0.765591671884,0
71362,-0.598376975761,0
71363,-0.79851534592,0
71364,-0.497134354513,0
71365,-0.789843901197,0
71366,-0.589510111695,0
71367,-0.79657703969,0
71368,-0.794687059471,0
71369,-0.588180881061,0
71370,-0.950961903218,0
71371,-0.842827172373,0
71372,-1.00573045996,0
71373,-0.705169255352,0
71374,-0.994040649779,0
71375,-1.10730358777,0
71376,-0.847128379933,0
71377,-0.763346506198,0
71378,-1.06056471312,0
71379,-0.86225943913,0
71380,-1.06628394951,0
71381,-0.91105727005,0
71382,-0.982201036319,0
71383,-1.39901217885,0
71384,-1.10410400555,0
71385,-1.05772930866,0
71386,-1.48407353695,0
71387,-1.52666259792,0
71388,-1.2104820422,0
71389,-1.23279413803,0
71390,-1.54560820476,0
71391,-1.52006370439,0
71392,-1.75661482421,0
71393,-1.73741751582,0
71394,-1.48625016359,0
71395,-1.48576005992,0
71396,-1.65963320539,0
71397,-1.57815303055,0
71398,-1.95170435683,0
71399,-1.65898845762,0
71400,-1.98341411022,0
71401,-1.91769181569,0
71402,-1.70343081942,0
71403,-1.90094360096,0
71404,-2.07810902978,0
71405,-2.22875895387,0
71406,-1.95279509717,0
71407,-2.319826567,0
71408,-2.24857868717,0
71409,-2.20689123175,0
71410,-2.06522528018,0
71411,-2.32070627957,0
71412,-2.23434245529,0
71413,-2.45426017739,0
71414,-2.55937033271,0
71415,-2.28347384115,0
71416,-2.53160040676,0
71417,-2.74545959524,0
71418,-2.74107380909,0
71419,-2.57513663302,0
71420,-2.46293803019,0
71421,-2.82949949267,0
71422,-2.73042682375,0
71423,-2.9603703448,0
71424,-2.99248294196,0
71425,-2.64249510473,0
71426,-2.70607378871,0
71427,-2.66529368383,0
71428,-2.73717273302,0
71429,-2.77306126568,0
71430,-2.96418512998,0
71431,-3.08152022211,0
71432,-3.09068143193,0
71433,-2.87610756426,0
71434,-3.256010452,0
71435,-3.2772080151,0
71436,-2.88227456136,0
71437,-3.1743450709,0
71438,-3.23033230459,0
71439,-3.33690038517,0
71440,-3.36236596246,0
71441,-2.95874939421,0
71442,-3.33074771918,0
71443,-3.37395027723,0
71444,-3.09065913967,0
71445,-3.07091516154,0
71446,-3.18151548221,0
71447,-3.05337823474,0
71448,-3.25520474177,0
71449,-3.39305931928,0
71450,-3.26380957359,0
71451,-3.01142890139,0
71452,-3.42752422546,0
71453,-3.28204494351,0
71454,-3.39899421989,0
71455,-3.13981347677,0
71456,-3.40153316716,0
71457,-3.01026633896,0
71458,-3.12778769513,0
71459,-3.2803302,0
71460,-3.3578517371,0
71461,-3.04083631107,0
71462,-2.92313937774,0
71463,-2.91120818765,0
71464,-2.93499318905,0
71465,-2.96023596108,0
71466,-3.10283667773,0
71467,-2.93165422241,0
71468,-2.80885732332,0
71469,-3.01958680097,0
71470,-3.11877586607,0
71471,-2.80176516075,0
71472,-2.77651999592,0
71473,-2.77666123325,0
71474,-2.93196987486,0
71475,-2.99722678856,0
71476,-2.77703602493,0
71477,-2.75060253017,0
71478,-2.62240375198,0
71479,-2.75806663173,0
71480,-2.82970036539,0
71481,-2.80120043658,0
71482,-2.39134270807,0
71483,-2.33487452618,0
71484,-2.68027290709,0
71485,-2.23034491193,0
71486,-2.28964514675,0
71487,-2.1540810274,0
71488,-2.19698512344,0
71489,-2.0729541037,0
71490,-2.05337098352,0
71491,-2.39818775924,0
71492,-2.17919447988,0
71493,-2.08646654586,0
71494,-2.24904601115,0
71495,-2.12665050505,0
71496,-2.18431482831,0
71497,-1.83268588719,0
71498,-1.6996520938,0
71499,-1.82985989141,0
71500,-1.94799167185,0
71501,-1.71518205811,0
71502,-1.6940544251,0
71503,-1.81094770616,0
71504,-1.80572456662,0
71505,-1.45247014049,0
71506,-1.33997365085,0
71507,-1.62442618293,0
71508,-1.24865165882,0
71509,-1.61717821939,0
71510,-1.16239507328,0
71511,-1.41058217405,0
71512,-1.2793705767,0
71513,-1.38406690188,0
71514,-1.20220023963,0
71515,-1.08211402631,0
71516,-0.975099389685,0
71517,-1.25067940035,0
71518,-0.878458752902,0
71519,-1.10823963305,0
71520,-1.08980770791,0
71521,-1.11046449594,0
71522,-0.836498895271,0
71523,-1.03084581558,0
71524,-1.00093965512,0
71525,-0.982169907317,0
71526,-0.918516584685,0
71527,-0.798509496348,0
71528,-0.527549321181,0
71529,-0.674354012029,0
71530,-0.798337230602,0
71531,-0.455140088377,0
71532,-0.472140981438,0
71533,-0.780857572828,0
71534,-0.484366279375,0
71535,-0.35061420775,0
71536,-0.3484888457,0
71537,-0.648364138733,0
71538,-0.300245423611,0
71539,-0.653928260774,0
71540,-0.324336237666,0
71541,-0.261641183236,0
71542,-0.431035351684,0
71543,-0.405340546296,0
71544,-0.629263838166,0
71545,-0.543775164432,0
71546,-0.21838344365,0
71547,-0.280159555678,0
71548,-0.356846001626,0
71549,-0.620114776015,0
71550,-0.602675161476,0
71551,-0.364226772184,0
71552,-0.228215346226,0
71553,-0.30150474806,0
71554,-0.436682471948,0
71555,-0.470428517775,0
71556,-0.396955598865,0
71557,-0.429656814518,0
71558,-0.513603884334,0
71559,-0.693339455687,0
71560,-0.451574414804,0
71561,-0.719964981127,0
71562,-0.552750285004,0
71563,-0.752888655163,0
71564,-0.451507663757,0
71565,-0.744217210441,0
71566,-0.543883420938,0
71567,-0.750950348933,0
71568,-0.749060368714,0
71569,-0.542554190304,0
71570,-0.905335212462,0
71571,-0.797200481617,0
71572,-0.960103769201,0
71573,-0.659542564596,0
71574,-0.948413959023,0
71575,-1.06167689701,0
71576,-0.801501689176,0
71577,-0.717719815442,0
71578,-1.01493802236,0
71579,-0.816632748373,0
71580,-1.02065725875,0
71581,-0.865430579293,0
71582,-0.936574345562,0
71583,-1.3533854881,0
71584,-1.05847731479,0
71585,-1.0121026179,0
71586,-1.43844684619,0
71587,-1.48103590716,0
71588,-1.16485535145,0
71589,-1.18716744727,0
71590,-1.499981514,0
71591,-1.47443701363,0
71592,-1.71098813346,0
71593,-1.69179082506,0
71594,-1.44062347283,0
71595,-1.44013336916,0
71596,-1.61400651464,0
71597,-1.53252633979,0
71598,-1.90607766608,0
71599,-1.61336176687,0
71600,-1.95018991495,0
71601,-1.88446762041,0
71602,-1.67020662415,0
71603,-1.86771940568,0
71604,-2.0448848345,0
71605,-2.19553475859,0
71606,-1.91957090189,0
71607,-2.28660237172,0
71608,-2.21535449189,0
71609,-2.17366703647,0
71610,-2.0320010849,0
71611,-2.2874820843,0
71612,-2.20111826001,0
71613,-2.42103598211,0
71614,-2.52614613743,0
71615,-2.25024964587,0
71616,-2.49837621148,0
71617,-2.71223539996,0
71618,-2.70784961382,0
71619,-2.54191243775,0
71620,-2.42971383491,0
71621,-2.79627529739,0
71622,-2.69720262848,0
71623,-2.92714614952,0
71624,-2.95925874668,0
71625,-2.60927090945,0
71626,-2.67284959343,0
71627,-2.63206948855,0
71628,-2.70394853775,0
71629,-2.7398370704,0
71630,-2.9309609347,0
71631,-3.04829602683,0
71632,-3.05745723666,0
71633,-2.84288336898,0
71634,-3.22278625672,0
71635,-3.24398381982,0
71636,-2.84905036608,0
71637,-3.14112087562,0
71638,-3.19710810931,0
71639,-3.30367618989,0
71640,-3.32914176718,0
71641,-2.92552519893,0
71642,-3.29752352391,0
71643,-3.34072608196,0
71644,-3.05743494439,0
71645,-3.03769096626,0
71646,-3.14829128693,0
71647,-3.02015403946,0
71648,-3.22198054649,0
71649,-3.359835124,0
71650,-3.23058537832,0
71651,-2.97820470611,0
71652,-3.39430003018,0
71653,-3.24882074823,0
71654,-3.36577002461,0
71655,-3.10658928149,0
71656,-3.36830897189,0
71657,-2.97704214368,0
71658,-3.09456349985,0
71659,-3.24710600472,0
71660,-3.32462754183,0
71661,-3.00761211579,0
71662,-2.88991518246,0
71663,-2.87798399237,0
71664,-2.90176899377,0
71665,-2.92701176581,0
71666,-3.06961248245,0
71667,-2.89843002713,0
71668,-2.77563312805,0
71669,-2.98636260569,0
71670,-3.08555167079,0
71671,-2.76854096547,0
71672,-2.74329580064,0
71673,-2.74343703797,0
71674,-2.89874567958,0
71675,-2.96400259328,0
71676,-2.74381182966,0
71677,-2.7173783349,0
71678,-2.5891795567,0
71679,-2.72484243645,0
71680,-2.79647617011,0
71681,-2.7679762413,0
71682,-2.35811851279,0
71683,-2.30165033091,0
71684,-2.64704871181,0
71685,-2.19712071665,0
71686,-2.25642095147,0
71687,-2.12085683212,0
71688,-2.16376092817,0
71689,-2.03972990843,0
71690,-2.02014678824,0
71691,-2.36496356396,0
71692,-2.1459702846,0
71693,-2.05324235058,0
71694,-2.21582181587,0
71695,-2.09342630977,0
71696,-2.15109063303,0
71697,-1.79946169192,0
71698,-1.66642789852,0
71699,-1.79663569613,0
71700,-1.91476747658,0
71701,-1.68195786283,0
71702,-1.66083022982,0
71703,-1.77772351088,0
71704,-1.77250037135,0
71705,-1.41924594521,0
71706,-1.30674945558,0
71707,-1.59120198765,0
71708,-1.21542746354,0
71709,-1.58395402412,0
71710,-1.129170878,0
71711,-1.37735797878,0
71712,-1.24614638143,0
71713,-1.35084270661,0
71714,-1.16897604435,0
71715,-1.04888983103,0
71716,-0.941875194408,0
71717,-1.21745520507,0
71718,-0.845234557625,0
71719,-1.07501543777,0
71720,-1.05658351263,0
71721,-1.07724030066,0
71722,-0.803274699994,0
71723,-0.997621620304,0
71724,-0.967715459845,0
71725,-0.94894571204,0
71726,-0.885292389408,0
71727,-0.765285301071,0
71728,-0.494325125904,0
71729,-0.641129816752,0
71730,-0.765113035325,0
71731,-0.4219158931,0
71732,-0.438916786161,0
71733,-0.747633377551,0
71734,-0.451142084098,0
71735,-0.317390012473,0
71736,-0.315264650423,0
71737,-0.615139943456,0
71738,-0.267021228334,0
71739,-0.620704065497,0
71740,-0.291112042389,0
71741,-0.228416987959,0
71742,-0.397811156407,0
71743,-0.372116351019,0
71744,-0.596039642889,0
71745,-0.510550969155,0
71746,-0.185159248373,0
71747,-0.246935360401,0
71748,-0.323621806349,0
71749,-0.586890580738,0
71750,-0.569450966199,0
71751,-0.331002576907,0
71752,-0.194991150949,0
71753,-0.268280552783,0
71754,-0.403458276671,0
71755,-0.437204322498,0
71756,-0.363731403588,0
71757,-0.396432619241,0
71758,-0.480379689057,0
71759,-0.66011526041,0
71760,-0.418350219527,0
71761,-0.68674078585,0
71762,-0.519526089727,0
71763,-0.719664459886,0
71764,-0.41828346848,0
71765,-0.710993015164,0
71766,-0.510659225661,0
71767,-0.717726153656,0
71768,-0.715836173437,0
71769,-0.509329995027,0
71770,-0.872111017184,0
71771,-0.763976286339,0
71772,-0.926879573924,0
71773,-0.626318369319,0
71774,-0.915189763746,0
71775,-1.02845270173,0
71776,-0.768277493899,0
71777,-0.684495620165,0
71778,-0.981713827085,0
71779,-0.783408553096,0
71780,-0.987433063474,0
71781,-0.832206384016,0
71782,-0.903350150285,0
71783,-1.32016129282,0
71784,-1.02525311951,0
71785,-0.978878422624,0
71786,-1.40522265091,0
71787,-1.44781171188,0
71788,-1.13163115617,0
71789,-1.15394325199,0
71790,-1.46675731873,0
71791,-1.44121281836,0
71792,-1.67776393818,0
71793,-1.65856662978,0
71794,-1.40739927755,0
71795,-1.40690917388,0
71796,-1.58078231936,0
71797,-1.49930214452,0
71798,-1.8728534708,0
71799,-1.58013757159,0
71800,-1.98261331746,0
71801,-1.91689102293,0
71802,-1.70263002666,0
71803,-1.9001428082,0
71804,-2.07730823702,0
71805,-2.22795816111,0
71806,-1.95199430441,0
71807,-2.31902577424,0
71808,-2.24777789441,0
71809,-2.20609043899,0
71810,-2.06442448742,0
71811,-2.31990548681,0
71812,-2.23354166253,0
71813,-2.45345938463,0
71814,-2.55856953995,0
71815,-2.28267304839,0
71816,-2.530799614,0
71817,-2.74465880248,0
71818,-2.74027301633,0
71819,-2.57433584026,0
71820,-2.46213723743,0
71821,-2.82869869991,0
71822,-2.72962603099,0
71823,-2.95956955204,0
71824,-2.9916821492,0
71825,-2.64169431197,0
71826,-2.70527299595,0
71827,-2.66449289107,0
71828,-2.73637194026,0
71829,-2.77226047292,0
71830,-2.96338433722,0
71831,-3.08071942935,0
71832,-3.08988063917,0
71833,-2.8753067715,0
71834,-3.25520965924,0
71835,-3.27640722234,0
71836,-2.8814737686,0
71837,-3.17354427814,0
71838,-3.22953151183,0
71839,-3.33609959241,0
71840,-3.3615651697,0
71841,-2.95794860145,0
71842,-3.32994692642,0
71843,-3.37314948447,0
71844,-3.08985834691,0
71845,-3.07011436878,0
71846,-3.18071468945,0
71847,-3.05257744198,0
71848,-3.25440394901,0
71849,-3.39225852652,0
71850,-3.26300878083,0
71851,-3.01062810863,0
71852,-3.4267234327,0
71853,-3.28124415075,0
71854,-3.39819342713,0
71855,-3.13901268401,0
71856,-3.4007323744,0
71857,-3.0094655462,0
71858,-3.12698690237,0
71859,-3.27952940724,0
71860,-3.35705094434,0
71861,-3.04003551831,0
71862,-2.92233858498,0
71863,-2.91040739489,0
71864,-2.93419239629,0
71865,-2.95943516832,0
71866,-3.10203588497,0
71867,-2.93085342965,0
71868,-2.80805653056,0
71869,-3.01878600821,0
71870,-3.1179750733,0
71871,-2.80096436799,0
71872,-2.77571920316,0
71873,-2.77586044048,0
71874,-2.9311690821,0
71875,-2.9964259958,0
71876,-2.77623523217,0
71877,-2.74980173741,0
71878,-2.62160295922,0
71879,-2.75726583897,0
71880,-2.82889957263,0
71881,-2.80039964382,0
71882,-2.39054191531,0
71883,-2.33407373342,0
71884,-2.67947211433,0
71885,-2.22954411917,0
71886,-2.28884435399,0
71887,-2.15328023464,0
71888,-2.19618433068,0
71889,-2.07215331094,0
71890,-2.05257019076,0
71891,-2.39738696648,0
71892,-2.17839368712,0
71893,-2.0856657531,0
71894,-2.24824521839,0
71895,-2.12584971229,0
71896,-2.18351403555,0
71897,-1.83188509443,0
71898,-1.69885130104,0
71899,-1.82905909865,0
71900,-1.94719087909,0
71901,-1.71438126534,0
71902,-1.69325363234,0
71903,-1.8101469134,0
71904,-1.80492377386,0
71905,-1.45166934773,0
71906,-1.33917285809,0
71907,-1.62362539017,0
71908,-1.24785086606,0
71909,-1.61637742663,0
71910,-1.16159428052,0
71911,-1.40978138129,0
71912,-1.27856978394,0
71913,-1.38326610912,0
71914,-1.20139944687,0
71915,-1.08131323355,0
71916,-0.974298596925,0
71917,-1.24987860759,0
71918,-0.877657960142,0
71919,-1.10743884029,0
71920,-1.08900691515,0
71921,-1.10966370318,0
71922,-0.835698102511,0
71923,-1.03004502282,0
71924,-1.00013886236,0
71925,-0.981369114557,0
71926,-0.917715791925,0
71927,-0.797708703588,0
71928,-0.526748528421,0
71929,-0.673553219269,0
71930,-0.797536437842,0
71931,-0.454339295617,0
71932,-0.471340188678,0
71933,-0.780056780068,0
71934,-0.483565486615,0
71935,-0.34981341499,0
71936,-0.34768805294,0
71937,-0.647563345973,0
71938,-0.299444630851,0
71939,-0.653127468014,0
71940,-0.323535444906,0
71941,-0.260840390476,0
71942,-0.430234558924,0
71943,-0.404539753536,0
71944,-0.628463045406,0
71945,-0.542974371672,0
71946,-0.21758265089,0
71947,-0.279358762918,0
71948,-0.356045208866,0
71949,-0.619313983255,0
71950,-0.601874368716,0
71951,-0.363425979424,0
71952,-0.227414553466,0
71953,-0.300703955299,0
71954,-0.435881679188,0
71955,-0.469627725014,0
71956,-0.396154806104,0
71957,-0.428856021758,0
71958,-0.512803091573,0
71959,-0.692538662927,0
71960,-0.450773622043,0
71961,-0.719164188367,0
71962,-0.551949492244,0
71963,-0.752087862403,0
71964,-0.450706870997,0
71965,-0.743416417681,0
71966,-0.543082628178,0
71967,-0.750149556173,0
71968,-0.748259575954,0
71969,-0.541753397544,0
71970,-0.904534419701,0
71971,-0.796399688856,0
71972,-0.959302976441,0
71973,-0.658741771836,0
71974,-0.947613166262,0
71975,-1.06087610425,0
71976,-0.800700896416,0
71977,-0.716919022682,0
71978,-1.0141372296,0
71979,-0.815831955613,0
71980,-1.01985646599,0
71981,-0.864629786533,0
71982,-0.935773552802,0
71983,-1.35258469534,0
71984,-1.05767652203,0
71985,-1.01130182514,0
71986,-1.43764605343,0
71987,-1.4802351144,0
71988,-1.16405455869,0
71989,-1.18636665451,0
71990,-1.49918072124,0
71991,-1.47363622087,0
71992,-1.7101873407,0
71993,-1.6909900323,0
71994,-1.43982268007,0
71995,-1.4393325764,0
71996,-1.61320572188,0
71997,-1.53172554703,0
71998,-1.90527687332,0
71999,-1.61256097411,0
72000,-1.8588804997,0
72001,-1.79315820516,0
72002,-1.5788972089,0
72003,-1.77640999044,0
72004,-1.95357541926,0
72005,-2.10422534335,0
72006,-1.82826148664,0
72007,-2.19529295648,0
72008,-2.12404507664,0
72009,-2.08235762122,0
72010,-1.94069166966,0
72011,-2.19617266905,0
72012,-2.10980884477,0
72013,-2.32972656686,0
72014,-2.43483672219,0
72015,-2.15894023063,0
72016,-2.40706679624,0
72017,-2.62092598471,0
72018,-2.61654019857,0
72019,-2.4506030225,0
72020,-2.33840441967,0
72021,-2.70496588214,0
72022,-2.60589321323,0
72023,-2.83583673428,0
72024,-2.86794933143,0
72025,-2.51796149421,0
72026,-2.58154017818,0
72027,-2.54076007331,0
72028,-2.6126391225,0
72029,-2.64852765515,0
72030,-2.83965151946,0
72031,-2.95698661159,0
72032,-2.96614782141,0
72033,-2.75157395373,0
72034,-3.13147684147,0
72035,-3.15267440457,0
72036,-2.75774095083,0
72037,-3.04981146038,0
72038,-3.10579869406,0
72039,-3.21236677464,0
72040,-3.23783235194,0
72041,-2.83421578368,0
72042,-3.20621410866,0
72043,-3.24941666671,0
72044,-2.96612552914,0
72045,-2.94638155101,0
72046,-3.05698187169,0
72047,-2.92884462421,0
72048,-3.13067113124,0
72049,-3.26852570876,0
72050,-3.13927596307,0
72051,-2.88689529086,0
72052,-3.30299061494,0
72053,-3.15751133299,0
72054,-3.27446060937,0
72055,-3.01527986625,0
72056,-3.27699955664,0
72057,-2.88573272844,0
72058,-3.0032540846,0
72059,-3.15579658948,0
72060,-3.23331812658,0
72061,-2.91630270055,0
72062,-2.79860576722,0
72063,-2.78667457712,0
72064,-2.81045957853,0
72065,-2.83570235056,0
72066,-2.9783030672,0
72067,-2.80712061189,0
72068,-2.6843237128,0
72069,-2.89505319045,0
72070,-2.99424225554,0
72071,-2.67723155023,0
72072,-2.65198638539,0
72073,-2.65212762272,0
72074,-2.80743626433,0
72075,-2.87269317804,0
72076,-2.65250241441,0
72077,-2.62606891965,0
72078,-2.49787014145,0
72079,-2.63353302121,0
72080,-2.70516675486,0
72081,-2.67666682606,0
72082,-2.26680909754,0
72083,-2.21034091566,0
72084,-2.55573929657,0
72085,-2.10581130141,0
72086,-2.16511153622,0
72087,-2.02954741688,0
72088,-2.07245151292,0
72089,-1.94842049318,0
72090,-1.92883737299,0
72091,-2.27365414871,0
72092,-2.05466086936,0
72093,-1.96193293533,0
72094,-2.12451240063,0
72095,-2.00211689453,0
72096,-2.05978121779,0
72097,-1.70815227667,0
72098,-1.57511848327,0
72099,-1.70532628089,0
72100,-1.82345806133,0
72101,-1.59064844758,0
72102,-1.56952081458,0
72103,-1.68641409563,0
72104,-1.6811909561,0
72105,-1.32793652996,0
72106,-1.21544004033,0
72107,-1.49989257241,0
72108,-1.12411804829,0
72109,-1.49264460887,0
72110,-1.03786146276,0
72111,-1.28604856353,0
72112,-1.15483696618,0
72113,-1.25953329136,0
72114,-1.0776666291,0
72115,-0.957580415787,0
72116,-0.850565779162,0
72117,-1.12614578982,0
72118,-0.753925142379,0
72119,-0.983706022523,0
72120,-0.965274097386,0
72121,-0.985930885415,0
72122,-0.711965284748,0
72123,-0.906312205058,0
72124,-0.876406044599,0
72125,-0.857636296794,0
72126,-0.793982974162,0
72127,-0.673975885825,0
72128,-0.403015710658,0
72129,-0.549820401506,0
72130,-0.673803620079,0
72131,-0.330606477854,0
72132,-0.347607370915,0
72133,-0.656323962306,0
72134,-0.359832668853,0
72135,-0.226080597227,0
72136,-0.223955235177,0
72137,-0.523830528211,0
72138,-0.175711813089,0
72139,-0.529394650251,0
72140,-0.199802627143,0
72141,-0.137107572713,0
72142,-0.306501741162,0
72143,-0.280806935773,0
72144,-0.504730227644,0
72145,-0.41924155391,0
72146,-0.0938498331275,0
72147,-0.155625945155,0
72148,-0.232312391103,0
72149,-0.495581165492,0
72150,-0.478141550953,0
72151,-0.239693161661,0
72152,-0.103681735703,0
72153,-0.176971137537,0
72154,-0.312148861426,0
72155,-0.345894907252,0
72156,-0.272421988342,0
72157,-0.305123203995,0
72158,-0.389070273811,0
72159,-0.568805845164,0
72160,-0.327040804281,0
72161,-0.595431370605,0
72162,-0.428216674482,0
72163,-0.628355044641,0
72164,-0.326974053234,0
72165,-0.619683599918,0
72166,-0.419349810415,0
72167,-0.626416738411,0
72168,-0.624526758192,0
72169,-0.418020579781,0
72170,-0.780801601939,0
72171,-0.672666871094,0
72172,-0.835570158679,0
72173,-0.535008954073,0
72174,-0.8238803485,0
72175,-0.937143286488,0
72176,-0.676968078654,0
72177,-0.593186204919,0
72178,-0.89040441184,0
72179,-0.692099137851,0
72180,-0.896123648228,0
72181,-0.740896968771,0
72182,-0.81204073504,0
72183,-1.22885187757,0
72184,-0.933943704268,0
72185,-0.887569007378,0
72186,-1.31391323567,0
72187,-1.35650229664,0
72188,-1.04032174093,0
72189,-1.06263383675,0
72190,-1.37544790348,0
72191,-1.34990340311,0
72192,-1.58645452293,0
72193,-1.56725721454,0
72194,-1.31608986231,0
72195,-1.31559975864,0
72196,-1.48947290411,0
72197,-1.40799272927,0
72198,-1.78154405555,0
72199,-1.48882815634,0
72200,-1.98210520575,0
72201,-1.91638291122,0
72202,-1.70212191495,0
72203,-1.89963469649,0
72204,-2.07680012531,0
72205,-2.2274500494,0
72206,-1.9514861927,0
72207,-2.31851766253,0
72208,-2.2472697827,0
72209,-2.20558232728,0
72210,-2.06391637571,0
72211,-2.3193973751,0
72212,-2.23303355082,0
72213,-2.45295127292,0
72214,-2.55806142824,0
72215,-2.28216493668,0
72216,-2.53029150229,0
72217,-2.74415069077,0
72218,-2.73976490462,0
72219,-2.57382772855,0
72220,-2.46162912572,0
72221,-2.8281905882,0
72222,-2.72911791928,0
72223,-2.95906144033,0
72224,-2.99117403748,0
72225,-2.64118620026,0
72226,-2.70476488423,0
72227,-2.66398477936,0
72228,-2.73586382855,0
72229,-2.77175236121,0
72230,-2.96287622551,0
72231,-3.08021131764,0
72232,-3.08937252746,0
72233,-2.87479865979,0
72234,-3.25470154752,0
72235,-3.27589911063,0
72236,-2.88096565689,0
72237,-3.17303616643,0
72238,-3.22902340012,0
72239,-3.33559148069,0
72240,-3.36105705799,0
72241,-2.95744048974,0
72242,-3.32943881471,0
72243,-3.37264137276,0
72244,-3.0893502352,0
72245,-3.06960625706,0
72246,-3.18020657774,0
72247,-3.05206933027,0
72248,-3.2538958373,0
72249,-3.39175041481,0
72250,-3.26250066912,0
72251,-3.01011999692,0
72252,-3.42621532099,0
72253,-3.28073603904,0
72254,-3.39768531542,0
72255,-3.1385045723,0
72256,-3.40022426269,0
72257,-3.00895743449,0
72258,-3.12647879066,0
72259,-3.27902129553,0
72260,-3.35654283263,0
72261,-3.0395274066,0
72262,-2.92183047327,0
72263,-2.90989928318,0
72264,-2.93368428458,0
72265,-2.95892705661,0
72266,-3.10152777326,0
72267,-2.93034531794,0
72268,-2.80754841885,0
72269,-3.0182778965,0
72270,-3.11746696159,0
72271,-2.80045625628,0
72272,-2.77521109145,0
72273,-2.77535232877,0
72274,-2.93066097038,0
72275,-2.99591788409,0
72276,-2.77572712046,0
72277,-2.7492936257,0
72278,-2.62109484751,0
72279,-2.75675772726,0
72280,-2.82839146092,0
72281,-2.79989153211,0
72282,-2.39003380359,0
72283,-2.33356562171,0
72284,-2.67896400262,0
72285,-2.22903600746,0
72286,-2.28833624228,0
72287,-2.15277212293,0
72288,-2.19567621897,0
72289,-2.07164519923,0
72290,-2.05206207905,0
72291,-2.39687885477,0
72292,-2.17788557541,0
72293,-2.08515764139,0
72294,-2.24773710668,0
72295,-2.12534160058,0
72296,-2.18300592384,0
72297,-1.83137698272,0
72298,-1.69834318933,0
72299,-1.82855098694,0
72300,-1.94668276738,0
72301,-1.71387315363,0
72302,-1.69274552063,0
72303,-1.80963880169,0
72304,-1.80441566215,0
72305,-1.45116123602,0
72306,-1.33866474638,0
72307,-1.62311727846,0
72308,-1.24734275435,0
72309,-1.61586931492,0
72310,-1.16108616881,0
72311,-1.40927326958,0
72312,-1.27806167223,0
72313,-1.38275799741,0
72314,-1.20089133516,0
72315,-1.08080512184,0
72316,-0.973790485214,0
72317,-1.24937049588,0
72318,-0.877149848431,0
72319,-1.10693072857,0
72320,-1.08849880344,0
72321,-1.10915559147,0
72322,-0.8351899908,0
72323,-1.02953691111,0
72324,-0.999630750651,0
72325,-0.980861002846,0
72326,-0.917207680214,0
72327,-0.797200591877,0
72328,-0.52624041671,0
72329,-0.673045107558,0
72330,-0.797028326131,0
72331,-0.453831183906,0
72332,-0.470832076967,0
72333,-0.779548668358,0
72334,-0.483057374905,0
72335,-0.349305303279,0
72336,-0.347179941229,0
72337,-0.647055234263,0
72338,-0.298936519141,0
72339,-0.652619356303,0
72340,-0.323027333195,0
72341,-0.260332278765,0
72342,-0.429726447214,0
72343,-0.404031641825,0
72344,-0.627954933696,0
72345,-0.542466259962,0
72346,-0.217074539179,0
72347,-0.278850651207,0
72348,-0.355537097155,0
72349,-0.618805871544,0
72350,-0.601366257005,0
72351,-0.362917867713,0
72352,-0.226906441755,0
72353,-0.300195843589,0
72354,-0.435373567478,0
72355,-0.469119613304,0
72356,-0.395646694394,0
72357,-0.428347910047,0
72358,-0.512294979863,0
72359,-0.692030551216,0
72360,-0.450265510333,0
72361,-0.718656076656,0
72362,-0.551441380534,0
72363,-0.751579750692,0
72364,-0.450198759286,0
72365,-0.74290830597,0
72366,-0.542574516467,0
72367,-0.749641444463,0
72368,-0.747751464243,0
72369,-0.541245285833,0
72370,-0.904026307991,0
72371,-0.795891577146,0
72372,-0.95879486473,0
72373,-0.658233660125,0
72374,-0.947105054552,0
72375,-1.06036799254,0
72376,-0.800192784706,0
72377,-0.716410910971,0
72378,-1.01362911789,0
72379,-0.815323843903,0
72380,-1.01934835428,0
72381,-0.864121674823,0
72382,-0.935265441092,0
72383,-1.35207658363,0
72384,-1.05716841032,0
72385,-1.01079371343,0
72386,-1.43713794172,0
72387,-1.47972700269,0
72388,-1.16354644698,0
72389,-1.1858585428,0
72390,-1.49867260953,0
72391,-1.47312810916,0
72392,-1.70967922899,0
72393,-1.69048192059,0
72394,-1.43931456836,0
72395,-1.43882446469,0
72396,-1.61269761017,0
72397,-1.53121743532,0
72398,-1.90476876161,0
72399,-1.6120528624,0
72400,-2.01942747974,0
72401,-1.9537051852,0
72402,-1.73944418894,0
72403,-1.93695697048,0
72404,-2.1141223993,0
72405,-2.26477232339,0
72406,-1.98880846668,0
72407,-2.35583993652,0
72408,-2.28459205668,0
72409,-2.24290460126,0
72410,-2.1012386497,0
72411,-2.35671964909,0
72412,-2.27035582481,0
72413,-2.4902735469,0
72414,-2.59538370223,0
72415,-2.31948721067,0
72416,-2.56761377628,0
72417,-2.78147296475,0
72418,-2.77708717861,0
72419,-2.61115000254,0
72420,-2.49895139971,0
72421,-2.86551286218,0
72422,-2.76644019327,0
72423,-2.99638371432,0
72424,-3.02849631147,0
72425,-2.67850847425,0
72426,-2.74208715822,0
72427,-2.70130705334,0
72428,-2.77318610254,0
72429,-2.80907463519,0
72430,-3.0001984995,0
72431,-3.11753359163,0
72432,-3.12669480145,0
72433,-2.91212093377,0
72434,-3.29202382151,0
72435,-3.31322138461,0
72436,-2.91828793087,0
72437,-3.21035844042,0
72438,-3.2663456741,0
72439,-3.37291375468,0
72440,-3.39837933198,0
72441,-2.99476276372,0
72442,-0.507436477129,1
72443,-0.494331984067,1
72444,-0.484571835825,1
72445,-0.478179985939,1
72446,-0.475172121402,1
72447,-0.475555624173,1
72448,-0.47932955305,1
72449,-0.48648464599,1
72450,-0.49700334283,1
72451,-0.510859828393,1
72452,-0.528020095836,1
72453,-0.548442030116,1
72454,-0.572075511347,1
72455,-0.598862537805,1
72456,-0.628737368277,1
72457,-0.661626683406,1
72458,-0.697449765631,1
72459,-0.736118697284,1
72460,-0.777538576363,1
72461,-0.821607749441,1
72462,-0.868218061142,1
72463,-0.917255119585,1
72464,-0.968598577118,1
72465,-1.02212242569,1
72466,-1.07769530608,1
72467,-1.1351808303,1
72468,-1.19443791634,1
72469,-1.25532113435,1
72470,-1.31768106363,1
72471,-1.3813646593,1
72472,-1.44621562789,1
72473,-1.51207481098,1
72474,-1.57878057575,1
72475,-1.64616921168,1
72476,-1.71407533235,1
72477,-1.7823322813,1
72478,-1.85077254108,1
72479,-1.91922814434,1
72480,-1.98753108609,1
72481,-2.055513736,1
72482,-2.12300924978,1
72483,-2.18985197872,1
72484,-2.25587787616,1
72485,-2.32092490013,1
72486,-2.38483341103,1
72487,-2.44744656341,1
72488,-2.50861069094,1
72489,-2.56817568347,1
72490,-2.62599535552,1
72491,-2.68192780498,1
72492,-2.73583576141,1
72493,-2.7875869229,1
72494,-2.83705428082,1
72495,-2.88411643146,1
72496,-2.92865787402,1
72497,-2.97056929408,1
72498,-3.00974783186,1
72499,-3.04609733468,1
72500,-3.07952859292,1
72501,-3.10995955896,1
72502,-3.13731554858,1
72503,-3.1615294242,1
72504,-3.18254175968,1
72505,-3.20030098616,1
72506,-3.21476351863,1
72507,-3.22589386286,1
72508,-3.23366470257,1
72509,-3.23805696642,1
72510,-3.23905987483,1
72511,-3.23667096644,1
72512,-3.23089610417,1
72513,-3.22174946078,1
72514,-3.20925348412,1
72515,-3.19343884207,1
72516,-3.1743443472,1
72517,-3.15201686157,1
72518,-3.12651118171,1
72519,-3.09788990413,1
72520,-3.06622327169,1
72521,-3.03158900122,1
72522,-2.99407209279,1
72523,-2.95376462108,1
72524,-2.91076550942,1
72525,-2.86518028704,1
72526,-2.81712083002,1
72527,-2.76670508675,1
72528,-2.7140567885,1
72529,-2.65930514566,1
72530,-2.60258453074,1
72531,-2.54403414851,1
72532,-2.48379769439,1
72533,-2.4220230018,1
72534,-2.35886167932,1
72535,-2.29446873862,1
72536,-2.22900221405,1
72537,-2.16262277475,1
72538,-2.09549333037,1
72539,-2.02777863121,1
72540,-1.95964486394,1
72541,-1.8912592437,1
72542,-1.82278960374,1
72543,-1.7544039835,1
72544,-1.68627021623,1
72545,-1.61855551708,1
72546,-1.55142607269,1
72547,-1.4850466334,1
72548,-1.41958010883,1
72549,-1.35518716813,1
72550,-1.29202584565,1
72551,-1.23025115305,1
72552,-1.17001469893,1
72553,-1.1114643167,1
72554,-1.05474370178,1
72555,-0.999992058951,1
72556,-0.947343760693,1
72557,-0.89692801743,1
72558,-0.848868560406,1
72559,-0.803283338022,1
72560,-0.76028422637,1
72561,-0.719976754659,1
72562,-0.682459846226,1
72563,-0.647825575757,1
72564,-0.616158943316,1
72565,-0.587537665733,1
72566,-0.562031985874,1
72567,-0.539704500246,1
72568,-0.520610005376,1
72569,-0.504795363322,1
72570,-0.492299386671,1
72571,-0.483152743277,1
72572,-0.477377881002,1
72573,-0.474988972617,1
72574,-0.475991881027,1
72575,-0.480384144874,1
72576,-0.488154984584,1
72577,-0.49928532882,1
72578,-0.513747861285,1
72579,-0.531507087768,1
72580,-0.552519423249,1
72581,-0.576733298867,1
72582,-0.604089288484,1
72583,-0.634520254528,1
72584,-0.667951512763,1
72585,-0.704301015581,1
72586,-0.743479553365,1
72587,-0.785390973426,1
72588,-0.829932415989,1
72589,-0.876994566626,1
72590,-0.926461924542,1
72591,-0.97821308604,1
72592,-1.03212104247,1
72593,-1.08805349193,1
72594,-1.14587316398,1
72595,-1.20543815651,1
72596,-1.26660228403,1
72597,-1.32921543642,1
72598,-1.39312394731,1
72599,-1.45817097128,1
72600,-1.39718417355,1
72601,-1.46402690249,1
72602,-1.53152241627,1
72603,-1.59950506618,1
72604,-1.66780800793,1
72605,-1.73626361119,1
72606,-1.80470387097,1
72607,-1.87296081992,1
72608,-1.94086694059,1
72609,-2.00825557652,1
72610,-2.07496134129,1
72611,-2.14082052438,1
72612,-2.20567149297,1
72613,-2.26935508864,1
72614,-2.33171501792,1
72615,-2.39259823593,1
72616,-2.45185532197,1
72617,-2.5093408462,1
72618,-2.56491372659,1
72619,-2.61843757515,1
72620,-2.66978103269,1
72621,-2.71881809113,1
72622,-2.76542840283,1
72623,-2.80949757591,1
72624,-2.85091745499,1
72625,-2.88958638664,1
72626,-2.92540946886,1
72627,-2.95829878399,1
72628,-2.98817361447,1
72629,-3.01496064092,1
72630,-3.03859412216,1
72631,-3.05901605644,1
72632,-3.07617632388,1
72633,-3.09003280944,1
72634,-3.10055150628,1
72635,-3.10770659922,1
72636,-3.1114805281,1
72637,-3.11186403087,1
72638,-3.10885616633,1
72639,-3.10246431645,1
72640,-3.0927041682,1
72641,-3.07959967514,1
72642,-3.23974839353,0
72643,-3.28295095158,0
72644,-2.99965981401,0
72645,-2.97991583588,0
72646,-3.09051615655,0
72647,-2.96237890908,0
72648,-3.16420541611,0
72649,-3.30205999362,0
72650,-3.17281024794,0
72651,-2.92042957573,0
72652,-3.3365248998,0
72653,-3.19104561785,0
72654,-3.30799489423,0
72655,-3.04881415111,0
72656,-3.31053384151,0
72657,-2.9192670133,0
72658,-3.03678836947,0
72659,-3.18933087434,0
72660,-3.26685241145,0
72661,-2.94983698541,0
72662,-2.83214005208,0
72663,-2.82020886199,0
72664,-2.84399386339,0
72665,-2.86923663542,0
72666,-3.01183735207,0
72667,-2.84065489675,0
72668,-2.71785799767,0
72669,-2.92858747531,0
72670,-3.02777654041,0
72671,-2.71076583509,0
72672,-2.68552067026,0
72673,-2.68566190759,0
72674,-2.8409705492,0
72675,-2.9062274629,0
72676,-2.68603669928,0
72677,-2.65960320452,0
72678,-2.53140442632,0
72679,-2.66706730607,0
72680,-2.73870103973,0
72681,-2.71020111092,0
72682,-2.30034338241,0
72683,-2.24387520053,0
72684,-2.58927358143,0
72685,-2.13934558627,0
72686,-2.19864582109,0
72687,-2.06308170174,0
72688,-2.10598579779,0
72689,-1.98195477805,0
72690,-1.96237165786,0
72691,-2.30718843358,0
72692,-2.08819515422,0
72693,-1.9954672202,0
72694,-2.15804668549,0
72695,-2.03565117939,0
72696,-2.09331550265,0
72697,-1.74168656153,0
72698,-1.60865276814,0
72699,-1.73886056575,0
72700,-1.85699234619,0
72701,-1.62418273245,0
72702,-1.60305509944,0
72703,-1.7199483805,0
72704,-1.71472524097,0
72705,-1.36147081483,0
72706,-1.24897432519,0
72707,-1.53342685727,0
72708,-1.15765233316,0
72709,-1.52617889373,0
72710,-1.07139574762,0
72711,-1.3195828484,0
72712,-1.18837125105,0
72713,-1.29306757623,0
72714,-1.11120091397,0
72715,-0.991114700651,0
72716,-0.884100064027,0
72717,-1.15968007469,0
72718,-0.787459427244,0
72719,-1.01724030739,0
72720,-0.998808382251,0
72721,-1.01946517028,0
72722,-0.745499569613,0
72723,-0.939846489923,0
72724,-0.909940329464,0
72725,-0.891170581659,0
72726,-0.827517259027,0
72727,-0.70751017069,0
72728,-0.436549995523,0
72729,-0.583354686371,0
72730,-0.707337904944,0
72731,-0.364140762719,0
72732,-0.38114165578,0
72733,-0.689858247171,0
72734,-0.393366953718,0
72735,-0.259614882092,0
72736,-0.257489520042,0
72737,-0.557364813076,0
72738,-0.209246097954,0
72739,-0.562928935116,0
72740,-0.233336912008,0
72741,-0.170641857578,0
72742,-0.340036026027,0
72743,-0.314341220638,0
72744,-0.538264512509,0
72745,-0.452775838775,0
72746,-0.127384117992,0
72747,-0.18916023002,0
72748,-0.265846675968,0
72749,-0.529115450357,0
72750,-0.511675835818,0
72751,-0.273227446526,0
72752,-0.137216020568,0
72753,-0.210505422402,0
72754,-0.345683146291,0
72755,-0.379429192117,0
72756,-0.305956273207,0
72757,-0.33865748886,0
72758,-0.422604558676,0
72759,-0.602340130029,0
72760,-0.360575089146,0
72761,-0.628965655469,0
72762,-0.461750959347,0
72763,-0.661889329505,0
72764,-0.360508338099,0
72765,-0.653217884783,0
72766,-0.45288409528,0
72767,-0.659951023275,0
72768,-0.658061043056,0
72769,-0.451554864646,0
72770,-0.814335886804,0
72771,-0.706201155959,0
72772,-0.869104443543,0
72773,-0.568543238938,0
72774,-0.857414633365,0
72775,-0.970677571353,0
72776,-0.710502363519,0
72777,-0.626720489784,0
72778,-0.923938696705,0
72779,-0.725633422715,0
72780,-0.929657933093,0
72781,-0.774431253636,0
72782,-0.845575019904,0
72783,-1.26238616244,0
72784,-0.967477989132,0
72785,-0.921103292243,0
72786,-1.34744752053,0
72787,-1.3900365815,0
72788,-1.07385602579,0
72789,-1.09616812161,0
72790,-1.40898218835,0
72791,-1.38343768798,0
72792,-1.6199888078,0
72793,-1.6007914994,0
72794,-1.34962414717,0
72795,-1.3491340435,0
72796,-1.52300718898,0
72797,-1.44152701413,0
72798,-1.81507834042,0
72799,-1.52236244121,0
72800,-1.91078024842,0
72801,-1.84505795388,0
72802,-1.63079695762,0
72803,-1.82830973915,0
72804,-2.00547516797,0
72805,-2.15612509206,0
72806,-1.88016123536,0
72807,-2.24719270519,0
72808,-2.17594482536,0
72809,-2.13425736994,0
72810,-1.99259141837,0
72811,-2.24807241777,0
72812,-2.16170859348,0
72813,-2.38162631558,0
72814,-2.4867364709,0
72815,-2.21083997934,0
72816,-2.45896654496,0
72817,-2.67282573343,0
72818,-2.66843994729,0
72819,-2.50250277122,0
72820,-2.39030416838,0
72821,-2.75686563086,0
72822,-2.65779296195,0
72823,-2.88773648299,0
72824,-2.91984908015,0
72825,-2.56986124292,0
72826,-2.6334399269,0
72827,-2.59265982202,0
72828,-2.66453887122,0
72829,-2.70042740387,0
72830,-2.89155126818,0
72831,-3.00888636031,0
72832,-3.01804757013,0
72833,-2.80347370245,0
72834,-3.18337659019,0
72835,-3.20457415329,0
72836,-2.80964069955,0
72837,-3.10171120909,0
72838,-3.15769844278,0
72839,-3.26426652336,0
72840,-3.28973210065,0
72841,-2.8861155324,0
72842,-3.25811385738,0
72843,-3.30131641543,0
72844,-3.01802527786,0
72845,-2.99828129973,0
72846,-3.10888162041,0
72847,-2.98074437293,0
72848,-3.18257087996,0
72849,-3.32042545747,0
72850,-3.19117571179,0
72851,-2.93879503958,0
72852,-3.35489036365,0
72853,-3.2094110817,0
72854,-3.32636035808,0
72855,-3.06717961496,0
72856,-3.32889930536,0
72857,-2.93763247715,0
72858,-3.05515383332,0
72859,-3.20769633819,0
72860,-3.2852178753,0
72861,-2.96820244926,0
72862,-2.85050551593,0
72863,-2.83857432584,0
72864,-2.86235932724,0
72865,-2.88760209928,0
72866,-3.03020281592,0
72867,-2.8590203606,0
72868,-2.73622346152,0
72869,-2.94695293916,0
72870,-3.04614200426,0
72871,-2.72913129894,0
72872,-2.70388613411,0
72873,-2.70402737144,0
72874,-2.85933601305,0
72875,-2.92459292675,0
72876,-2.70440216313,0
72877,-2.67796866837,0
72878,-2.54976989017,0
72879,-2.68543276992,0
72880,-2.75706650358,0
72881,-2.72856657477,0
72882,-2.31870884626,0
72883,-2.26224066438,0
72884,-2.60763904529,0
72885,-2.15771105013,0
72886,-2.21701128494,0
72887,-2.08144716559,0
72888,-2.12435126164,0
72889,-2.0003202419,0
72890,-1.98073712171,0
72891,-2.32555389743,0
72892,-2.10656061808,0
72893,-2.01383268405,0
72894,-2.17641214934,0
72895,-2.05401664324,0
72896,-2.1116809665,0
72897,-1.76005202539,0
72898,-1.62701823199,0
72899,-1.7572260296,0
72900,-1.87535781005,0
72901,-1.6425481963,0
72902,-1.62142056329,0
72903,-1.73831384435,0
72904,-1.73309070482,0
72905,-1.37983627868,0
72906,-1.26733978905,0
72907,-1.55179232112,0
72908,-1.17601779701,0
72909,-1.54454435759,0
72910,-1.08976121147,0
72911,-1.33794831225,0
72912,-1.2067367149,0
72913,-1.31143304008,0
72914,-1.12956637782,0
72915,-1.0094801645,0
72916,-0.902465527879,0
72917,-1.17804553854,0
72918,-0.805824891096,0
72919,-1.03560577124,0
72920,-1.0171738461,0
72921,-1.03783063413,0
72922,-0.763865033465,0
72923,-0.958211953775,0
72924,-0.928305793316,0
72925,-0.909536045511,0
72926,-0.845882722879,0
72927,-0.725875634542,0
72928,-0.454915459375,0
72929,-0.601720150223,0
72930,-0.725703368796,0
72931,-0.382506226571,0
72932,-0.399507119632,0
72933,-0.708223711022,0
72934,-0.411732417569,0
72935,-0.277980345944,0
72936,-0.275854983894,0
72937,-0.575730276927,0
72938,-0.227611561805,0
72939,-0.581294398968,0
72940,-0.25170237586,0
72941,-0.18900732143,0
72942,-0.358401489878,0
72943,-0.33270668449,0
72944,-0.55662997636,0
72945,-0.471141302626,0
72946,-0.145749581844,0
72947,-0.207525693872,0
72948,-0.28421213982,0
72949,-0.547480914209,0
72950,-0.53004129967,0
72951,-0.291592910378,0
72952,-0.15558148442,0
72953,-0.228870886254,0
72954,-0.364048610142,0
72955,-0.397794655969,0
72956,-0.324321737059,0
72957,-0.357022952712,0
72958,-0.440970022528,0
72959,-0.620705593881,0
72960,-0.378940552998,0
72961,-0.647331119321,0
72962,-0.480116423198,0
72963,-0.680254793357,0
72964,-0.378873801951,0
72965,-0.671583348635,0
72966,-0.471249559132,0
72967,-0.678316487127,0
72968,-0.676426506908,0
72969,-0.469920328498,0
72970,-0.832701350655,0
72971,-0.724566619811,0
72972,-0.887469907395,0
72973,-0.58690870279,0
72974,-0.875780097217,0
72975,-0.989043035204,0
72976,-0.72886782737,0
72977,-0.645085953636,0
72978,-0.942304160556,0
72979,-0.743998886567,0
72980,-0.948023396945,0
72981,-0.792796717487,0
72982,-0.863940483756,0
72983,-1.28075162629,0
72984,-0.985843452984,0
72985,-0.939468756095,0
72986,-1.36581298438,0
72987,-1.40840204535,0
72988,-1.09222148964,0
72989,-1.11453358546,0
72990,-1.4273476522,0
72991,-1.40180315183,0
72992,-1.63835427165,0
72993,-1.61915696326,0
72994,-1.36798961102,0
72995,-1.36749950735,0
72996,-1.54137265283,0
72997,-1.45989247799,0
72998,-1.83344380427,0
72999,-1.54072790506,0
73000,-1.93314858804,0
73001,-1.8674262935,0
73002,-1.65316529724,0
73003,-1.85067807877,0
73004,-2.02784350759,0
73005,-2.17849343168,0
73006,-1.90252957498,0
73007,-2.26956104481,0
73008,-2.19831316498,0
73009,-2.15662570956,0
73010,-2.01495975799,0
73011,-2.27044075739,0
73012,-2.1840769331,0
73013,-2.4039946552,0
73014,-2.50910481052,0
73015,-2.23320831896,0
73016,-2.48133488457,0
73017,-2.69519407305,0
73018,-2.69080828691,0
73019,-2.52487111084,0
73020,-2.412672508,0
73021,-2.77923397048,0
73022,-2.68016130157,0
73023,-2.91010482261,0
73024,-2.94221741977,0
73025,-2.59222958254,0
73026,-2.65580826652,0
73027,-2.61502816164,0
73028,-2.68690721083,0
73029,-2.72279574349,0
73030,-2.91391960779,0
73031,-3.03125469992,0
73032,-3.04041590975,0
73033,-2.82584204207,0
73034,-3.20574492981,0
73035,-3.22694249291,0
73036,-2.83200903917,0
73037,-3.12407954871,0
73038,-3.1800667824,0
73039,-3.28663486298,0
73040,-3.31210044027,0
73041,-2.90848387202,0
73042,-3.280482197,0
73043,-3.32368475505,0
73044,-3.04039361748,0
73045,-3.02064963935,0
73046,-3.13124996002,0
73047,-3.00311271255,0
73048,-3.20493921958,0
73049,-3.34279379709,0
73050,-3.21354405141,0
73051,-2.9611633792,0
73052,-3.37725870327,0
73053,-3.23177942132,0
73054,-3.3487286977,0
73055,-3.08954795458,0
73056,-3.35126764498,0
73057,-2.96000081677,0
73058,-3.07752217294,0
73059,-3.23006467781,0
73060,-3.30758621492,0
73061,-2.99057078888,0
73062,-2.87287385555,0
73063,-2.86094266546,0
73064,-2.88472766686,0
73065,-2.90997043889,0
73066,-3.05257115554,0
73067,-2.88138870022,0
73068,-2.75859180114,0
73069,-2.96932127878,0
73070,-3.06851034388,0
73071,-2.75149963856,0
73072,-2.72625447373,0
73073,-2.72639571106,0
73074,-2.88170435267,0
73075,-2.94696126637,0
73076,-2.72677050275,0
73077,-2.70033700799,0
73078,-2.57213822979,0
73079,-2.70780110954,0
73080,-2.7794348432,0
73081,-2.75093491439,0
73082,-2.34107718588,0
73083,-2.284609004,0
73084,-2.6300073849,0
73085,-2.18007938974,0
73086,-2.23937962456,0
73087,-2.10381550521,0
73088,-2.14671960126,0
73089,-2.02268858152,0
73090,-2.00310546133,0
73091,-2.34792223705,0
73092,-2.12892895769,0
73093,-2.03620102367,0
73094,-2.19878048896,0
73095,-2.07638498286,0
73096,-2.13404930612,0
73097,-1.78242036501,0
73098,-1.64938657161,0
73099,-1.77959436922,0
73100,-1.89772614967,0
73101,-1.66491653592,0
73102,-1.64378890291,0
73103,-1.76068218397,0
73104,-1.75545904444,0
73105,-1.4022046183,0
73106,-1.28970812867,0
73107,-1.57416066074,0
73108,-1.19838613663,0
73109,-1.56691269721,0
73110,-1.11212955109,0
73111,-1.36031665187,0
73112,-1.22910505452,0
73113,-1.3338013797,0
73114,-1.15193471744,0
73115,-1.03184850412,0
73116,-0.924833867498,0
73117,-1.20041387816,0
73118,-0.828193230715,0
73119,-1.05797411086,0
73120,-1.03954218572,0
73121,-1.06019897375,0
73122,-0.786233373084,0
73123,-0.980580293394,0
73124,-0.950674132935,0
73125,-0.93190438513,0
73126,-0.868251062498,0
73127,-0.748243974161,0
73128,-0.477283798994,0
73129,-0.624088489842,0
73130,-0.748071708415,0
73131,-0.40487456619,0
73132,-0.421875459251,0
73133,-0.730592050641,0
73134,-0.434100757188,0
73135,-0.300348685563,0
73136,-0.298223323513,0
73137,-0.598098616546,0
73138,-0.249979901424,0
73139,-0.603662738587,0
73140,-0.274070715479,0
73141,-0.211375661049,0
73142,-0.380769829497,0
73143,-0.355075024109,0
73144,-0.578998315979,0
73145,-0.493509642245,0
73146,-0.168117921463,0
73147,-0.229894033491,0
73148,-0.306580479439,0
73149,-0.569849253828,0
73150,-0.552409639289,0
73151,-0.313961249997,0
73152,-0.177949824039,0
73153,-0.251239225872,0
73154,-0.386416949761,0
73155,-0.420162995588,0
73156,-0.346690076677,0
73157,-0.379391292331,0
73158,-0.463338362146,0
73159,-0.6430739335,0
73160,-0.401308892617,0
73161,-0.66969945894,0
73162,-0.502484762817,0
73163,-0.702623132976,0
73164,-0.40124214157,0
73165,-0.693951688254,0
73166,-0.493617898751,0
73167,-0.700684826746,0
73168,-0.698794846527,0
73169,-0.492288668117,0
73170,-0.855069690274,0
73171,-0.746934959429,0
73172,-0.909838247014,0
73173,-0.609277042409,0
73174,-0.898148436835,0
73175,-1.01141137482,0
73176,-0.751236166989,0
73177,-0.667454293255,0
73178,-0.964672500175,0
73179,-0.766367226186,0
73180,-0.970391736564,0
73181,-0.815165057106,0
73182,-0.886308823375,0
73183,-1.30311996591,0
73184,-1.0082117926,0
73185,-0.961837095714,0
73186,-1.388181324,0
73187,-1.43077038497,0
73188,-1.11458982926,0
73189,-1.13690192508,0
73190,-1.44971599182,0
73191,-1.42417149145,0
73192,-1.66072261127,0
73193,-1.64152530287,0
73194,-1.39035795064,0
73195,-1.38986784697,0
73196,-1.56374099245,0
73197,-1.48226081761,0
73198,-1.85581214389,0
73199,-1.56309624468,0
73200,-1.84374867183,0
73201,-1.77802637729,0
73202,-1.56376538103,0
73203,-1.76127816257,0
73204,-1.93844359139,0
73205,-2.08909351548,0
73206,-1.81312965878,0
73207,-2.18016112861,0
73208,-2.10891324878,0
73209,-2.06722579335,0
73210,-1.92555984179,0
73211,-2.18104084118,0
73212,-2.0946770169,0
73213,-2.31459473899,0
73214,-2.41970489432,0
73215,-2.14380840276,0
73216,-2.39193496837,0
73217,-2.60579415685,0
73218,-2.6014083707,0
73219,-2.43547119463,0
73220,-2.3232725918,0
73221,-2.68983405427,0
73222,-2.59076138536,0
73223,-2.82070490641,0
73224,-2.85281750356,0
73225,-2.50282966634,0
73226,-2.56640835031,0
73227,-2.52562824544,0
73228,-2.59750729463,0
73229,-2.63339582728,0
73230,-2.82451969159,0
73231,-2.94185478372,0
73232,-2.95101599354,0
73233,-2.73644212586,0
73234,-3.1163450136,0
73235,-3.13754257671,0
73236,-2.74260912297,0
73237,-3.03467963251,0
73238,-3.0906668662,0
73239,-3.19723494677,0
73240,-3.22270052407,0
73241,-2.81908395582,0
73242,-3.19108228079,0
73243,-3.23428483884,0
73244,-2.95099370127,0
73245,-2.93124972314,0
73246,-3.04185004382,0
73247,-2.91371279635,0
73248,-3.11553930338,0
73249,-3.25339388089,0
73250,-3.1241441352,0
73251,-2.871763463,0
73252,-3.28785878707,0
73253,-3.14237950512,0
73254,-3.2593287815,0
73255,-3.00014803838,0
73256,-3.26186772877,0
73257,-2.87060090057,0
73258,-2.98812225674,0
73259,-3.14066476161,0
73260,-3.21818629871,0
73261,-2.90117087268,0
73262,-2.78347393935,0
73263,-2.77154274925,0
73264,-2.79532775066,0
73265,-2.82057052269,0
73266,-2.96317123933,0
73267,-2.79198878402,0
73268,-2.66919188493,0
73269,-2.87992136258,0
73270,-2.97911042767,0
73271,-2.66209972236,0
73272,-2.63685455752,0
73273,-2.63699579485,0
73274,-2.79230443646,0
73275,-2.85756135017,0
73276,-2.63737058654,0
73277,-2.61093709178,0
73278,-2.48273831358,0
73279,-2.61840119334,0
73280,-2.69003492699,0
73281,-2.66153499819,0
73282,-2.25167726967,0
73283,-2.19520908779,0
73284,-2.5406074687,0
73285,-2.09067947354,0
73286,-2.14997970835,0
73287,-2.01441558901,0
73288,-2.05731968505,0
73289,-1.93328866531,0
73290,-1.91370554513,0
73291,-2.25852232084,0
73292,-2.03952904149,0
73293,-1.94680110746,0
73294,-2.10938057276,0
73295,-1.98698506666,0
73296,-2.04464938992,0
73297,-1.6930204488,0
73298,-1.5599866554,0
73299,-1.69019445302,0
73300,-1.80832623346,0
73301,-1.57551661971,0
73302,-1.55438898671,0
73303,-1.67128226776,0
73304,-1.66605912823,0
73305,-1.31280470209,0
73306,-1.20030821246,0
73307,-1.48476074454,0
73308,-1.10898622042,0
73309,-1.477512781,0
73310,-1.02272963489,0
73311,-1.27091673566,0
73312,-1.13970513831,0
73313,-1.24440146349,0
73314,-1.06253480124,0
73315,-0.942448587917,0
73316,-0.835433951293,0
73317,-1.11101396195,0
73318,-0.73879331451,0
73319,-0.968574194653,0
73320,-0.950142269517,0
73321,-0.970799057546,0
73322,-0.696833456879,0
73323,-0.891180377189,0
73324,-0.86127421673,0
73325,-0.842504468925,0
73326,-0.778851146293,0
73327,-0.658844057956,0
73328,-0.387883882789,0
73329,-0.534688573637,0
73330,-0.65867179221,0
73331,-0.315474649985,0
73332,-0.332475543046,0
73333,-0.641192134436,0
73334,-0.344700840984,0
73335,-0.210948769358,0
73336,-0.208823407308,0
73337,-0.508698700341,0
73338,-0.16057998522,0
73339,-0.514262822382,0
73340,-0.184670799274,0
73341,-0.121975744844,0
73342,-0.291369913292,0
73343,-0.265675107904,0
73344,-0.489598399775,0
73345,-0.40410972604,0
73346,-0.0787180052583,0
73347,-0.140494117286,0
73348,-0.217180563234,0
73349,-0.480449337623,0
73350,-0.463009723084,0
73351,-0.224561333792,0
73352,-0.0885499078341,0
73353,-0.161839309668,0
73354,-0.297017033556,0
73355,-0.330763079383,0
73356,-0.257290160473,0
73357,-0.289991376126,0
73358,-0.373938445942,0
73359,-0.553674017295,0
73360,-0.311908976412,0
73361,-0.580299542735,0
73362,-0.413084846612,0
73363,-0.613223216771,0
73364,-0.311842225365,0
73365,-0.604551772049,0
73366,-0.404217982546,0
73367,-0.611284910541,0
73368,-0.609394930322,0
73369,-0.402888751912,0
73370,-0.76566977407,0
73371,-0.657535043225,0
73372,-0.820438330809,0
73373,-0.519877126204,0
73374,-0.808748520631,0
73375,-0.922011458618,0
73376,-0.661836250784,0
73377,-0.57805437705,0
73378,-0.87527258397,0
73379,-0.676967309981,0
73380,-0.880991820359,0
73381,-0.725765140901,0
73382,-0.79690890717,0
73383,-1.2137200497,0
73384,-0.918811876398,0
73385,-0.872437179509,0
73386,-1.2987814078,0
73387,-1.34137046877,0
73388,-1.02518991306,0
73389,-1.04750200888,0
73390,-1.36031607561,0
73391,-1.33477157524,0
73392,-1.57132269507,0
73393,-1.55212538667,0
73394,-1.30095803444,0
73395,-1.30046793077,0
73396,-1.47434107624,0
73397,-1.3928609014,0
73398,-1.76641222769,0
73399,-1.47369632848,0
73400,-1.84660095202,0
73401,-1.78087865749,0
73402,-1.56661766122,0
73403,-1.76413044276,0
73404,-1.94129587158,0
73405,-2.09194579567,0
73406,-1.81598193897,0
73407,-2.1830134088,0
73408,-2.11176552897,0
73409,-2.07007807355,0
73410,-1.92841212198,0
73411,-2.18389312137,0
73412,-2.09752929709,0
73413,-2.31744701919,0
73414,-2.42255717451,0
73415,-2.14666068295,0
73416,-2.39478724856,0
73417,-2.60864643704,0
73418,-2.60426065089,0
73419,-2.43832347482,0
73420,-2.32612487199,0
73421,-2.69268633447,0
73422,-2.59361366555,0
73423,-2.8235571866,0
73424,-2.85566978376,0
73425,-2.50568194653,0
73426,-2.56926063051,0
73427,-2.52848052563,0
73428,-2.60035957482,0
73429,-2.63624810748,0
73430,-2.82737197178,0
73431,-2.94470706391,0
73432,-2.95386827373,0
73433,-2.73929440606,0
73434,-3.11919729379,0
73435,-3.1403948569,0
73436,-2.74546140316,0
73437,-3.0375319127,0
73438,-3.09351914639,0
73439,-3.20008722696,0
73440,-3.22555280426,0
73441,-2.82193623601,0
73442,-3.19393456098,0
73443,-3.23713711903,0
73444,-2.95384598147,0
73445,-2.93410200333,0
73446,-3.04470232401,0
73447,-2.91656507654,0
73448,-3.11839158357,0
73449,-3.25624616108,0
73450,-3.12699641539,0
73451,-2.87461574319,0
73452,-3.29071106726,0
73453,-3.14523178531,0
73454,-3.26218106169,0
73455,-3.00300031857,0
73456,-3.26472000896,0
73457,-2.87345318076,0
73458,-2.99097453693,0
73459,-3.1435170418,0
73460,-3.2210385789,0
73461,-2.90402315287,0
73462,-2.78632621954,0
73463,-2.77439502945,0
73464,-2.79818003085,0
73465,-2.82342280288,0
73466,-2.96602351953,0
73467,-2.79484106421,0
73468,-2.67204416512,0
73469,-2.88277364277,0
73470,-2.98196270786,0
73471,-2.66495200255,0
73472,-2.63970683772,0
73473,-2.63984807504,0
73474,-2.79515671665,0
73475,-2.86041363036,0
73476,-2.64022286673,0
73477,-2.61378937197,0
73478,-2.48559059378,0
73479,-2.62125347353,0
73480,-2.69288720719,0
73481,-2.66438727838,0
73482,-2.25452954986,0
73483,-2.19806136798,0
73484,-2.54345974889,0
73485,-2.09353175373,0
73486,-2.15283198855,0
73487,-2.0172678692,0
73488,-2.06017196524,0
73489,-1.9361409455,0
73490,-1.91655782532,0
73491,-2.26137460104,0
73492,-2.04238132168,0
73493,-1.94965338766,0
73494,-2.11223285295,0
73495,-1.98983734685,0
73496,-2.04750167011,0
73497,-1.69587272899,0
73498,-1.5628389356,0
73499,-1.69304673321,0
73500,-1.81117851365,0
73501,-1.5783688999,0
73502,-1.5572412669,0
73503,-1.67413454796,0
73504,-1.66891140842,0
73505,-1.31565698229,0
73506,-1.20316049265,0
73507,-1.48761302473,0
73508,-1.11183850062,0
73509,-1.48036506119,0
73510,-1.02558191508,0
73511,-1.27376901585,0
73512,-1.1425574185,0
73513,-1.24725374368,0
73514,-1.06538708143,0
73515,-0.945300868108,0
73516,-0.838286231484,0
73517,-1.11386624215,0
73518,-0.741645594701,0
73519,-0.971426474845,0
73520,-0.952994549708,0
73521,-0.973651337737,0
73522,-0.69968573707,0
73523,-0.89403265738,0
73524,-0.864126496921,0
73525,-0.845356749116,0
73526,-0.781703426484,0
73527,-0.661696338147,0
73528,-0.39073616298,0
73529,-0.537540853828,0
73530,-0.661524072401,0
73531,-0.318326930176,0
73532,-0.335327823237,0
73533,-0.644044414628,0
73534,-0.347553121175,0
73535,-0.213801049549,0
73536,-0.211675687499,0
73537,-0.511550980533,0
73538,-0.163432265411,0
73539,-0.517115102573,0
73540,-0.187523079465,0
73541,-0.124828025035,0
73542,-0.294222193484,0
73543,-0.268527388095,0
73544,-0.492450679966,0
73545,-0.406962006232,0
73546,-0.0815702854495,0
73547,-0.143346397477,0
73548,-0.220032843425,0
73549,-0.483301617814,0
73550,-0.465862003275,0
73551,-0.227413613983,0
73552,-0.0914021880253,0
73553,-0.164691589859,0
73554,-0.299869313748,0
73555,-0.333615359574,0
73556,-0.260142440664,0
73557,-0.292843656317,0
73558,-0.376790726133,0
73559,-0.556526297486,0
73560,-0.314761256603,0
73561,-0.583151822926,0
73562,-0.415937126804,0
73563,-0.616075496962,0
73564,-0.314694505556,0
73565,-0.60740405224,0
73566,-0.407070262737,0
73567,-0.614137190733,0
73568,-0.612247210513,0
73569,-0.405741032103,0
73570,-0.768522054261,0
73571,-0.660387323416,0
73572,-0.823290611001,0
73573,-0.522729406395,0
73574,-0.811600800822,0
73575,-0.92486373881,0
73576,-0.664688530976,0
73577,-0.580906657241,0
73578,-0.878124864162,0
73579,-0.679819590173,0
73580,-0.88384410055,0
73581,-0.728617421093,0
73582,-0.799761187362,0
73583,-1.2165723299,0
73584,-0.92166415659,0
73585,-0.8752894597,0
73586,-1.30163368799,0
73587,-1.34422274896,0
73588,-1.02804219325,0
73589,-1.05035428907,0
73590,-1.3631683558,0
73591,-1.33762385543,0
73592,-1.57417497526,0
73593,-1.55497766686,0
73594,-1.30381031463,0
73595,-1.30332021096,0
73596,-1.47719335644,0
73597,-1.39571318159,0
73598,-1.76926450788,0
73599,-1.47654860867,0
73600,-1.89491399784,0
73601,-1.8291917033,0
73602,-1.61493070704,0
73603,-1.81244348858,0
73604,-1.9896089174,0
73605,-2.14025884149,0
73606,-1.86429498478,0
73607,-2.23132645462,0
73608,-2.16007857478,0
73609,-2.11839111936,0
73610,-1.9767251678,0
73611,-2.23220616719,0
73612,-2.14584234291,0
73613,-2.365760065,0
73614,-2.47087022033,0
73615,-2.19497372876,0
73616,-2.44310029438,0
73617,-2.65695948285,0
73618,-2.65257369671,0
73619,-2.48663652064,0
73620,-2.37443791781,0
73621,-2.74099938028,0
73622,-2.64192671137,0
73623,-2.87187023242,0
73624,-2.90398282957,0
73625,-2.55399499234,0
73626,-2.61757367632,0
73627,-2.57679357144,0
73628,-2.64867262064,0
73629,-2.68456115329,0
73630,-2.8756850176,0
73631,-2.99302010973,0
73632,-3.00218131955,0
73633,-2.78760745187,0
73634,-3.16751033961,0
73635,-3.18870790271,0
73636,-2.79377444897,0
73637,-3.08584495852,0
73638,-3.1418321922,0
73639,-3.24840027278,0
73640,-3.27386585008,0
73641,-2.87024928182,0
73642,-3.2422476068,0
73643,-3.28545016485,0
73644,-3.00215902728,0
73645,-2.98241504915,0
73646,-3.09301536983,0
73647,-2.96487812235,0
73648,-3.16670462938,0
73649,-3.3045592069,0
73650,-3.17530946121,0
73651,-2.922928789,0
73652,-3.33902411308,0
73653,-3.19354483113,0
73654,-3.31049410751,0
73655,-3.05131336439,0
73656,-3.31303305478,0
73657,-2.92176622657,0
73658,-3.03928758274,0
73659,-3.19183008761,0
73660,-3.26935162472,0
73661,-2.95233619869,0
73662,-2.83463926536,0
73663,-2.82270807526,0
73664,-2.84649307667,0
73665,-2.8717358487,0
73666,-3.01433656534,0
73667,-2.84315411003,0
73668,-2.72035721094,0
73669,-2.93108668859,0
73670,-3.03027575368,0
73671,-2.71326504837,0
73672,-2.68801988353,0
73673,-2.68816112086,0
73674,-2.84346976247,0
73675,-2.90872667618,0
73676,-2.68853591255,0
73677,-2.66210241779,0
73678,-2.53390363959,0
73679,-2.66956651934,0
73680,-2.741200253,0
73681,-2.7127003242,0
73682,-2.30284259568,0
73683,-2.2463744138,0
73684,-2.59177279471,0
73685,-2.14184479955,0
73686,-2.20114503436,0
73687,-2.06558091502,0
73688,-2.10848501106,0
73689,-1.98445399132,0
73690,-1.96487087113,0
73691,-2.30968764685,0
73692,-2.0906943675,0
73693,-1.99796643347,0
73694,-2.16054589877,0
73695,-2.03815039266,0
73696,-2.09581471593,0
73697,-1.74418577481,0
73698,-1.61115198141,0
73699,-1.74135977903,0
73700,-1.85949155947,0
73701,-1.62668194572,0
73702,-1.60555431271,0
73703,-1.72244759377,0
73704,-1.71722445424,0
73705,-1.3639700281,0
73706,-1.25147353847,0
73707,-1.53592607055,0
73708,-1.16015154643,0
73709,-1.52867810701,0
73710,-1.0738949609,0
73711,-1.32208206167,0
73712,-1.19087046432,0
73713,-1.2955667895,0
73714,-1.11370012724,0
73715,-0.993613913926,0
73716,-0.886599277302,0
73717,-1.16217928796,0
73718,-0.789958640519,0
73719,-1.01973952066,0
73720,-1.00130759553,0
73721,-1.02196438355,0
73722,-0.747998782887,0
73723,-0.942345703197,0
73724,-0.912439542739,0
73725,-0.893669794934,0
73726,-0.830016472302,0
73727,-0.710009383964,0
73728,-0.439049208798,0
73729,-0.585853899646,0
73730,-0.709837118219,0
73731,-0.366639975994,0
73732,-0.383640869055,0
73733,-0.692357460445,0
73734,-0.395866166992,0
73735,-0.262114095367,0
73736,-0.259988733316,0
73737,-0.55986402635,0
73738,-0.211745311228,0
73739,-0.56542814839,0
73740,-0.235836125283,0
73741,-0.173141070852,0
73742,-0.342535239301,0
73743,-0.316840433913,0
73744,-0.540763725783,0
73745,-0.455275052049,0
73746,-0.129883331267,0
73747,-0.191659443295,0
73748,-0.268345889243,0
73749,-0.531614663632,0
73750,-0.514175049093,0
73751,-0.275726659801,0
73752,-0.139715233843,0
73753,-0.213004635676,0
73754,-0.348182359565,0
73755,-0.381928405391,0
73756,-0.308455486481,0
73757,-0.341156702135,0
73758,-0.42510377195,0
73759,-0.604839343304,0
73760,-0.36307430242,0
73761,-0.631464868744,0
73762,-0.464250172621,0
73763,-0.66438854278,0
73764,-0.363007551373,0
73765,-0.655717098058,0
73766,-0.455383308555,0
73767,-0.66245023655,0
73768,-0.660560256331,0
73769,-0.454054077921,0
73770,-0.816835100078,0
73771,-0.708700369233,0
73772,-0.871603656818,0
73773,-0.571042452213,0
73774,-0.859913846639,0
73775,-0.973176784627,0
73776,-0.713001576793,0
73777,-0.629219703058,0
73778,-0.926437909979,0
73779,-0.72813263599,0
73780,-0.932157146368,0
73781,-0.77693046691,0
73782,-0.848074233179,0
73783,-1.26488537571,0
73784,-0.969977202407,0
73785,-0.923602505518,0
73786,-1.34994673381,0
73787,-1.39253579478,0
73788,-1.07635523906,0
73789,-1.09866733489,0
73790,-1.41148140162,0
73791,-1.38593690125,0
73792,-1.62248802107,0
73793,-1.60329071268,0
73794,-1.35212336045,0
73795,-1.35163325678,0
73796,-1.52550640225,0
73797,-1.44402622741,0
73798,-1.81757755369,0
73799,-1.52486165448,0
73800,-1.93304740091,0
73801,-1.86732510637,0
73802,-1.65306411011,0
73803,-1.85057689164,0
73804,-2.02774232046,0
73805,-2.17839224455,0
73806,-1.90242838785,0
73807,-2.26945985768,0
73808,-2.19821197785,0
73809,-2.15652452243,0
73810,-2.01485857086,0
73811,-2.27033957026,0
73812,-2.18397574597,0
73813,-2.40389346807,0
73814,-2.50900362339,0
73815,-2.23310713183,0
73816,-2.48123369745,0
73817,-2.69509288592,0
73818,-2.69070709978,0
73819,-2.52476992371,0
73820,-2.41257132087,0
73821,-2.77913278335,0
73822,-2.68006011444,0
73823,-2.91000363548,0
73824,-2.94211623264,0
73825,-2.59212839541,0
73826,-2.65570707939,0
73827,-2.61492697451,0
73828,-2.68680602371,0
73829,-2.72269455636,0
73830,-2.91381842067,0
73831,-3.0311535128,0
73832,-3.04031472262,0
73833,-2.82574085494,0
73834,-3.20564374268,0
73835,-3.22684130578,0
73836,-2.83190785204,0
73837,-3.12397836158,0
73838,-3.17996559527,0
73839,-3.28653367585,0
73840,-3.31199925314,0
73841,-2.90838268489,0
73842,-3.28038100987,0
73843,-3.32358356792,0
73844,-3.04029243035,0
73845,-3.02054845222,0
73846,-3.1311487729,0
73847,-3.00301152542,0
73848,-3.20483803245,0
73849,-3.34269260996,0
73850,-3.21344286428,0
73851,-2.96106219207,0
73852,-3.37715751614,0
73853,-3.23167823419,0
73854,-3.34862751057,0
73855,-3.08944676745,0
73856,-3.35116645785,0
73857,-2.95989962964,0
73858,-3.07742098581,0
73859,-3.22996349068,0
73860,-3.30748502779,0
73861,-2.99046960175,0
73862,-2.87277266843,0
73863,-2.86084147833,0
73864,-2.88462647973,0
73865,-2.90986925177,0
73866,-3.05246996841,0
73867,-2.88128751309,0
73868,-2.75849061401,0
73869,-2.96922009165,0
73870,-3.06840915675,0
73871,-2.75139845143,0
73872,-2.7261532866,0
73873,-2.72629452393,0
73874,-2.88160316554,0
73875,-2.94686007924,0
73876,-2.72666931562,0
73877,-2.70023582086,0
73878,-2.57203704266,0
73879,-2.70769992241,0
73880,-2.77933365607,0
73881,-2.75083372726,0
73882,-2.34097599875,0
73883,-2.28450781687,0
73884,-2.62990619778,0
73885,-2.17997820262,0
73886,-2.23927843743,0
73887,-2.10371431808,0
73888,-2.14661841413,0
73889,-2.02258739439,0
73890,-2.0030042742,0
73891,-2.34782104992,0
73892,-2.12882777057,0
73893,-2.03609983654,0
73894,-2.19867930183,0
73895,-2.07628379573,0
73896,-2.13394811899,0
73897,-1.78231917788,0
73898,-1.64928538448,0
73899,-1.77949318209,0
73900,-1.89762496254,0
73901,-1.66481534879,0
73902,-1.64368771578,0
73903,-1.76058099684,0
73904,-1.75535785731,0
73905,-1.40210343117,0
73906,-1.28960694154,0
73907,-1.57405947361,0
73908,-1.1982849495,0
73909,-1.56681151008,0
73910,-1.11202836396,0
73911,-1.36021546474,0
73912,-1.22900386739,0
73913,-1.33370019257,0
73914,-1.15183353031,0
73915,-1.03174731699,0
73916,-0.924732680369,0
73917,-1.20031269103,0
73918,-0.828092043586,0
73919,-1.05787292373,0
73920,-1.03944099859,0
73921,-1.06009778662,0
73922,-0.786132185955,0
73923,-0.980479106265,0
73924,-0.950572945806,0
73925,-0.931803198001,0
73926,-0.868149875369,0
73927,-0.748142787032,0
73928,-0.477182611865,0
73929,-0.623987302713,0
73930,-0.747970521286,0
73931,-0.404773379061,0
73932,-0.421774272122,0
73933,-0.730490863513,0
73934,-0.43399957006,0
73935,-0.300247498434,0
73936,-0.298122136384,0
73937,-0.597997429418,0
73938,-0.249878714296,0
73939,-0.603561551458,0
73940,-0.27396952835,0
73941,-0.21127447392,0
73942,-0.380668642369,0
73943,-0.35497383698,0
73944,-0.578897128851,0
73945,-0.493408455117,0
73946,-0.168016734334,0
73947,-0.229792846362,0
73948,-0.30647929231,0
73949,-0.569748066699,0
73950,-0.55230845216,0
73951,-0.313860062868,0
73952,-0.17784863691,0
73953,-0.251138038744,0
73954,-0.386315762633,0
73955,-0.420061808459,0
73956,-0.346588889549,0
73957,-0.379290105202,0
73958,-0.463237175018,0
73959,-0.642972746371,0
73960,-0.401207705488,0
73961,-0.669598271811,0
73962,-0.502383575689,0
73963,-0.702521945847,0
73964,-0.401140954441,0
73965,-0.693850501125,0
73966,-0.493516711622,0
73967,-0.700583639617,0
73968,-0.698693659398,0
73969,-0.492187480988,0
73970,-0.854968503146,0
73971,-0.746833772301,0
73972,-0.909737059885,0
73973,-0.60917585528,0
73974,-0.898047249707,0
73975,-1.01131018769,0
73976,-0.751134979861,0
73977,-0.667353106126,0
73978,-0.964571313047,0
73979,-0.766266039057,0
73980,-0.970290549435,0
73981,-0.815063869978,0
73982,-0.886207636247,0
73983,-1.30301877878,0
73984,-1.00811060547,0
73985,-0.961735908585,0
73986,-1.38808013687,0
73987,-1.43066919784,0
73988,-1.11448864213,0
73989,-1.13680073795,0
73990,-1.44961480469,0
73991,-1.42407030432,0
73992,-1.66062142414,0
73993,-1.64142411575,0
73994,-1.39025676351,0
73995,-1.38976665984,0
73996,-1.56363980532,0
73997,-1.48215963048,0
73998,-1.85571095676,0
73999,-1.56299505755,0
74000,-1.98680007092,0
74001,-1.92107777638,0
74002,-1.70681678012,0
74003,-1.90432956165,0
74004,-2.08149499047,0
74005,-2.23214491456,0
74006,-1.95618105786,0
74007,-2.32321252769,0
74008,-2.25196464786,0
74009,-2.21027719244,0
74010,-2.06861124087,0
74011,-2.32409224027,0
74012,-2.23772841598,0
74013,-2.45764613808,0
74014,-2.5627562934,0
74015,-2.28685980184,0
74016,-2.53498636745,0
74017,-2.74884555593,0
74018,-2.74445976978,0
74019,-2.57852259372,0
74020,-2.46632399088,0
74021,-2.83288545336,0
74022,-2.73381278444,0
74023,-2.96375630549,0
74024,-2.99586890265,0
74025,-2.64588106542,0
74026,-2.7094597494,0
74027,-2.66867964452,0
74028,-2.74055869371,0
74029,-2.77644722637,0
74030,-2.96757109067,0
74031,-3.0849061828,0
74032,-3.09406739262,0
74033,-2.87949352495,0
74034,-3.25939641269,0
74035,-3.28059397579,0
74036,-2.88566052205,0
74037,-3.17773103159,0
74038,-3.23371826528,0
74039,-3.34028634586,0
74040,-3.36575192315,0
74041,-2.9621353549,0
74042,-3.33413367988,0
74043,-3.37733623793,0
74044,-3.09404510036,0
74045,-3.07430112223,0
74046,-3.1849014429,0
74047,-3.05676419543,0
74048,-3.25859070246,0
74049,-3.39644527997,0
74050,-3.26719553429,0
74051,-3.01481486208,0
74052,-3.43091018615,0
74053,-3.2854309042,0
74054,-3.40238018058,0
74055,-3.14319943746,0
74056,-3.40491912786,0
74057,-3.01365229965,0
74058,-3.13117365582,0
74059,-3.28371616069,0
74060,-3.3612376978,0
74061,-3.04422227176,0
74062,-2.92652533843,0
74063,-2.91459414834,0
74064,-2.93837914974,0
74065,-2.96362192177,0
74066,-3.10622263842,0
74067,-2.9350401831,0
74068,-2.81224328402,0
74069,-3.02297276166,0
74070,-3.12216182676,0
74071,-2.80515112144,0
74072,-2.77990595661,0
74073,-2.78004719394,0
74074,-2.93535583555,0
74075,-3.00061274925,0
74076,-2.78042198563,0
74077,-2.75398849087,0
74078,-2.62578971267,0
74079,-2.76145259242,0
74080,-2.83308632608,0
74081,-2.80458639727,0
74082,-2.39472866876,0
74083,-2.33826048688,0
74084,-2.68365886778,0
74085,-2.23373087262,0
74086,-2.29303110744,0
74087,-2.15746698809,0
74088,-2.20037108414,0
74089,-2.0763400644,0
74090,-2.05675694421,0
74091,-2.40157371993,0
74092,-2.18258044057,0
74093,-2.08985250655,0
74094,-2.25243197184,0
74095,-2.13003646574,0
74096,-2.187700789,0
74097,-1.83607184789,0
74098,-1.70303805449,0
74099,-1.8332458521,0
74100,-1.95137763254,0
74101,-1.7185680188,0
74102,-1.69744038579,0
74103,-1.81433366685,0
74104,-1.80911052732,0
74105,-1.45585610118,0
74106,-1.34335961154,0
74107,-1.62781214362,0
74108,-1.25203761951,0
74109,-1.62056418008,0
74110,-1.16578103397,0
74111,-1.41396813475,0
74112,-1.2827565374,0
74113,-1.38745286258,0
74114,-1.20558620032,0
74115,-1.085499987,0
74116,-0.978485350377,0
74117,-1.25406536104,0
74118,-0.881844713595,0
74119,-1.11162559374,0
74120,-1.0931936686,0
74121,-1.11385045663,0
74122,-0.839884855963,0
74123,-1.03423177627,0
74124,-1.00432561581,0
74125,-0.985555868009,0
74126,-0.921902545377,0
74127,-0.80189545704,0
74128,-0.530935281873,0
74129,-0.677739972721,0
74130,-0.801723191294,0
74131,-0.458526049069,0
74132,-0.47552694213,0
74133,-0.784243533521,0
74134,-0.487752240068,0
74135,-0.354000168442,0
74136,-0.351874806392,0
74137,-0.651750099426,0
74138,-0.303631384304,0
74139,-0.657314221466,0
74140,-0.327722198358,0
74141,-0.265027143928,0
74142,-0.434421312377,0
74143,-0.408726506988,0
74144,-0.632649798859,0
74145,-0.547161125125,0
74146,-0.221769404343,0
74147,-0.28354551637,0
74148,-0.360231962318,0
74149,-0.623500736707,0
74150,-0.606061122168,0
74151,-0.367612732876,0
74152,-0.231601306918,0
74153,-0.304890708752,0
74154,-0.440068432641,0
74155,-0.473814478467,0
74156,-0.400341559557,0
74157,-0.43304277521,0
74158,-0.516989845026,0
74159,-0.696725416379,0
74160,-0.454960375496,0
74161,-0.72335094182,0
74162,-0.556136245697,0
74163,-0.756274615856,0
74164,-0.454893624449,0
74165,-0.747603171133,0
74166,-0.54726938163,0
74167,-0.754336309626,0
74168,-0.752446329407,0
74169,-0.545940150997,0
74170,-0.908721173154,0
74171,-0.800586442309,0
74172,-0.963489729894,0
74173,-0.662928525288,0
74174,-0.951799919715,0
74175,-1.0650628577,0
74176,-0.804887649869,0
74177,-0.721105776134,0
74178,-1.01832398305,0
74179,-0.820018709066,0
74180,-1.02404321944,0
74181,-0.868816539986,0
74182,-0.939960306255,0
74183,-1.35677144879,0
74184,-1.06186327548,0
74185,-1.01548857859,0
74186,-1.44183280688,0
74187,-1.48442186785,0
74188,-1.16824131214,0
74189,-1.19055340796,0
74190,-1.5033674747,0
74191,-1.47782297433,0
74192,-1.71437409415,0
74193,-1.69517678575,0
74194,-1.44400943352,0
74195,-1.44351932985,0
74196,-1.61739247533,0
74197,-1.53591230049,0
74198,-1.90946362677,0
74199,-1.61674772756,0
74200,-1.85340333835,0
74201,-1.78768104381,0
74202,-1.57342004755,0
74203,-1.77093282909,0
74204,-1.9480982579,0
74205,-2.098748182,0
74206,-1.82278432529,0
74207,-2.18981579513,0
74208,-2.11856791529,0
74209,-2.07688045987,0
74210,-1.93521450831,0
74211,-2.1906955077,0
74212,-2.10433168342,0
74213,-2.32424940551,0
74214,-2.42935956084,0
74215,-2.15346306927,0
74216,-2.40158963489,0
74217,-2.61544882336,0
74218,-2.61106303722,0
74219,-2.44512586115,0
74220,-2.33292725831,0
74221,-2.69948872079,0
74222,-2.60041605188,0
74223,-2.83035957293,0
74224,-2.86247217008,0
74225,-2.51248433285,0
74226,-2.57606301683,0
74227,-2.53528291195,0
74228,-2.60716196115,0
74229,-2.6430504938,0
74230,-2.83417435811,0
74231,-2.95150945024,0
74232,-2.96067066006,0
74233,-2.74609679238,0
74234,-3.12599968012,0
74235,-3.14719724322,0
74236,-2.75226378948,0
74237,-3.04433429903,0
74238,-3.10032153271,0
74239,-3.20688961329,0
74240,-3.23235519059,0
74241,-2.82873862233,0
74242,-3.20073694731,0
74243,-3.24393950536,0
74244,-2.96064836779,0
74245,-2.94090438966,0
74246,-3.05150471034,0
74247,-2.92336746286,0
74248,-3.12519396989,0
74249,-3.26304854741,0
74250,-3.13379880172,0
74251,-2.88141812951,0
74252,-3.29751345358,0
74253,-3.15203417164,0
74254,-3.26898344802,0
74255,-3.0098027049,0
74256,-3.27152239529,0
74257,-2.88025556708,0
74258,-2.99777692325,0
74259,-3.15031942812,0
74260,-3.22784096523,0
74261,-2.9108255392,0
74262,-2.79312860587,0
74263,-2.78119741577,0
74264,-2.80498241717,0
74265,-2.83022518921,0
74266,-2.97282590585,0
74267,-2.80164345054,0
74268,-2.67884655145,0
74269,-2.88957602909,0
74270,-2.98876509419,0
74271,-2.67175438887,0
74272,-2.64650922404,0
74273,-2.64665046137,0
74274,-2.80195910298,0
74275,-2.86721601669,0
74276,-2.64702525306,0
74277,-2.6205917583,0
74278,-2.4923929801,0
74279,-2.62805585985,0
74280,-2.69968959351,0
74281,-2.67118966471,0
74282,-2.26133193619,0
74283,-2.20486375431,0
74284,-2.55026213522,0
74285,-2.10033414006,0
74286,-2.15963437487,0
74287,-2.02407025553,0
74288,-2.06697435157,0
74289,-1.94294333183,0
74290,-1.92336021164,0
74291,-2.26817698736,0
74292,-2.04918370801,0
74293,-1.95645577398,0
74294,-2.11903523928,0
74295,-1.99663973317,0
74296,-2.05430405644,0
74297,-1.70267511532,0
74298,-1.56964132192,0
74299,-1.69984911953,0
74300,-1.81798089998,0
74301,-1.58517128623,0
74302,-1.56404365322,0
74303,-1.68093693428,0
74304,-1.67571379475,0
74305,-1.32245936861,0
74306,-1.20996287898,0
74307,-1.49441541106,0
74308,-1.11864088694,0
74309,-1.48716744752,0
74310,-1.03238430141,0
74311,-1.28057140218,0
74312,-1.14935980483,0
74313,-1.25405613001,0
74314,-1.07218946775,0
74315,-0.952103254435,0
74316,-0.845088617811,0
74317,-1.12066862847,0
74318,-0.748447981028,0
74319,-0.978228861171,0
74320,-0.959796936035,0
74321,-0.980453724064,0
74322,-0.706488123397,0
74323,-0.900835043707,0
74324,-0.870928883248,0
74325,-0.852159135443,0
74326,-0.788505812811,0
74327,-0.668498724474,0
74328,-0.397538549307,0
74329,-0.544343240155,0
74330,-0.668326458728,0
74331,-0.325129316503,0
74332,-0.342130209564,0
74333,-0.650846800954,0
74334,-0.354355507501,0
74335,-0.220603435876,0
74336,-0.218478073826,0
74337,-0.518353366859,0
74338,-0.170234651737,0
74339,-0.5239174889,0
74340,-0.194325465792,0
74341,-0.131630411362,0
74342,-0.30102457981,0
74343,-0.275329774422,0
74344,-0.499253066292,0
74345,-0.413764392558,0
74346,-0.0883726717762,0
74347,-0.150148783804,0
74348,-0.226835229752,0
74349,-0.490104004141,0
74350,-0.472664389602,0
74351,-0.23421600031,0
74352,-0.098204574352,0
74353,-0.171493976186,0
74354,-0.306671700074,0
74355,-0.340417745901,0
74356,-0.266944826991,0
74357,-0.299646042644,0
74358,-0.38359311246,0
74359,-0.563328683813,0
74360,-0.32156364293,0
74361,-0.589954209253,0
74362,-0.42273951313,0
74363,-0.622877883289,0
74364,-0.321496891883,0
74365,-0.614206438567,0
74366,-0.413872649064,0
74367,-0.620939577059,0
74368,-0.61904959684,0
74369,-0.41254341843,0
74370,-0.775324440587,0
74371,-0.667189709743,0
74372,-0.830092997327,0
74373,-0.529531792722,0
74374,-0.818403187149,0
74375,-0.931666125136,0
74376,-0.671490917302,0
74377,-0.587709043568,0
74378,-0.884927250488,0
74379,-0.686621976499,0
74380,-0.890646486877,0
74381,-0.735419807419,0
74382,-0.806563573688,0
74383,-1.22337471622,0
74384,-0.928466542916,0
74385,-0.882091846027,0
74386,-1.30843607432,0
74387,-1.35102513529,0
74388,-1.03484457957,0
74389,-1.0571566754,0
74390,-1.36997074213,0
74391,-1.34442624176,0
74392,-1.58097736158,0
74393,-1.56178005319,0
74394,-1.31061270096,0
74395,-1.31012259729,0
74396,-1.48399574276,0
74397,-1.40251556792,0
74398,-1.7760668942,0
74399,-1.48335099499,0
74400,-1.85510012681,0
74401,-1.78937783228,0
74402,-1.57511683601,0
74403,-1.77262961755,0
74404,-1.94979504637,0
74405,-2.10044497046,0
74406,-1.82448111376,0
74407,-2.19151258359,0
74408,-2.12026470376,0
74409,-2.07857724834,0
74410,-1.93691129677,0
74411,-2.19239229616,0
74412,-2.10602847188,0
74413,-2.32594619398,0
74414,-2.4310563493,0
74415,-2.15515985774,0
74416,-2.40328642335,0
74417,-2.61714561183,0
74418,-2.61275982568,0
74419,-2.44682264961,0
74420,-2.33462404678,0
74421,-2.70118550926,0
74422,-2.60211284034,0
74423,-2.83205636139,0
74424,-2.86416895855,0
74425,-2.51418112132,0
74426,-2.5777598053,0
74427,-2.53697970042,0
74428,-2.60885874961,0
74429,-2.64474728227,0
74430,-2.83587114657,0
74431,-2.9532062387,0
74432,-2.96236744852,0
74433,-2.74779358085,0
74434,-3.12769646859,0
74435,-3.14889403169,0
74436,-2.75396057795,0
74437,-3.04603108749,0
74438,-3.10201832118,0
74439,-3.20858640176,0
74440,-3.23405197905,0
74441,-2.8304354108,0
74442,-3.20243373577,0
74443,-3.24563629382,0
74444,-2.96234515626,0
74445,-2.94260117813,0
74446,-3.0532014988,0
74447,-2.92506425133,0
74448,-3.12689075836,0
74449,-3.26474533587,0
74450,-3.13549559018,0
74451,-2.88311491798,0
74452,-3.29921024205,0
74453,-3.1537309601,0
74454,-3.27068023648,0
74455,-3.01149949336,0
74456,-3.27321918375,0
74457,-2.88195235555,0
74458,-2.99947371172,0
74459,-3.15201621659,0
74460,-3.22953775369,0
74461,-2.91252232766,0
74462,-2.79482539433,0
74463,-2.78289420424,0
74464,-2.80667920564,0
74465,-2.83192197767,0
74466,-2.97452269432,0
74467,-2.803340239,0
74468,-2.68054333991,0
74469,-2.89127281756,0
74470,-2.99046188265,0
74471,-2.67345117734,0
74472,-2.64820601251,0
74473,-2.64834724984,0
74474,-2.80365589145,0
74475,-2.86891280515,0
74476,-2.64872204152,0
74477,-2.62228854676,0
74478,-2.49408976857,0
74479,-2.62975264832,0
74480,-2.70138638198,0
74481,-2.67288645317,0
74482,-2.26302872466,0
74483,-2.20656054277,0
74484,-2.55195892368,0
74485,-2.10203092852,0
74486,-2.16133116334,0
74487,-2.02576704399,0
74488,-2.06867114003,0
74489,-1.94464012029,0
74490,-1.92505700011,0
74491,-2.26987377583,0
74492,-2.05088049647,0
74493,-1.95815256245,0
74494,-2.12073202774,0
74495,-1.99833652164,0
74496,-2.0560008449,0
74497,-1.70437190378,0
74498,-1.57133811039,0
74499,-1.701545908,0
74500,-1.81967768844,0
74501,-1.58686807469,0
74502,-1.56574044169,0
74503,-1.68263372275,0
74504,-1.67741058321,0
74505,-1.32415615708,0
74506,-1.21165966744,0
74507,-1.49611219952,0
74508,-1.12033767541,0
74509,-1.48886423598,0
74510,-1.03408108987,0
74511,-1.28226819064,0
74512,-1.15105659329,0
74513,-1.25575291847,0
74514,-1.07388625622,0
74515,-0.953800042899,0
74516,-0.846785406275,0
74517,-1.12236541694,0
74518,-0.750144769492,0
74519,-0.979925649635,0
74520,-0.961493724499,0
74521,-0.982150512527,0
74522,-0.708184911861,0
74523,-0.902531832171,0
74524,-0.872625671712,0
74525,-0.853855923907,0
74526,-0.790202601275,0
74527,-0.670195512938,0
74528,-0.399235337771,0
74529,-0.546040028619,0
74530,-0.670023247192,0
74531,-0.326826104967,0
74532,-0.343826998028,0
74533,-0.652543589418,0
74534,-0.356052295965,0
74535,-0.22230022434,0
74536,-0.22017486229,0
74537,-0.520050155323,0
74538,-0.171931440201,0
74539,-0.525614277364,0
74540,-0.196022254256,0
74541,-0.133327199826,0
74542,-0.302721368274,0
74543,-0.277026562886,0
74544,-0.500949854756,0
74545,-0.415461181022,0
74546,-0.0900694602401,0
74547,-0.151845572268,0
74548,-0.228532018216,0
74549,-0.491800792605,0
74550,-0.474361178066,0
74551,-0.235912788774,0
74552,-0.0999013628159,0
74553,-0.173190764649,0
74554,-0.308368488538,0
74555,-0.342114534365,0
74556,-0.268641615454,0
74557,-0.301342831108,0
74558,-0.385289900923,0
74559,-0.565025472277,0
74560,-0.323260431394,0
74561,-0.591650997717,0
74562,-0.424436301594,0
74563,-0.624574671753,0
74564,-0.323193680347,0
74565,-0.615903227031,0
74566,-0.415569437528,0
74567,-0.622636365523,0
74568,-0.620746385304,0
74569,-0.414240206894,0
74570,-0.777021229051,0
74571,-0.668886498206,0
74572,-0.831789785791,0
74573,-0.531228581186,0
74574,-0.820099975613,0
74575,-0.9333629136,0
74576,-0.673187705766,0
74577,-0.589405832032,0
74578,-0.886624038952,0
74579,-0.688318764963,0
74580,-0.892343275341,0
74581,-0.737116595883,0
74582,-0.808260362152,0
74583,-1.22507150469,0
74584,-0.93016333138,0
74585,-0.883788634491,0
74586,-1.31013286278,0
74587,-1.35272192375,0
74588,-1.03654136804,0
74589,-1.05885346386,0
74590,-1.37166753059,0
74591,-1.34612303022,0
74592,-1.58267415005,0
74593,-1.56347684165,0
74594,-1.31230948942,0
74595,-1.31181938575,0
74596,-1.48569253123,0
74597,-1.40421235638,0
74598,-1.77776368267,0
74599,-1.48504778346,0
74600,-1.76824729736,0
74601,-1.70252500283,0
74602,-1.48826400656,0
74603,-1.6857767881,0
74604,-1.86294221692,0
74605,-2.01359214101,0
74606,-1.73762828431,0
74607,-2.10465975414,0
74608,-2.03341187431,0
74609,-1.99172441889,0
74610,-1.85005846732,0
74611,-2.10553946671,0
74612,-2.01917564243,0
74613,-2.23909336453,0
74614,-2.34420351985,0
74615,-2.06830702829,0
74616,-2.3164335939,0
74617,-2.53029278238,0
74618,-2.52590699623,0
74619,-2.35996982016,0
74620,-2.24777121733,0
74621,-2.61433267981,0
74622,-2.51526001089,0
74623,-2.74520353194,0
74624,-2.7773161291,0
74625,-2.42732829187,0
74626,-2.49090697585,0
74627,-2.45012687097,0
74628,-2.52200592016,0
74629,-2.55789445282,0
74630,-2.74901831712,0
74631,-2.86635340925,0
74632,-2.87551461907,0
74633,-2.6609407514,0
74634,-3.04084363914,0
74635,-3.06204120224,0
74636,-2.6671077485,0
74637,-2.95917825804,0
74638,-3.01516549173,0
74639,-3.12173357231,0
74640,-3.1471991496,0
74641,-2.74358258135,0
74642,-3.11558090632,0
74643,-3.15878346437,0
74644,-2.87549232681,0
74645,-2.85574834868,0
74646,-2.96634866935,0
74647,-2.83821142188,0
74648,-3.04003792891,0
74649,-3.17789250642,0
74650,-3.04864276073,0
74651,-2.79626208853,0
74652,-3.2123574126,0
74653,-3.06687813065,0
74654,-3.18382740703,0
74655,-2.92464666391,0
74656,-3.1863663543,0
74657,-2.7950995261,0
74658,-2.91262088227,0
74659,-3.06516338714,0
74660,-3.14268492424,0
74661,-2.82566949821,0
74662,-2.70797256488,0
74663,-2.69604137479,0
74664,-2.71982637619,0
74665,-2.74506914822,0
74666,-2.88766986487,0
74667,-2.71648740955,0
74668,-2.59369051046,0
74669,-2.80441998811,0
74670,-2.9036090532,0
74671,-2.58659834789,0
74672,-2.56135318306,0
74673,-2.56149442038,0
74674,-2.716803062,0
74675,-2.7820599757,0
74676,-2.56186921207,0
74677,-2.53543571731,0
74678,-2.40723693912,0
74679,-2.54289981887,0
74680,-2.61453355253,0
74681,-2.58603362372,0
74682,-2.17617589521,0
74683,-2.11970771332,0
74684,-2.46510609423,0
74685,-2.01517809907,0
74686,-2.07447833389,0
74687,-1.93891421454,0
74688,-1.98181831058,0
74689,-1.85778729084,0
74690,-1.83820417066,0
74691,-2.18302094638,0
74692,-1.96402766702,0
74693,-1.871299733,0
74694,-2.03387919829,0
74695,-1.91148369219,0
74696,-1.96914801545,0
74697,-1.61751907433,0
74698,-1.48448528094,0
74699,-1.61469307855,0
74700,-1.73282485899,0
74701,-1.50001524524,0
74702,-1.47888761224,0
74703,-1.5957808933,0
74704,-1.59055775376,0
74705,-1.23730332763,0
74706,-1.12480683799,0
74707,-1.40925937007,0
74708,-1.03348484596,0
74709,-1.40201140653,0
74710,-0.94722826042,0
74711,-1.19541536119,0
74712,-1.06420376384,0
74713,-1.16890008902,0
74714,-0.987033426767,0
74715,-0.866947213449,0
74716,-0.759932576825,0
74717,-1.03551258749,0
74718,-0.663291940042,0
74719,-0.893072820185,0
74720,-0.874640895049,0
74721,-0.895297683077,0
74722,-0.621332082411,0
74723,-0.815679002721,0
74724,-0.785772842262,0
74725,-0.767003094457,0
74726,-0.703349771825,0
74727,-0.583342683488,0
74728,-0.312382508321,0
74729,-0.459187199169,0
74730,-0.583170417742,0
74731,-0.239973275517,0
74732,-0.256974168578,0
74733,-0.565690759968,0
74734,-0.269199466515,0
74735,-0.13544739489,0
74736,-0.13332203284,0
74737,-0.433197325873,0
74738,-0.0850786107513,0
74739,-0.438761447914,0
74740,-0.109169424806,0
74741,-0.0464743703756,0
74742,-0.215868538824,0
74743,-0.190173733436,0
74744,-0.414097025306,0
74745,-0.328608351572,0
74746,-0.00321663079005,0
74747,-0.064992742818,0
74748,-0.141679188766,0
74749,-0.404947963155,0
74750,-0.387508348616,0
74751,-0.149059959324,0
74752,-0.0130485333659,0
74753,-0.0863379351994,0
74754,-0.221515659088,0
74755,-0.255261704915,0
74756,-0.181788786004,0
74757,-0.214490001658,0
74758,-0.298437071473,0
74759,-0.478172642827,0
74760,-0.236407601944,0
74761,-0.504798168267,0
74762,-0.337583472144,0
74763,-0.537721842303,0
74764,-0.236340850897,0
74765,-0.529050397581,0
74766,-0.328716608078,0
74767,-0.535783536073,0
74768,-0.533893555854,0
74769,-0.327387377444,0
74770,-0.690168399601,0
74771,-0.582033668756,0
74772,-0.744936956341,0
74773,-0.444375751736,0
74774,-0.733247146162,0
74775,-0.84651008415,0
74776,-0.586334876316,0
74777,-0.502553002582,0
74778,-0.799771209502,0
74779,-0.601465935513,0
74780,-0.805490445891,0
74781,-0.650263766433,0
74782,-0.721407532702,0
74783,-1.13821867524,0
74784,-0.84331050193,0
74785,-0.796935805041,0
74786,-1.22328003333,0
74787,-1.2658690943,0
74788,-0.949688538588,0
74789,-0.97200063441,0
74790,-1.28481470114,0
74791,-1.25927020077,0
74792,-1.4958213206,0
74793,-1.4766240122,0
74794,-1.22545665997,0
74795,-1.2249665563,0
74796,-1.39883970178,0
74797,-1.31735952693,0
74798,-1.69091085322,0
74799,-1.39819495401,0
74800,-1.6321631217,0
74801,-1.56644082717,0
74802,-1.3521798309,0
74803,-1.54969261244,0
74804,-1.72685804126,0
74805,-1.87750796535,0
74806,-1.60154410865,0
74807,-1.96857557848,0
74808,-1.89732769865,0
74809,-1.85564024322,0
74810,-1.71397429166,0
74811,-1.96945529105,0
74812,-1.88309146677,0
74813,-2.10300918886,0
74814,-2.20811934419,0
74815,-1.93222285263,0
74816,-2.18034941824,0
74817,-2.39420860672,0
74818,-2.38982282057,0
74819,-2.2238856445,0
74820,-2.11168704167,0
74821,-2.47824850415,0
74822,-2.37917583523,0
74823,-2.60911935628,0
74824,-2.64123195343,0
74825,-2.29124411621,0
74826,-2.35482280018,0
74827,-2.31404269531,0
74828,-2.3859217445,0
74829,-2.42181027716,0
74830,-2.61293414146,0
74831,-2.73026923359,0
74832,-2.73943044341,0
74833,-2.52485657574,0
74834,-2.90475946347,0
74835,-2.92595702658,0
74836,-2.53102357284,0
74837,-2.82309408238,0
74838,-2.87908131607,0
74839,-2.98564939664,0
74840,-3.01111497394,0
74841,-2.60749840569,0
74842,-2.97949673066,0
74843,-3.02269928871,0
74844,-2.73940815114,0
74845,-2.71966417301,0
74846,-2.83026449369,0
74847,-2.70212724622,0
74848,-2.90395375325,0
74849,-3.04180833076,0
74850,-2.91255858507,0
74851,-2.66017791287,0
74852,-3.07627323694,0
74853,-2.93079395499,0
74854,-3.04774323137,0
74855,-2.78856248825,0
74856,-3.05028217864,0
74857,-2.65901535044,0
74858,-2.77653670661,0
74859,-2.92907921148,0
74860,-3.00660074858,0
74861,-2.68958532255,0
74862,-2.57188838922,0
74863,-2.55995719913,0
74864,-2.58374220053,0
74865,-2.60898497256,0
74866,-2.75158568921,0
74867,-2.58040323389,0
74868,-2.4576063348,0
74869,-2.66833581245,0
74870,-2.76752487754,0
74871,-2.45051417223,0
74872,-2.4252690074,0
74873,-2.42541024472,0
74874,-2.58071888633,0
74875,-2.64597580004,0
74876,-2.42578503641,0
74877,-2.39935154165,0
74878,-2.27115276346,0
74879,-2.40681564321,0
74880,-2.47844937687,0
74881,-2.44994944806,0
74882,-2.04009171954,0
74883,-1.98362353766,0
74884,-2.32902191857,0
74885,-1.87909392341,0
74886,-1.93839415822,0
74887,-1.80283003888,0
74888,-1.84573413492,0
74889,-1.72170311518,0
74890,-1.702119995,0
74891,-2.04693677072,0
74892,-1.82794349136,0
74893,-1.73521555734,0
74894,-1.89779502263,0
74895,-1.77539951653,0
74896,-1.83306383979,0
74897,-1.48143489867,0
74898,-1.34840110527,0
74899,-1.47860890289,0
74900,-1.59674068333,0
74901,-1.36393106958,0
74902,-1.34280343658,0
74903,-1.45969671764,0
74904,-1.4544735781,0
74905,-1.10121915197,0
74906,-0.988722662332,0
74907,-1.27317519441,0
74908,-0.897400670295,0
74909,-1.26592723087,0
74910,-0.811144084759,0
74911,-1.05933118553,0
74912,-0.928119588183,0
74913,-1.03281591336,0
74914,-0.850949251106,0
74915,-0.730863037788,0
74916,-0.623848401164,0
74917,-0.899428411826,0
74918,-0.527207764381,0
74919,-0.756988644524,0
74920,-0.738556719388,0
74921,-0.759213507417,0
74922,-0.48524790675,0
74923,-0.67959482706,0
74924,-0.649688666601,0
74925,-0.630918918796,0
74926,-0.567265596164,0
74927,-0.447258507827,0
74928,-0.17629833266,0
74929,-0.323103023508,0
74930,-0.447086242081,0
74931,-0.103889099856,0
74932,-0.120889992917,0
74933,-0.429606584307,0
74934,-0.133115290854,0
74935,0.000636780771217,0
74936,0.00276214282131,0
74937,-0.297113150212,0
74938,0.0510055649096,0
74939,-0.302677272253,0
74940,0.0269147508551,0
74941,0.0896098052853,0
74942,-0.0797843631634,0
74943,-0.0540895577749,0
74944,-0.278012849645,0
74945,-0.192524175911,0
74946,0.132867544871,0
74947,0.0710914328429,0
74948,-0.00559501310493,0
74949,-0.268863787494,0
74950,-0.251424172955,0
74951,-0.0129757836631,0
74952,0.123035642295,0
74953,0.0497462404615,0
74954,-0.0854314834273,0
74955,-0.119177529254,0
74956,-0.0457046103435,0
74957,-0.0784058259969,0
74958,-0.162352895813,0
74959,-0.342088467166,0
74960,-0.100323426283,0
74961,-0.368713992606,0
74962,-0.201499296483,0
74963,-0.401637666642,0
74964,-0.100256675236,0
74965,-0.39296622192,0
74966,-0.192632432417,0
74967,-0.399699360412,0
74968,-0.397809380193,0
74969,-0.191303201783,0
74970,-0.554084223941,0
74971,-0.445949493096,0
74972,-0.60885278068,0
74973,-0.308291576075,0
74974,-0.597162970502,0
74975,-0.710425908489,0
74976,-0.450250700655,0
74977,-0.366468826921,0
74978,-0.663687033841,0
74979,-0.465381759852,0
74980,-0.66940627023,0
74981,-0.514179590772,0
74982,-0.585323357041,0
74983,-1.00213449957,0
74984,-0.707226326269,0
74985,-0.66085162938,0
74986,-1.08719585767,0
74987,-1.12978491864,0
74988,-0.813604362927,0
74989,-0.835916458749,0
74990,-1.14873052548,0
74991,-1.12318602511,0
74992,-1.35973714494,0
74993,-1.34053983654,0
74994,-1.08937248431,0
74995,-1.08888238064,0
74996,-1.26275552612,0
74997,-1.18127535127,0
74998,-1.55482667756,0
74999,-1.26211077835,0
75000,-1.58647169294,0
75001,-1.52074939841,0
75002,-1.30648840215,0
75003,-1.50400118368,0
75004,-1.6811666125,0
75005,-1.83181653659,0
75006,-1.55585267989,0
75007,-1.92288414972,0
75008,-1.85163626989,0
75009,-1.80994881447,0
75010,-1.6682828629,0
75011,-1.92376386229,0
75012,-1.83740003801,0
75013,-2.05731776011,0
75014,-2.16242791543,0
75015,-1.88653142387,0
75016,-2.13465798948,0
75017,-2.34851717796,0
75018,-2.34413139181,0
75019,-2.17819421575,0
75020,-2.06599561291,0
75021,-2.43255707539,0
75022,-2.33348440647,0
75023,-2.56342792752,0
75024,-2.59554052468,0
75025,-2.24555268745,0
75026,-2.30913137143,0
75027,-2.26835126655,0
75028,-2.34023031574,0
75029,-2.3761188484,0
75030,-2.5672427127,0
75031,-2.68457780483,0
75032,-2.69373901465,0
75033,-2.47916514698,0
75034,-2.85906803472,0
75035,-2.88026559782,0
75036,-2.48533214408,0
75037,-2.77740265362,0
75038,-2.83338988731,0
75039,-2.93995796789,0
75040,-2.96542354518,0
75041,-2.56180697693,0
75042,-2.9338053019,0
75043,-2.97700785996,0
75044,-2.69371672239,0
75045,-2.67397274426,0
75046,-2.78457306493,0
75047,-2.65643581746,0
75048,-2.85826232449,0
75049,-2.996116902,0
75050,-2.86686715632,0
75051,-2.61448648411,0
75052,-3.03058180818,0
75053,-2.88510252623,0
75054,-3.00205180261,0
75055,-2.74287105949,0
75056,-3.00459074988,0
75057,-2.61332392168,0
75058,-2.73084527785,0
75059,-2.88338778272,0
75060,-2.96090931982,0
75061,-2.64389389379,0
75062,-2.52619696046,0
75063,-2.51426577037,0
75064,-2.53805077177,0
75065,-2.5632935438,0
75066,-2.70589426045,0
75067,-2.53471180513,0
75068,-2.41191490604,0
75069,-2.62264438369,0
75070,-2.72183344879,0
75071,-2.40482274347,0
75072,-2.37957757864,0
75073,-2.37971881597,0
75074,-2.53502745758,0
75075,-2.60028437128,0
75076,-2.38009360766,0
75077,-2.3536601129,0
75078,-2.2254613347,0
75079,-2.36112421445,0
75080,-2.43275794811,0
75081,-2.4042580193,0
75082,-1.99440029079,0
75083,-1.9379321089,0
75084,-2.28333048981,0
75085,-1.83340249465,0
75086,-1.89270272947,0
75087,-1.75713861012,0
75088,-1.80004270616,0
75089,-1.67601168642,0
75090,-1.65642856624,0
75091,-2.00124534196,0
75092,-1.7822520626,0
75093,-1.68952412858,0
75094,-1.85210359387,0
75095,-1.72970808777,0
75096,-1.78737241103,0
75097,-1.43574346991,0
75098,-1.30270967652,0
75099,-1.43291747413,0
75100,-1.55104925457,0
75101,-1.31823964083,0
75102,-1.29711200782,0
75103,-1.41400528888,0
75104,-0.263950497691,1
75105,-0.228391624347,1
75106,-0.196170608413,1
75107,-0.167377398222,1
75108,-0.142092373034,1
75109,-0.120386118639,1
75110,-0.102319230316,1
75111,-0.087942143673,1
75112,-0.0772949938513,1
75113,-0.0704075034827,1
75114,-0.0672988997167,1
75115,-0.0679778605458,1
75116,-0.0724424905798,1
75117,-0.0806803263372,1
75118,-0.0926683710381,1
75119,-0.108373158802,1
75120,-0.127750848072,1
75121,-0.150747344001,1
75122,-0.177298449468,1
75123,-0.207330044284,1
75124,-0.240758292113,1
75125,-0.277489874505,1
75126,-0.317422251406,1
75127,-0.360443947412,1
75128,-0.406434862959,1
75129,-0.455266609597,1
75130,-0.506802868399,1
75131,-0.56089977051,1
75132,-0.617406298771,1
75133,-0.676164709299,1
75134,-0.737010971848,1
75135,-0.799775227712,1
75136,-0.864282263909,1
75137,-0.930352002301,1
75138,-0.997800002306,1
75139,-1.06643797578,1
75140,-1.13607431264,1
75141,-1.20651461577,1
75142,-1.2775622437,1
75143,-1.34901885954,1
75144,-1.42068498469,1
75145,-1.49236055565,1
75146,-1.56384548259,1
75147,-1.63494020784,1
75148,-1.70544626305,1
75149,-1.7751668232,1
75150,-1.84390725604,1
75151,-1.91147566548,1
75152,-1.97768342724,1
75153,-2.04234571541,1
75154,-2.10528201847,1
75155,-2.16631664314,1
75156,-2.22527920489,1
75157,-2.28200510356,1
75158,-2.33633598286,1
75159,-2.38812017248,1
75160,-2.43721311143,1
75161,-2.48347775164,1
75162,-2.52678494052,1
75163,-2.56701378153,1
75164,-2.60405197166,1
75165,-2.63779611492,1
75166,-2.66815201101,1
75167,-2.69503491828,1
75168,-2.71836979026,1
75169,-2.73809148524,1
75170,-2.75414494803,1
75171,-2.76648536371,1
75172,-2.77507828273,1
75173,-2.77989971705,1
75174,-2.78093620714,1
75175,-2.77818485952,1
75176,-2.77165335487,1
75177,-2.76135992656,1
75178,-2.74733330978,1
75179,-2.7296126613,1
75180,-2.70824745016,1
75181,-2.68329731958,1
75182,-2.65483192045,1
75183,-2.62293071692,1
75184,-2.58768276454,1
75185,-2.54918646164,1
75186,-2.50754927468,1
75187,-2.46288743823,1
75188,-2.41532563046,1
75189,-2.36499662515,1
75190,-2.31204092096,1
75191,-2.2566063493,1
75192,-2.19884766155,1
75193,-2.13892609714,1
75194,-2.07700893337,1
75195,-2.0132690185,1
75196,-1.94788428914,1
75197,-1.88103727362,1
75198,-1.81291458237,1
75199,-1.743706387,1
75200,-1.69420399831,1
75201,-1.6234068914,1
75202,-1.55211081269,1
75203,-1.48051479263,1
75204,-1.40881869899,1
75205,-1.33722267893,1
75206,-1.26592660022,1
75207,-1.19512949331,1
75208,-1.12502899574,1
75209,-1.05582080037,1
75210,-0.987698109114,1
75211,-0.920851093594,1
75212,-0.855466364242,1
75213,-0.791726449365,1
75214,-0.729809285602,1
75215,-0.66988772119,1
75216,-0.612129033442,1
75217,-0.556694461774,1
75218,-0.50373875759,1
75219,-0.453409752275,1
75220,-0.40584794451,1
75221,-0.361186108056,1
75222,-0.319548921099,1
75223,-0.281052618199,1
75224,-0.245804665813,1
75225,-0.213903462285,1
75226,-0.185438063161,1
75227,-0.160487932578,1
75228,-0.139122721435,1
75229,-0.121402072954,1
75230,-0.107375456177,1
75231,-0.0970820278718,1
75232,-0.0905505232201,1
75233,-0.0877991755998,1
75234,-0.0888356656858,1
75235,-0.0936571000074,1
75236,-0.102250019027,1
75237,-0.114590434712,1
75238,-0.130643897501,1
75239,-0.150365592476,1
75240,-0.173700464461,1
75241,-0.200583371723,1
75242,-0.230939267813,1
75243,-0.264683411075,1
75244,-0.301721601203,1
75245,-0.341950442217,1
75246,-0.3852576311,1
75247,-0.431522271307,1
75248,-0.480615210256,1
75249,-0.532399399874,1
75250,-0.586730279182,1
75251,-0.643456177849,1
75252,-0.702418739597,1
75253,-0.763453364268,1
75254,-0.826389667327,1
75255,-0.891051955502,1
75256,-0.957259717255,1
75257,-1.02482812669,1
75258,-1.09356855954,1
75259,-1.16328911969,1
75260,-1.2337951749,1
75261,-1.30488990015,1
75262,-1.37637482708,1
75263,-1.44805039805,1
75264,-1.5197165232,1
75265,-1.59117313904,1
75266,-1.66222076697,1
75267,-1.7326610701,1
75268,-1.80229740696,1
75269,-1.87093538043,1
75270,-1.93838338044,1
75271,-2.00445311883,1
75272,-2.06896015503,1
75273,-2.13172441089,1
75274,-2.19257067344,1
75275,-2.25132908397,1
75276,-2.30783561223,1
75277,-2.36193251434,1
75278,-2.41346877314,1
75279,-2.46230051978,1
75280,-2.50829143533,1
75281,-2.55131313133,1
75282,-2.59124550823,1
75283,-2.62797709062,1
75284,-2.66140533845,1
75285,-2.69143693327,1
75286,-2.71798803874,1
75287,-2.74098453467,1
75288,-2.76036222394,1
75289,-2.7760670117,1
75290,-2.7880550564,1
75291,-2.79629289216,1
75292,-2.80075752219,1
75293,-2.80143648302,1
75294,-2.79832787925,1
75295,-2.79144038889,1
75296,-2.78079323906,1
75297,-2.76641615242,1
75298,-2.7483492641,1
75299,-2.7266430097,1
75300,-2.70135798452,1
75301,-2.67256477433,1
75302,-2.64034375839,1
75303,-2.60478488505,1
75304,-1.42938025823,0
75305,-1.07612583209,0
75306,-0.963629342457,0
75307,-1.24808187453,0
75308,-0.872307350421,0
75309,-1.240833911,0
75310,-0.786050764885,0
75311,-1.03423786566,0
75312,-0.903026268309,0
75313,-1.00772259349,0
75314,-0.825855931232,0
75315,-0.705769717914,0
75316,-0.59875508129,0
75317,-0.874335091951,0
75318,-0.502114444507,0
75319,-0.73189532465,0
75320,-0.713463399514,0
75321,-0.734120187543,0
75322,-0.460154586876,0
75323,-0.654501507186,0
75324,-0.624595346727,0
75325,-0.605825598922,0
75326,-0.54217227629,0
75327,-0.422165187953,0
75328,-0.151205012786,0
75329,-0.298009703634,0
75330,-0.421992922207,0
75331,-0.0787957799819,0
75332,-0.0957966730431,0
75333,-0.404513264433,0
75334,-0.10802197098,0
75335,0.0257301006453,0
75336,0.0278554626954,0
75337,-0.272019830338,0
75338,0.0760988847836,0
75339,-0.277583952379,0
75340,0.0520080707292,0
75341,0.114703125159,0
75342,-0.0546910432893,0
75343,-0.0289962379009,0
75344,-0.252919529771,0
75345,-0.167430856037,0
75346,0.157960864745,0
75347,0.096184752717,0
75348,0.0194983067691,0
75349,-0.24377046762,0
75350,-0.226330853081,0
75351,0.0121175362109,0
75352,0.148128962169,0
75353,0.0748395603355,0
75354,-0.0603381635533,0
75355,-0.0940842093796,0
75356,-0.0206112904695,0
75357,-0.0533125061229,0
75358,-0.137259575939,0
75359,-0.316995147292,0
75360,-0.0752301064086,0
75361,-0.343620672732,0
75362,-0.176405976609,0
75363,-0.376544346768,0
75364,-0.0751633553616,0
75365,-0.367872902046,0
75366,-0.167539112543,0
75367,-0.374606040538,0
75368,-0.372716060319,0
75369,-0.166209881909,0
75370,-0.528990904066,0
75371,-0.420856173221,0
75372,-0.583759460806,0
75373,-0.283198256201,0
75374,-0.572069650628,0
75375,-0.685332588615,0
75376,-0.425157380781,0
75377,-0.341375507047,0
75378,-0.638593713967,0
75379,-0.440288439978,0
75380,-0.644312950356,0
75381,-0.489086270898,0
75382,-0.560230037167,0
75383,-0.977041179701,0
75384,-0.682133006395,0
75385,-0.635758309506,0
75386,-1.06210253779,0
75387,-1.10469159876,0
75388,-0.788511043053,0
75389,-0.810823138875,0
75390,-1.12363720561,0
75391,-1.09809270524,0
75392,-1.33464382506,0
75393,-1.31544651667,0
75394,-1.06427916444,0
75395,-1.06378906077,0
75396,-1.23766220624,0
75397,-1.1561820314,0
75398,-1.52973335768,0
75399,-1.23701745847,0
75400,-1.56688654338,0
75401,-1.50116424884,0
75402,-1.28690325258,0
75403,-1.48441603412,0
75404,-1.66158146294,0
75405,-1.81223138703,0
75406,-1.53626753032,0
75407,-1.90329900016,0
75408,-1.83205112032,0
75409,-1.7903636649,0
75410,-1.64869771334,0
75411,-1.90417871273,0
75412,-1.81781488845,0
75413,-2.03773261054,0
75414,-2.14284276587,0
75415,-1.86694627431,0
75416,-2.11507283992,0
75417,-2.32893202839,0
75418,-2.32454624225,0
75419,-2.15860906618,0
75420,-2.04641046335,0
75421,-2.41297192582,0
75422,-2.31389925691,0
75423,-2.54384277796,0
75424,-2.57595537511,0
75425,-2.22596753788,0
75426,-2.28954622186,0
75427,-2.24876611698,0
75428,-2.32064516618,0
75429,-2.35653369883,0
75430,-2.54765756314,0
75431,-2.66499265527,0
75432,-2.67415386509,0
75433,-2.45957999741,0
75434,-2.83948288515,0
75435,-2.86068044825,0
75436,-2.46574699451,0
75437,-2.75781750406,0
75438,-2.81380473774,0
75439,-2.92037281832,0
75440,-2.94583839562,0
75441,-2.54222182736,0
75442,-2.91422015234,0
75443,-2.95742271039,0
75444,-2.67413157282,0
75445,-2.65438759469,0
75446,-2.76498791537,0
75447,-2.63685066789,0
75448,-2.83867717492,0
75449,-2.97653175244,0
75450,-2.84728200675,0
75451,-2.59490133454,0
75452,-3.01099665862,0
75453,-2.86551737667,0
75454,-2.98246665305,0
75455,-2.72328590993,0
75456,-2.98500560032,0
75457,-2.59373877211,0
75458,-2.71126012828,0
75459,-2.86380263315,0
75460,-2.94132417026,0
75461,-2.62430874423,0
75462,-2.5066118109,0
75463,-2.4946806208,0
75464,-2.51846562221,0
75465,-2.54370839424,0
75466,-2.68630911088,0
75467,-2.51512665557,0
75468,-2.39232975648,0
75469,-2.60305923413,0
75470,-2.70224829922,0
75471,-2.38523759391,0
75472,-2.35999242907,0
75473,-2.3601336664,0
75474,-2.51544230801,0
75475,-2.58069922172,0
75476,-2.36050845809,0
75477,-2.33407496333,0
75478,-2.20587618513,0
75479,-2.34153906488,0
75480,-2.41317279854,0
75481,-2.38467286974,0
75482,-1.97481514122,0
75483,-1.91834695934,0
75484,-2.26374534025,0
75485,-1.81381734509,0
75486,-1.8731175799,0
75487,-1.73755346056,0
75488,-1.7804575566,0
75489,-1.65642653686,0
75490,-1.63684341667,0
75491,-1.98166019239,0
75492,-1.76266691304,0
75493,-1.66993897901,0
75494,-1.83251844431,0
75495,-1.71012293821,0
75496,-1.76778726147,0
75497,-1.41615832035,0
75498,-1.28312452695,0
75499,-1.41333232457,0
75500,-1.53146410501,0
75501,-1.29865449126,0
75502,-1.27752685826,0
75503,-1.39442013931,0
75504,-1.38919699978,0
75505,-1.03594257364,0
75506,-0.923446084009,0
75507,-1.20789861609,0
75508,-0.832124091973,0
75509,-1.20065065255,0
75510,-0.745867506437,0
75511,-0.99405460721,0
75512,-0.862843009861,0
75513,-0.967539335041,0
75514,-0.785672672784,0
75515,-0.665586459466,0
75516,-0.558571822842,0
75517,-0.834151833503,0
75518,-0.461931186059,0
75519,-0.691712066202,0
75520,-0.673280141066,0
75521,-0.693936929094,0
75522,-0.419971328428,0
75523,-0.614318248738,0
75524,-0.584412088279,0
75525,-0.565642340474,0
75526,-0.501989017842,0
75527,-0.381981929505,0
75528,-0.111021754338,0
75529,-0.257826445186,0
75530,-0.381809663759,0
75531,-0.0386125215338,0
75532,-0.055613414595,0
75533,-0.364330005985,0
75534,-0.0678387125323,0
75535,0.0659133590934,0
75536,0.0680387211435,0
75537,-0.23183657189,0
75538,0.116282143232,0
75539,-0.237400693931,0
75540,0.0921913291773,0
75541,0.154886383607,0
75542,-0.0145077848412,0
75543,0.0111870205472,0
75544,-0.212736271323,0
75545,-0.127247597589,0
75546,0.198144123193,0
75547,0.136368011165,0
75548,0.0596815652172,0
75549,-0.203587209172,0
75550,-0.186147594633,0
75551,0.052300794659,0
75552,0.188312220617,0
75553,0.115022818784,0
75554,-0.0201549051052,0
75555,-0.0539009509315,0
75556,0.0195719679786,0
75557,-0.0131292476748,0
75558,-0.0970763174904,0
75559,-0.276811888844,0
75560,-0.0350468479605,0
75561,-0.303437414284,0
75562,-0.136222718161,0
75563,-0.33636108832,0
75564,-0.0349800969135,0
75565,-0.327689643598,0
75566,-0.127355854095,0
75567,-0.33442278209,0
75568,-0.332532801871,0
75569,-0.126026623461,0
75570,-0.488807645618,0
75571,-0.380672914773,0
75572,-0.543576202358,0
75573,-0.243014997753,0
75574,-0.531886392179,0
75575,-0.645149330167,0
75576,-0.384974122333,0
75577,-0.301192248599,0
75578,-0.598410455519,0
75579,-0.40010518153,0
75580,-0.604129691908,0
75581,-0.44890301245,0
75582,-0.520046778719,0
75583,-0.936857921253,0
75584,-0.641949747947,0
75585,-0.595575051058,0
75586,-1.02191927935,0
75587,-1.06450834032,0
75588,-0.748327784605,0
75589,-0.770639880427,0
75590,-1.08345394716,0
75591,-1.05790944679,0
75592,-1.29446056661,0
75593,-1.27526325822,0
75594,-1.02409590599,0
75595,-1.02360580232,0
75596,-1.19747894779,0
75597,-1.11599877295,0
75598,-1.48955009923,0
75599,-1.19683420002,0
75600,-1.66705472853,0
75601,-1.601332434,0
75602,-1.38707143774,0
75603,-1.58458421927,0
75604,-1.76174964809,0
75605,-1.91239957218,0
75606,-1.63643571548,0
75607,-2.00346718531,0
75608,-1.93221930548,0
75609,-1.89053185006,0
75610,-1.74886589849,0
75611,-2.00434689788,0
75612,-1.9179830736,0
75613,-2.1379007957,0
75614,-2.24301095102,0
75615,-1.96711445946,0
75616,-2.21524102507,0
75617,-2.42910021355,0
75618,-2.4247144274,0
75619,-2.25877725134,0
75620,-2.1465786485,0
75621,-2.51314011098,0
75622,-2.41406744206,0
75623,-2.64401096311,0
75624,-2.67612356027,0
75625,-2.32613572304,0
75626,-2.38971440702,0
75627,-2.34893430214,0
75628,-2.42081335133,0
75629,-2.45670188399,0
75630,-2.64782574829,0
75631,-2.76516084042,0
75632,-2.77432205024,0
75633,-2.55974818257,0
75634,-2.93965107031,0
75635,-2.96084863341,0
75636,-2.56591517967,0
75637,-2.85798568921,0
75638,-2.9139729229,0
75639,-3.02054100348,0
75640,-3.04600658077,0
75641,-2.64239001252,0
75642,-3.0143883375,0
75643,-3.05759089555,0
75644,-2.77429975798,0
75645,-2.75455577985,0
75646,-2.86515610052,0
75647,-2.73701885305,0
75648,-2.93884536008,0
75649,-3.07669993759,0
75650,-2.94745019191,0
75651,-2.6950695197,0
75652,-3.11116484377,0
75653,-2.96568556182,0
75654,-3.0826348382,0
75655,-2.82345409508,0
75656,-3.08517378548,0
75657,-2.69390695727,0
75658,-2.81142831344,0
75659,-2.96397081831,0
75660,-3.04149235542,0
75661,-2.72447692938,0
75662,-2.60677999605,0
75663,-2.59484880596,0
75664,-2.61863380736,0
75665,-2.64387657939,0
75666,-2.78647729604,0
75667,-2.61529484072,0
75668,-2.49249794163,0
75669,-2.70322741928,0
75670,-2.80241648438,0
75671,-2.48540577906,0
75672,-2.46016061423,0
75673,-2.46030185156,0
75674,-2.61561049317,0
75675,-2.68086740687,0
75676,-2.46067664325,0
75677,-2.43424314849,0
75678,-2.30604437029,0
75679,-2.44170725004,0
75680,-2.5133409837,0
75681,-2.48484105489,0
75682,-2.07498332638,0
75683,-2.01851514449,0
75684,-2.3639135254,0
75685,-1.91398553024,0
75686,-1.97328576506,0
75687,-1.83772164571,0
75688,-1.88062574176,0
75689,-1.75659472202,0
75690,-1.73701160183,0
75691,-2.08182837755,0
75692,-1.86283509819,0
75693,-1.77010716417,0
75694,-1.93268662946,0
75695,-1.81029112336,0
75696,-1.86795544662,0
75697,-1.5163265055,0
75698,-1.38329271211,0
75699,-1.51350050972,0
75700,-1.63163229016,0
75701,-1.39882267642,0
75702,-1.37769504341,0
75703,-1.49458832447,0
75704,-1.48936518494,0
75705,-1.1361107588,0
75706,-1.02361426916,0
75707,-1.30806680124,0
75708,-0.932292277128,0
75709,-1.3008188377,0
75710,-0.846035691592,0
75711,-1.09422279236,0
75712,-0.963011195016,0
75713,-1.0677075202,0
75714,-0.885840857939,0
75715,-0.765754644621,0
75716,-0.658740007997,0
75717,-0.934320018658,0
75718,-0.562099371214,0
75719,-0.791880251357,0
75720,-0.773448326221,0
75721,-0.794105114249,0
75722,-0.520139513582,0
75723,-0.714486433892,0
75724,-0.684580273434,0
75725,-0.665810525629,0
75726,-0.602157202997,0
75727,-0.482150114659,0
75728,-0.211189939493,0
75729,-0.357994630341,0
75730,-0.481977848914,0
75731,-0.138780706689,0
75732,-0.15578159975,0
75733,-0.46449819114,0
75734,-0.168006897687,0
75735,-0.0342548260614,0
75736,-0.0321294640113,0
75737,-0.332004757045,0
75738,0.016113958077,0
75739,-0.337568879085,0
75740,-0.00797685597751,0
75741,0.0547181984526,0
75742,-0.114675969996,0
75743,-0.0889811646076,0
75744,-0.312904456478,0
75745,-0.227415782744,0
75746,0.0979759380382,0
75747,0.0361998260103,0
75748,-0.0404866199376,0
75749,-0.303755394327,0
75750,-0.286315779788,0
75751,-0.0478673904958,0
75752,0.0881440354624,0
75753,0.0148546336288,0
75754,-0.12032309026,0
75755,-0.154069136086,0
75756,-0.0805962171762,0
75757,-0.11329743283,0
75758,-0.197244502645,0
75759,-0.376980073999,0
75760,-0.135215033115,0
75761,-0.403605599439,0
75762,-0.236390903316,0
75763,-0.436529273475,0
75764,-0.135148282068,0
75765,-0.427857828753,0
75766,-0.22752403925,0
75767,-0.434590967245,0
75768,-0.432700987026,0
75769,-0.226194808616,0
75770,-0.588975830773,0
75771,-0.480841099928,0
75772,-0.643744387513,0
75773,-0.343183182908,0
75774,-0.632054577334,0
75775,-0.745317515322,0
75776,-0.485142307488,0
75777,-0.401360433753,0
75778,-0.698578640674,0
75779,-0.500273366685,0
75780,-0.704297877063,0
75781,-0.549071197605,0
75782,-0.620214963874,0
75783,-1.03702610641,0
75784,-0.742117933102,0
75785,-0.695743236213,0
75786,-1.1220874645,0
75787,-1.16467652547,0
75788,-0.848495969759,0
75789,-0.870808065582,0
75790,-1.18362213232,0
75791,-1.15807763194,0
75792,-1.39462875177,0
75793,-1.37543144337,0
75794,-1.12426409114,0
75795,-1.12377398747,0
75796,-1.29764713295,0
75797,-1.2161669581,0
75798,-1.58971828439,0
75799,-1.29700238518,0
75800,-1.60575654522,0
75801,-1.54003425069,0
75802,-1.32577325442,0
75803,-1.52328603596,0
75804,-1.70045146478,0
75805,-1.85110138887,0
75806,-1.57513753217,0
75807,-1.942169002,0
75808,-1.87092112217,0
75809,-1.82923366675,0
75810,-1.68756771518,0
75811,-1.94304871457,0
75812,-1.85668489029,0
75813,-2.07660261239,0
75814,-2.18171276771,0
75815,-1.90581627615,0
75816,-2.15394284176,0
75817,-2.36780203024,0
75818,-2.36341624409,0
75819,-2.19747906802,0
75820,-2.08528046519,0
75821,-2.45184192767,0
75822,-2.35276925875,0
75823,-2.5827127798,0
75824,-2.61482537696,0
75825,-2.26483753973,0
75826,-2.32841622371,0
75827,-2.28763611883,0
75828,-2.35951516802,0
75829,-2.39540370068,0
75830,-2.58652756498,0
75831,-2.70386265711,0
75832,-2.71302386693,0
75833,-2.49844999926,0
75834,-2.878352887,0
75835,-2.8995504501,0
75836,-2.50461699636,0
75837,-2.7966875059,0
75838,-2.85267473959,0
75839,-2.95924282016,0
75840,-2.98470839746,0
75841,-2.58109182921,0
75842,-2.95309015418,0
75843,-2.99629271223,0
75844,-2.71300157467,0
75845,-2.69325759654,0
75846,-2.80385791721,0
75847,-2.67572066974,0
75848,-2.87754717677,0
75849,-3.01540175428,0
75850,-2.88615200859,0
75851,-2.63377133639,0
75852,-3.04986666046,0
75853,-2.90438737851,0
75854,-3.02133665489,0
75855,-2.76215591177,0
75856,-3.02387560216,0
75857,-2.63260877396,0
75858,-2.75013013013,0
75859,-2.902672635,0
75860,-2.9801941721,0
75861,-2.66317874607,0
75862,-2.54548181274,0
75863,-2.53355062265,0
75864,-2.55733562405,0
75865,-2.58257839608,0
75866,-2.72517911273,0
75867,-2.55399665741,0
75868,-2.43119975832,0
75869,-2.64192923597,0
75870,-2.74111830106,0
75871,-2.42410759575,0
75872,-2.39886243092,0
75873,-2.39900366824,0
75874,-2.55431230985,0
75875,-2.61956922356,0
75876,-2.39937845993,0
75877,-2.37294496517,0
75878,-2.24474618698,0
75879,-2.38040906673,0
75880,-2.45204280039,0
75881,-2.42354287158,0
75882,-2.01368514307,0
75883,-1.95721696118,0
75884,-2.30261534209,0
75885,-1.85268734693,0
75886,-1.91198758175,0
75887,-1.7764234624,0
75888,-1.81932755844,0
75889,-1.6952965387,0
75890,-1.67571341852,0
75891,-2.02053019424,0
75892,-1.80153691488,0
75893,-1.70880898086,0
75894,-1.87138844615,0
75895,-1.74899294005,0
75896,-1.80665726331,0
75897,-1.45502832219,0
75898,-1.3219945288,0
75899,-1.45220232641,0
75900,-1.57033410685,0
75901,-1.3375244931,0
75902,-1.3163968601,0
75903,-1.43329014116,0
75904,-1.42806700162,0
75905,-1.07481257549,0
75906,-0.962316085852,0
75907,-1.24676861793,0
75908,-0.870994093816,0
75909,-1.23952065439,0
75910,-0.78473750828,0
75911,-1.03292460905,0
75912,-0.901713011704,0
75913,-1.00640933688,0
75914,-0.824542674627,0
75915,-0.704456461309,0
75916,-0.597441824685,0
75917,-0.873021835346,0
75918,-0.500801187902,0
75919,-0.730582068045,0
75920,-0.712150142909,0
75921,-0.732806930937,0
75922,-0.45884133027,0
75923,-0.65318825058,0
75924,-0.623282090122,0
75925,-0.604512342317,0
75926,-0.540859019685,0
75927,-0.420851931347,0
75928,-0.149891756181,0
75929,-0.296696447029,0
75930,-0.420679665602,0
75931,-0.0774825233766,0
75932,-0.0944834164378,0
75933,-0.403200007828,0
75934,-0.106708714375,0
75935,0.0270433572506,0
75936,0.0291687193007,0
75937,-0.270706573733,0
75938,0.0774121413889,0
75939,-0.276270695773,0
75940,0.0533213273345,0
75941,0.116016381765,0
75942,-0.0863486393629,1
75943,-0.142946053274,1
75944,-0.214487424818,1
75945,-0.300150618412,1
75946,-0.398951214019,1
75947,-0.509753819859,1
75948,-0.631285120045,1
75949,-0.762148507212,1
75950,-0.900840131983,1
75951,-1.04576618483,1
75952,-1.19526121172,1
75953,-1.34760725314,1
75954,-1.50105358641,1
75955,-1.65383684455,1
75956,-1.80420128053,1
75957,-1.95041894376,1
75958,-2.09080953737,1
75959,-2.22375972769,1
75960,-2.34774168434,1
75961,-2.46133063761,1
75962,-2.56322125161,1
75963,-2.65224262484,1
75964,-2.72737174589,1
75965,-2.78774524967,1
75966,-2.83266933893,1
75967,-2.86162775727,1
75968,-2.87428772176,1
75969,-2.87050374726,1
75970,-2.85031931825,1
75971,-2.81396638915,1
75972,-2.76186271875,1
75973,-2.69460706943,1
75974,-2.61297232631,1
75975,-2.51789661549,1
75976,-2.4104725233,1
75977,-2.29193454059,1
75978,-2.16364487627,1
75979,-2.02707780314,1
75980,-1.88380271591,1
75981,-1.73546609611,1
75982,-1.58377259115,1
75983,-1.43046542493,1
75984,-1.27730636512,1
75985,-1.12605547741,1
75986,-0.978450899253,1
75987,-0.836188865601,1
75988,-0.700904216237,1
75989,-0.574151608581,1
75990,-0.457387651958,1
75991,-0.35195416861,1
75992,-0.259062773808,1
75993,-0.179780952273,1
75994,-0.115019790907,1
75995,-0.0655235088101,1
75996,-0.0318609049,1
75997,-0.014418821418,1
75998,-0.0133976984332,1
75999,-0.0288092704361,1
76000,-0.154545100049,1
76001,-0.202103939041,1
76002,-0.265007921667,1
76003,-0.342534171062,1
76004,-0.43379177492,1
76005,-0.537732023639,1
76006,-0.653160461826,1
76007,-0.778750614685,1
76008,-0.91305923153,1
76009,-1.05454287126,1
76010,-1.20157563922,1
76011,-1.35246787152,1
76012,-1.50548555232,1
76013,-1.65887024061,1
76014,-1.81085927785,1
76015,-1.95970604396,1
76016,-2.10370002907,1
76017,-2.24118649024,1
76018,-2.37058546739,1
76019,-2.49040993976,1
76020,-2.59928291444,1
76021,-2.69595325037,1
76022,-2.77931003619,1
76023,-2.84839535652,1
76024,-2.90241530011,1
76025,-2.94074908326,1
76026,-2.96295618369,1
76027,-2.96878140294,1
76028,-2.95815779907,1
76029,-2.93120745586,1
76030,-2.88824007993,1
76031,-2.82974944165,1
76032,-2.75640770083,1
76033,-2.66905768244,1
76034,-2.56870319109,1
76035,-2.45649747555,1
76036,-2.33372997588,1
76037,-2.20181150555,1
76038,-2.06225803868,1
76039,-1.91667328889,1
76040,-1.76673027977,1
76041,-1.61415211895,1
76042,-1.46069219658,1
76043,-1.30811403576,1
76044,-1.15817102664,1
76045,-1.01258627685,1
76046,-0.873032809984,1
76047,-0.741114339652,1
76048,-0.618346839984,1
76049,-0.506141124439,1
76050,-0.405786633091,1
76051,-0.318436614702,1
76052,-0.245094873878,1
76053,-0.186604235597,1
76054,-0.143636859673,1
76055,-0.116686516465,1
76056,-0.106062912587,1
76057,-0.111888131846,1
76058,-0.134095232274,1
76059,-0.172429015417,1
76060,-0.226448959009,1
76061,-0.295534279343,1
76062,-0.378891065164,1
76063,-0.475561401096,1
76064,-0.584434375772,1
76065,-0.704258848144,1
76066,-0.833657825288,1
76067,-0.97114428646,1
76068,-1.11513827157,1
76069,-1.26398503768,1
76070,-1.41597407492,1
76071,-1.56935876322,1
76072,-1.72237644401,1
76073,-1.87326867632,1
76074,-2.02030144427,1
76075,-2.161785084,1
76076,-2.29609370085,1
76077,-2.42168385371,1
76078,-2.53711229189,1
76079,-2.64105254061,1
76080,-2.73231014447,1
76081,-2.80983639386,1
76082,-2.87274037649,1
76083,-2.92029921548,1
76084,-2.95196637654,1
76085,-2.96737794854,1
76086,-2.96635682555,1
76087,-2.94891474207,1
76088,-2.91525213816,1
76089,-2.86575585606,1
76090,-2.8009946947,1
76091,-2.72171287316,1
76092,-2.62882147836,1
76093,-2.52338799501,1
76094,-2.40662403839,1
76095,-2.27987143073,1
76096,-2.14458678137,1
76097,-2.00232474772,1
76098,-1.85472016956,1
76099,-1.70346928185,1
76100,-1.55031022204,1
76101,-1.39700305582,1
76102,-1.24530955086,1
76103,-1.09697293107,1
76104,-0.953697843832,1
76105,-0.817130770699,1
76106,-0.688841106379,1
76107,-0.570303123671,1
76108,-0.46287903148,1
76109,-0.367803320659,1
76110,-0.286168577541,1
76111,-0.218912928218,1
76112,-0.16680925782,1
76113,-0.130456328723,1
76114,-0.110271899713,1
76115,-0.106487925208,1
76116,-0.1191478897,1
76117,-0.148106308037,1
76118,-0.193030397304,1
76119,-0.253403901082,1
76120,-0.328533022136,1
76121,-0.417554395361,1
76122,-0.51944500936,1
76123,-0.633033962631,1
76124,-0.757015919278,1
76125,-0.889966109604,1
76126,-1.03035670321,1
76127,-1.17657436644,1
76128,-1.32693880242,1
76129,-1.47972206057,1
76130,-1.63316839383,1
76131,-1.78551443525,1
76132,-1.93500946214,1
76133,-2.07993551499,1
76134,-2.21862713976,1
76135,-2.34949052693,1
76136,-2.47102182711,1
76137,-2.58182443295,1
76138,-2.68062502856,1
76139,-2.76628822215,1
76140,-2.8378295937,1
76141,-2.89442700761,1
76142,-0.147446455245,0
76143,-0.121751649856,0
76144,-0.345674941727,0
76145,-0.260186267992,0
76146,0.0652054527897,0
76147,0.00342934076176,0
76148,-0.0732571051861,0
76149,-0.336525879575,0
76150,-0.319086265036,0
76151,-0.0806378757443,0
76152,0.0553735502138,0
76153,-0.0179158516197,0
76154,-0.153093575508,0
76155,-0.186839621335,0
76156,-0.113366702425,0
76157,-0.146067918078,0
76158,-0.230014987894,0
76159,-0.409750559247,0
76160,-0.167985518364,0
76161,-0.436376084687,0
76162,-0.269161388565,0
76163,-0.469299758723,0
76164,-0.167918767317,0
76165,-0.460628314001,0
76166,-0.260294524498,0
76167,-0.467361452493,0
76168,-0.465471472274,0
76169,-0.258965293864,0
76170,-0.621746316022,0
76171,-0.513611585177,0
76172,-0.676514872761,0
76173,-0.375953668156,0
76174,-0.664825062583,0
76175,-0.77808800057,0
76176,-0.517912792737,0
76177,-0.434130919002,0
76178,-0.731349125922,0
76179,-0.533043851933,0
76180,-0.737068362311,0
76181,-0.581841682853,0
76182,-0.652985449122,0
76183,-1.06979659166,0
76184,-0.77488841835,0
76185,-0.728513721461,0
76186,-1.15485794975,0
76187,-1.19744701072,0
76188,-0.881266455008,0
76189,-0.90357855083,0
76190,-1.21639261756,0
76191,-1.19084811719,0
76192,-1.42739923702,0
76193,-1.40820192862,0
76194,-1.15703457639,0
76195,-1.15654447272,0
76196,-1.3304176182,0
76197,-1.24893744335,0
76198,-1.62248876964,0
76199,-1.32977287043,0
76200,-1.6121335104,0
76201,-1.54641121586,0
76202,-1.3321502196,0
76203,-1.52966300113,0
76204,-1.70682842995,0
76205,-1.85747835404,0
76206,-1.58151449734,0
76207,-1.94854596717,0
76208,-1.87729808734,0
76209,-1.83561063192,0
76210,-1.69394468035,0
76211,-1.94942567975,0
76212,-1.86306185546,0
76213,-2.08297957756,0
76214,-2.18808973288,0
76215,-1.91219324132,0
76216,-2.16031980693,0
76217,-2.37417899541,0
76218,-2.36979320927,0
76219,-2.2038560332,0
76220,-2.09165743036,0
76221,-2.45821889284,0
76222,-2.35914622392,0
76223,-2.85796336503,1
76224,-2.82328559797,1
76225,-2.76133181964,1
76226,-2.67333230606,1
76227,-2.56103454857,1
76228,-2.42666855221,1
76229,-2.27290255238,1
76230,-2.10279002905,1
76231,-1.91970907092,1
76232,-1.72729529343,1
76233,-1.52936964281,1
76234,-1.3298625199,1
76235,-1.13273573036,1
76236,-0.941903811245,1
76237,-0.761156296323,1
76238,-0.594082463586,1
76239,-0.444000059516,1
76240,-0.313889415383,1
76241,-0.206334263929,1
76242,-0.123470431687,1
76243,-0.0669434258184,1
76244,-0.0378757576802,1
76245,-0.0368446520366,1
76246,-0.0638705845485,1
76247,-0.118416875168,1
76248,-0.199400345514,1
76249,-0.305212828589,1
76250,-0.433753103707,1
76251,-0.582468622461,1
76252,-0.748406197144,1
76253,-0.928270645048,1
76254,-1.11849022409,1
76255,-1.31528756035,1
76256,-1.51475465902,1
76257,-1.71293050924,1
76258,-1.90587974174,1
76259,-2.08977077723,1
76260,-2.26095191377,1
76261,-2.4160238422,1
76262,-2.55190714943,1
76263,-2.66590346938,1
76264,-2.755749067,1
76265,-2.81965979149,1
76266,-2.85636650584,1
76267,-2.86514028938,1
76268,-2.84580691261,1
76269,-2.79875029707,1
76270,-2.72490489142,1
76271,-2.62573711522,1
76272,-2.50321623879,1
76273,-2.35977527753,1
76274,-2.19826267715,1
76275,-2.02188574938,1
76276,-1.83414698125,1
76277,-1.63877448281,1
76278,-1.43964795449,1
76279,-1.24072164411,1
76280,-1.04594582357,1
76281,-0.859188344483,1
76282,-0.684157830503,1
76283,-0.524330031621,1
76284,-0.382878802826,1
76285,-0.262613077801,1
76286,-0.16592108922,1
76287,-0.0947229433003,1
76288,-0.0504324903985,1
76289,-0.0339292488206,1
76290,-0.045540939376,1
76291,-0.0850369775088,1
76292,-0.151633052239,1
76293,-0.244006700981,1
76294,-0.360323570965,1
76295,-0.498273845746,1
76296,-0.655118113466,1
76297,-0.827741765995,1
76298,-1.01271684872,1
76299,-1.20637013275,1
76300,-1.40485605775,1
76301,-1.604233097,1
76302,-1.80054202803,1
76303,-1.98988455478,1
76304,-2.16850071979,1
76305,-2.33284356934,1
76306,-2.47964958873,1
76307,-2.60600350902,1
76308,-2.70939619835,1
76309,-2.78777448824,1
76310,-2.83958194525,1
76311,-2.86378977869,1
76312,-2.85991727021,1
76313,-2.82804131996,1
76314,-2.76879491946,1
76315,-2.68335458174,1
76316,-2.57341697809,1
76317,-2.44116524572,1
76318,-2.28922563502,1
76319,-2.12061535761,1
76320,-1.93868267063,1
76321,-1.74704038719,1
76322,-1.54949413323,1
76323,-1.34996677553,1
76324,-1.15242052156,1
76325,-0.960778238124,1
76326,-0.778845551146,1
76327,-0.610235273733,1
76328,-0.458295663033,1
76329,-0.326043930662,1
76330,-0.216106327019,1
76331,-0.130665989293,1
76332,-0.0714195888016,1
76333,-0.0395436385487,1
76334,-0.035671130069,1
76335,-0.0598789635039,1
76336,-0.111686420521,1
76337,-0.190064710404,1
76338,-0.29345739974,1
76339,-0.419811320025,1
76340,-0.566617339412,1
76341,-0.730960188967,1
76342,-0.909576353979,1
76343,-1.09891888073,1
76344,-1.29522781176,1
76345,-1.494604851,1
76346,-1.69309077601,1
76347,-1.88674406004,1
76348,-2.07171914276,1
76349,-2.24434279529,1
76350,-2.40118706301,1
76351,-2.53913733779,1
76352,-2.65545420778,1
76353,-2.74782785652,1
76354,-2.81442393125,1
76355,-2.85391996938,1
76356,-2.86553165994,1
76357,-2.84902841836,1
76358,-2.80473796546,1
76359,-2.73353981954,1
76360,-2.63684783096,1
76361,-2.51658210593,1
76362,-2.37513087714,1
76363,-2.21530307825,1
76364,-2.04027256427,1
76365,-1.85351508518,1
76366,-1.65873926464,1
76367,-1.45981295426,1
76368,-1.26068642595,1
76369,-1.06531392751,1
76370,-0.877575159373,1
76371,-0.701198231603,1
76372,-0.539685631227,1
76373,-0.396244669962,1
76374,-0.273723793534,1
76375,-0.174556017336,1
76376,-0.100710611689,1
76377,-0.0536539961459,1
76378,-0.0343206193751,1
76379,-0.0430944029143,1
76380,-0.0798011172689,1
76381,-0.143711841755,1
76382,-0.233557439382,1
76383,-0.347553759331,1
76384,-0.483437066562,1
76385,-0.638508994987,1
76386,-0.809690131531,1
76387,-0.993581167013,1
76388,-1.18653039951,1
76389,-1.38470624974,1
76390,-1.58417334841,1
76391,-1.78097068467,1
76392,-1.97119026371,1
76393,-2.15105471161,1
76394,-2.3169922863,1
76395,-2.46570780505,1
76396,-2.59424808017,1
76397,-2.70006056324,1
76398,-2.78104403359,1
76399,-2.83559032421,1
76400,-2.70732012703,1
76401,-2.70628902139,1
76402,-2.67722135325,1
76403,-2.62069434738,1
76404,-2.53783051514,1
76405,-2.43027536369,1
76406,-2.30016471956,1
76407,-2.15008231549,1
76408,-1.98300848275,1
76409,-1.80226096783,1
76410,-1.61142904872,1
76411,-1.41430225917,1
76412,-1.21479513626,1
76413,-1.01686948564,1
76414,-0.824455708151,1
76415,-0.641374750023,1
76416,-0.471262226693,1
76417,-0.317496226856,1
76418,-0.183130230503,1
76419,-0.0708324730127,1
76420,0.0171670405693,1
76421,0.0791208188987,1
76422,0.113798585955,1
76423,-2.43379361529,0
76424,-2.46590621244,0
76425,-2.11591837521,0
76426,-2.17949705919,0
76427,-2.13871695431,0
76428,-2.21059600351,0
76429,-2.24648453616,0
76430,-2.43760840047,0
76431,-2.5549434926,0
76432,-2.56410470242,0
76433,-2.34953083474,0
76434,-2.72943372248,0
76435,-2.75063128558,0
76436,-2.35569783184,0
76437,-2.64776834139,0
76438,-2.70375557507,0
76439,-2.81032365565,0
76440,-2.83578923295,0
76441,-2.43217266469,0
76442,-2.80417098967,0
76443,-2.84737354772,0
76444,-2.56408241015,0
76445,-2.54433843202,0
76446,-2.6549387527,0
76447,-2.52680150522,0
76448,-2.72862801225,0
76449,-2.86648258977,0
76450,-2.73723284408,0
76451,-2.48485217187,0
76452,-2.90094749595,0
76453,-2.755468214,0
76454,-2.87241749038,0
76455,-2.61323674726,0
76456,-2.87495643765,0
76457,-2.48368960944,0
76458,-2.60121096561,0
76459,-2.75375347048,0
76460,-2.83127500759,0
76461,-2.51425958156,0
76462,-2.39656264823,0
76463,-2.38463145813,0
76464,-2.40841645954,0
76465,-2.43365923157,0
76466,-2.57625994821,0
76467,-2.4050774929,0
76468,-2.28228059381,0
76469,-2.49301007146,0
76470,-2.59219913655,0
76471,-2.27518843124,0
76472,-2.2499432664,0
76473,-2.25008450373,0
76474,-2.40539314534,0
76475,-2.47065005905,0
76476,-2.25045929542,0
76477,-2.22402580066,0
76478,-2.09582702246,0
76479,-2.23148990221,0
76480,-2.30312363587,0
76481,-2.27462370707,0
76482,-1.86476597855,0
76483,-1.80829779667,0
76484,-2.15369617758,0
76485,-1.70376818242,0
76486,-1.76306841723,0
76487,-1.62750429789,0
76488,-1.67040839393,0
76489,-1.54637737419,0
76490,-1.526794254,0
76491,-1.87161102972,0
76492,-1.65261775037,0
76493,-1.55988981634,0
76494,-1.72246928164,0
76495,-1.60007377553,0
76496,-1.6577380988,0
76497,-1.30610915768,0
76498,-1.17307536428,0
76499,-1.3032831619,0
76500,-1.42141494234,0
76501,-1.18860532859,0
76502,-1.16747769558,0
76503,-1.28437097664,0
76504,-1.27914783711,0
76505,-0.925893410974,0
76506,-0.813396921339,0
76507,-1.09784945342,0
76508,-0.722074929303,0
76509,-1.09060148988,0
76510,-0.635818343767,0
76511,-0.88400544454,0
76512,-0.752793847191,0
76513,-0.857490172371,0
76514,-0.675623510114,0
76515,-0.555537296796,0
76516,-0.448522660172,0
76517,-0.724102670833,0
76518,-0.351882023389,0
76519,-0.581662903532,0
76520,-0.563230978396,0
76521,-0.583887766424,0
76522,-0.309922165758,0
76523,-0.504269086067,0
76524,-0.474362925609,0
76525,-0.455593177804,0
76526,-0.391939855172,0
76527,-0.271932766834,0
76528,-0.000972591667846,0
76529,-0.147777282516,0
76530,-0.271760501089,0
76531,0.0714366411363,0
76532,0.0544357480752,0
76533,-0.254280843315,0
76534,0.0422104501379,0
76535,0.175962521763,0
76536,0.178087883814,0
76537,-0.12178740922,0
76538,0.226331305902,0
76539,-0.12735153126,0
76540,0.202240491847,0
76541,0.264935546278,0
76542,0.0955413778289,0
76543,0.121236183217,0
76544,-0.102687108653,0
76545,-0.0171984349191,0
76546,0.308193285863,0
76547,0.246417173835,0
76548,0.169730727887,0
76549,-0.0935380465018,0
76550,-0.0760984319627,0
76551,0.162349957329,0
76552,0.298361383287,0
76553,0.225071981454,0
76554,0.0898942575649,0
76555,0.0561482117386,0
76556,0.129621130649,0
76557,0.0969199149954,0
76558,0.0129728451797,0
76559,-0.166762726174,0
76560,0.0750023147096,0
76561,-0.193388251614,0
76562,-0.0261735554911,0
76563,-0.22631192565,0
76564,0.0750690657566,0
76565,-0.217640480928,0
76566,-0.0173066914248,0
76567,-0.22437361942,0
76568,-0.222483639201,0
76569,-0.0159774607909,0
76570,-0.378758482948,0
76571,-0.270623752103,0
76572,-0.433527039688,0
76573,-0.132965835083,0
76574,-0.421837229509,0
76575,-0.535100167497,0
76576,-0.274924959663,0
76577,-0.191143085929,0
76578,-0.488361292849,0
76579,-0.29005601886,0
76580,-0.494080529238,0
76581,-0.33885384978,0
76582,-0.409997616049,0
76583,-0.826808758583,0
76584,-0.531900585277,0
76585,-0.485525888388,0
76586,-0.911870116676,0
76587,-0.954459177646,0
76588,-0.638278621935,0
76589,-0.660590717757,0
76590,-0.97340478449,0
76591,-0.94786028412,0
76592,-1.18441140394,0
76593,-1.16521409555,0
76594,-0.914046743317,0
76595,-0.913556639647,0
76596,-1.08742978512,0
76597,-1.00594961028,0
76598,-1.37950093656,0
76599,-1.08678503735,0
76600,-1.43589926131,0
76601,-1.37017696678,0
76602,-1.15591597051,0
76603,-1.35342875205,0
76604,-1.53059418087,0
76605,-1.68124410496,0
76606,-1.40528024826,0
76607,-1.77231171809,0
76608,-1.70106383826,0
76609,-1.65937638284,0
76610,-1.51771043127,0
76611,-1.77319143066,0
76612,-1.68682760638,0
76613,-1.90674532848,0
76614,-2.0118554838,0
76615,-1.73595899224,0
76616,-1.98408555785,0
76617,-2.19794474633,0
76618,-2.19355896018,0
76619,-2.02762178411,0
76620,-1.91542318128,0
76621,-2.28198464376,0
76622,-2.18291197484,0
76623,-2.41285549589,0
76624,-2.44496809305,0
76625,-2.09498025582,0
76626,-2.1585589398,0
76627,-2.11777883492,0
76628,-2.18965788411,0
76629,-2.22554641677,0
76630,-2.41667028107,0
76631,-2.5340053732,0
76632,-2.54316658302,0
76633,-2.32859271535,0
76634,-2.70849560309,0
76635,-2.72969316619,0
76636,-2.33475971245,0
76637,-2.62683022199,0
76638,-2.68281745568,0
76639,-2.78938553625,0
76640,-2.81485111355,0
76641,-2.4112345453,0
76642,-2.78323287027,0
76643,-2.82643542832,0
76644,-2.54314429076,0
76645,-2.52340031263,0
76646,-2.6340006333,0
76647,-2.50586338583,0
76648,-2.70768989286,0
76649,-2.84554447037,0
76650,-2.71629472468,0
76651,-2.46391405248,0
76652,-2.88000937655,0
76653,-2.7345300946,0
76654,-2.85147937098,0
76655,-2.59229862786,0
76656,-2.85401831825,0
76657,-2.46275149005,0
76658,-2.58027284622,0
76659,-2.73281535109,0
76660,-2.81033688819,0
76661,-2.49332146216,0
76662,-2.37562452883,0
76663,-2.36369333874,0
76664,-2.38747834014,0
76665,-2.41272111217,0
76666,-2.55532182882,0
76667,-2.3841393735,0
76668,-2.26134247441,0
76669,-2.47207195206,0
76670,-2.57126101715,0
76671,-2.25425031184,0
76672,-2.22900514701,0
76673,-2.22914638433,0
76674,-2.38445502594,0
76675,-2.44971193965,0
76676,-2.22952117602,0
76677,-2.20308768126,0
76678,-2.07488890307,0
76679,-2.21055178282,0
76680,-2.28218551648,0
76681,-2.25368558767,0
76682,-1.84382785916,0
76683,-1.78735967727,0
76684,-2.13275805818,0
76685,-1.68283006302,0
76686,-1.74213029784,0
76687,-1.60656617849,0
76688,-1.64947027453,0
76689,-1.52543925479,0
76690,-1.50585613461,0
76691,-1.85067291033,0
76692,-1.63167963097,0
76693,-1.53895169695,0
76694,-1.70153116224,0
76695,-1.57913565614,0
76696,-1.6367999794,0
76697,-1.28517103828,0
76698,-1.15213724489,0
76699,-1.2823450425,0
76700,-1.40047682294,0
76701,-1.16766720919,0
76702,-1.14653957619,0
76703,-1.26343285725,0
76704,-1.25820971771,0
76705,-0.904955291576,0
76706,-0.792458801942,0
76707,-1.07691133402,0
76708,-0.701136809906,0
76709,-1.06966337048,0
76710,-0.61488022437,0
76711,-0.863067325143,0
76712,-0.731855727794,0
76713,-0.836552052974,0
76714,-0.654685390717,0
76715,-0.534599177399,0
76716,-0.427584540775,0
76717,-0.703164551436,0
76718,-0.330943903992,0
76719,-0.560724784135,0
76720,-0.542292858999,0
76721,-0.562949647027,0
76722,-0.28898404636,0
76723,-0.48333096667,0
76724,-0.453424806212,0
76725,-0.434655058407,0
76726,-0.371001735774,0
76727,-0.250994647437,0
76728,0.0199655277293,0
76729,-0.126839163119,0
76730,-0.250822381692,0
76731,0.0923747605334,0
76732,0.0753738674723,0
76733,-0.233342723918,0
76734,0.063148569535,0
76735,0.196900641161,0
76736,0.199026003211,0
76737,-0.100849289823,0
76738,0.247269425299,0
76739,-0.106413411863,0
76740,0.223178611245,0
76741,0.285873665675,0
76742,0.116479497226,0
76743,0.142174302614,0
76744,-0.0817489892561,0
76745,0.00373968447807,0
76746,0.32913140526,0
76747,0.267355293232,0
76748,0.190668847284,0
76749,-0.0725999271046,0
76750,-0.0551603125656,0
76751,0.183288076726,0
76752,0.319299502684,0
76753,0.246010100851,0
76754,0.110832376962,0
76755,0.0770863311358,0
76756,0.150559250046,0
76757,0.117858034393,0
76758,0.0339109645768,0
76759,-0.145824606777,0
76760,0.0959404341068,0
76761,-0.172450132217,0
76762,-0.00523543609395,0
76763,-0.205373806253,0
76764,0.0960071851537,0
76765,-0.19670236153,0
76766,0.00363142797231,0
76767,-0.203435500023,0
76768,-0.201545519804,0
76769,0.00496065860626,0
76770,-0.357820363551,0
76771,-0.249685632706,0
76772,-0.412588920291,0
76773,-0.112027715686,0
76774,-0.400899110112,0
76775,-0.5141620481,0
76776,-0.253986840266,0
76777,-0.170204966531,0
76778,-0.467423173452,0
76779,-0.269117899463,0
76780,-0.473142409841,0
76781,-0.317915730383,0
76782,-0.389059496652,0
76783,-0.805870639185,0
76784,-0.51096246588,0
76785,-0.464587768991,0
76786,-0.890931997279,0
76787,-0.933521058249,0
76788,-0.617340502537,0
76789,-0.63965259836,0
76790,-0.952466665093,0
76791,-0.926922164723,0
76792,-1.16347328455,0
76793,-1.14427597615,0
76794,-0.89310862392,0
76795,-0.89261852025,0
76796,-1.06649166573,0
76797,-0.985011490882,0
76798,-1.35856281717,0
76799,-1.06584691796,0
76800,-1.33074298593,0
76801,-1.26502069139,0
76802,-1.05075969513,0
76803,-1.24827247667,0
76804,-1.42543790548,0
76805,-1.57608782957,0
76806,-1.30012397287,0
76807,-1.66715544271,0
76808,-1.59590756287,0
76809,-1.55422010745,0
76810,-1.41255415589,0
76811,-1.66803515528,0
76812,-1.581671331,0
76813,-1.80158905309,0
76814,-1.90669920841,0
76815,-1.63080271685,0
76816,-1.87892928247,0
76817,-2.09278847094,0
76818,-2.0884026848,0
76819,-1.92246550873,0
76820,-1.81026690589,0
76821,-2.17682836837,0
76822,-2.07775569946,0
76823,-2.3076992205,0
76824,-2.33981181766,0
76825,-1.98982398043,0
76826,-2.05340266441,0
76827,-2.01262255953,0
76828,-2.08450160873,0
76829,-2.12039014138,0
76830,-2.31151400569,0
76831,-2.42884909782,0
76832,-2.43801030764,0
76833,-2.22343643996,0
76834,-2.6033393277,0
76835,-2.6245368908,0
76836,-2.22960343706,0
76837,-2.52167394661,0
76838,-2.57766118029,0
76839,-2.68422926087,0
76840,-2.70969483817,0
76841,-2.30607826991,0
76842,-2.67807659489,0
76843,-2.72127915294,0
76844,-2.43798801537,0
76845,-2.41824403724,0
76846,-2.52884435792,0
76847,-2.40070711044,0
76848,-2.60253361747,0
76849,-2.74038819499,0
76850,-2.6111384493,0
76851,-2.35875777709,0
76852,-2.77485310116,0
76853,-2.62937381921,0
76854,-2.74632309559,0
76855,-2.48714235248,0
76856,-2.74886204287,0
76857,-2.35759521466,0
76858,-2.47511657083,0
76859,-2.6276590757,0
76860,-2.70518061281,0
76861,-2.38816518677,0
76862,-2.27046825345,0
76863,-2.25853706335,0
76864,-2.28232206475,0
76865,-2.30756483679,0
76866,-2.45016555343,0
76867,-2.27898309812,0
76868,-2.15618619903,0
76869,-2.36691567667,0
76870,-2.46610474177,0
76871,-2.14909403645,0
76872,-2.12384887162,0
76873,-2.12399010895,0
76874,-2.27929875056,0
76875,-2.34455566427,0
76876,-2.12436490064,0
76877,-2.09793140588,0
76878,-1.96973262768,0
76879,-2.10539550743,0
76880,-2.17702924109,0
76881,-2.14852931229,0
76882,-1.73867158377,0
76883,-1.68220340189,0
76884,-2.0276017828,0
76885,-1.57767378764,0
76886,-1.63697402245,0
76887,-1.5014099031,0
76888,-1.54431399915,0
76889,-1.42028297941,0
76890,-1.40069985922,0
76891,-1.74551663494,0
76892,-1.52652335559,0
76893,-1.43379542156,0
76894,-1.59637488685,0
76895,-1.47397938075,0
76896,-1.53164370401,0
76897,-1.1800147629,0
76898,-1.0469809695,0
76899,-1.17718876711,0
76900,-1.29532054756,0
76901,-1.06251093381,0
76902,-1.0413833008,0
76903,-1.15827658186,0
76904,-1.15305344233,0
76905,-0.799799016192,0
76906,-0.687302526558,0
76907,-0.971755058635,0
76908,-0.595980534522,0
76909,-0.964507095098,0
76910,-0.509723948985,0
76911,-0.757911049758,0
76912,-0.626699452409,0
76913,-0.731395777589,0
76914,-0.549529115333,0
76915,-0.429442902014,0
76916,-0.32242826539,0
76917,-0.598008276052,0
76918,-0.225787628607,0
76919,-0.455568508751,0
76920,-0.437136583614,0
76921,-0.457793371643,0
76922,-0.183827770976,0
76923,-0.378174691286,0
76924,-0.348268530827,0
76925,-0.329498783022,0
76926,-0.26584546039,0
76927,-0.145838372053,0
76928,0.125121803114,0
76929,-0.0216828877342,0
76930,-0.145666106307,0
76931,0.197531035918,0
76932,0.180530142857,0
76933,-0.128186448534,0
76934,0.168304844919,0
76935,0.302056916545,0
76936,0.304182278595,0
76937,0.00430698556132,0
76938,0.352425700683,0
76939,-0.00125713647908,0
76940,0.328334886629,0
76941,0.391029941059,0
76942,0.22163577261,0
76943,0.247330577999,0
76944,0.0234072861282,0
76945,0.108895959862,0
76946,0.434287680645,0
76947,0.372511568617,0
76948,0.295825122669,0
76949,0.0325563482796,0
76950,0.0499959628187,0
76951,0.288444352111,0
76952,0.424455778069,0
76953,0.351166376235,0
76954,0.215988652346,0
76955,0.18224260652,0
76956,0.25571552543,0
76957,0.223014309777,0
76958,0.139067239961,0
76959,-0.0406683313924,0
76960,0.201096709491,0
76961,-0.0672938568325,0
76962,0.0999208392903,0
76963,-0.100217530869,0
76964,0.201163460538,0
76965,-0.0915460861462,0
76966,0.108787703357,0
76967,-1.55089395021,1
76968,-1.6726590036,1
76969,-1.79016459662,1
76970,-1.90241828136,1
76971,-2.0084719673,1
76972,-2.10742992893,1
76973,-2.19845637093,1
76974,-2.28078248731,1
76975,-2.35371295473,1
76976,-2.41663180513,1
76977,-2.46900762821,1
76978,-2.5103980597,1
76979,-2.54045351754,1
76980,-2.55892015442,1
76981,-2.56564200182,1
76982,-2.56056228726,1
76983,-2.54372391382,1
76984,-2.51526909778,1
76985,-2.47543816748,1
76986,-2.42456753349,1
76987,-2.36308684731,1
76988,-2.29151537256,1
76989,-2.21045759929,1
76990,-2.12059813847,1
76991,-2.02269593981,1
76992,-1.91757788168,1
76993,-1.80613178733,1
76994,-1.68929892639,1
76995,-1.56806606491,1
76996,-1.44345713118,1
76997,-1.31652456767,1
76998,-1.18834044216,1
76999,-1.05998739305,1
77000,-1.07247713999,1
77001,-0.94703070986,1
77002,-0.824635273101,1
77003,-0.706324577074,1
77004,-0.593097869572,1
77005,-0.485911459205,1
77006,-0.385670638459,1
77007,-0.293222037621,1
77008,-0.209346474178,1
77009,-0.134752358058,1
77010,-0.0700697084234,1
77011,-0.0158448325578,1
77012,0.0274642882298,1
77013,0.0594918666965,1
77014,0.0799673990911,1
77015,0.0887179498195,1
77016,0.0856696120516,1
77017,0.0708481319362,1
77018,0.0443786911498,1
77019,0.00648484961691,1
77020,-0.0425133426693,1
77021,-0.102202048777,1
77022,-0.172077140087,1
77023,-0.251548454146,1
77024,-0.339944779154,1
77025,-0.436519523,1
77026,-0.540457018943,1
77027,-0.650879414713,1
77028,-0.766854086812,1
77029,-0.887401517419,1
77030,-1.01150356737,1
77031,-1.1381120753,1
77032,-1.26615771041,1
77033,-1.39455900396,1
77034,-1.52223148336,1
77035,-1.64809683153,1
77036,-1.77109199437,1
77037,-1.89017815924,1
77038,-2.00434952877,1
77039,-2.11264181578,1
77040,-2.21414038759,1
77041,-2.30798799098,1
77042,-2.39339199254,1
77043,-2.46963107323,1
77044,-2.53606132055,1
77045,-2.59212166709,1
77046,-2.63733862922,1
77047,-2.67133030613,1
77048,-2.69380960538,1
77049,-2.70458666762,1
77050,-2.70357047018,1
77051,-2.69076959584,1
77052,-2.6662921603,1
77053,-2.63034489909,1
77054,-2.58323142145,1
77055,-2.52534964609,1
77056,-2.45718844035,1
77057,-2.37932349127,1
77058,-2.29241244336,1
77059,-2.19718934412,1
77060,-2.09445844436,1
77061,-1.98508740549,1
77062,-1.86999997127,1
77063,-1.75016816594,1
77064,-1.62660408455,1
77065,-1.50035134477,1
77066,-1.3724762726,1
77067,-1.24405889622,1
77068,-1.11618382405,1
77069,-0.989931084273,1
77070,-0.866367002877,1
77071,-0.746535197556,1
77072,-0.631447763336,1
77073,-0.522076724459,1
77074,-0.4193458247,1
77075,-0.324122725463,1
77076,-0.237211677548,1
77077,-0.159346728471,1
77078,-0.0911855227314,1
77079,-0.0333037473686,1
77080,0.0138097302693,1
77081,0.049756991481,1
77082,0.0742344270192,1
77083,0.0870353013626,1
77084,0.0880514987967,1
77085,0.0772744365555,1
77086,0.0547951373105,1
77087,0.0208034603974,1
77088,-0.0244135017295,1
77089,-0.0804738482694,1
77090,-0.146904095595,1
77091,-0.223143176278,1
77092,-0.308547177845,1
77093,-0.402394781235,1
77094,-0.503893353038,1
77095,-0.612185640047,1
77096,-0.726357009583,1
77097,-0.845443174455,1
77098,-0.968438337289,1
77099,-1.09430368546,1
77100,-1.22197616486,1
77101,-1.35037745842,1
77102,-1.47842309353,1
77103,-1.60503160146,1
77104,-1.7291336514,1
77105,-1.84968108201,1
77106,-1.96565575411,1
77107,-2.07607814988,1
77108,-2.18001564582,1
77109,-2.27659038967,1
77110,-2.36498671468,1
77111,-2.44445802873,1
77112,-2.51433312004,1
77113,-2.57402182615,1
77114,-2.62302001844,1
77115,-2.66091385997,1
77116,-2.68738330076,1
77117,-2.70220478087,1
77118,-2.70525311864,1
77119,-2.69650256791,1
77120,-2.67602703552,1
77121,-2.64399945705,1
77122,-2.60069033626,1
77123,-2.5464654604,1
77124,-2.48178281076,1
77125,-2.40718869464,1
77126,-2.3233131312,1
77127,-2.23086453036,1
77128,-2.13062370962,1
77129,-2.02343729925,1
77130,-1.91021059175,1
77131,-1.79189989572,1
77132,-1.66950445896,1
77133,-1.54405802883,1
77134,-1.41662012127,1
77135,-1.28826707217,1
77136,-1.16008294665,1
77137,-1.03315038314,1
77138,-0.908541449411,1
77139,-0.787308587927,1
77140,-0.670475726987,1
77141,-0.559029632643,1
77142,-0.453911574511,1
77143,-0.35600937585,1
77144,-0.266149915032,1
77145,-0.185092141762,1
77146,-0.113520667015,1
77147,-0.0520399808357,1
77148,-0.00116934684242,1
77149,0.0386615834598,1
77150,0.0671163994968,1
77151,0.083954772938,1
77152,0.0890344874999,1
77153,0.0823126400999,1
77154,0.0638460032142,1
77155,0.0337905453795,1
77156,-0.00759988611171,1
77157,-0.0599757091956,1
77158,-0.122894559595,1
77159,-0.195825027011,1
77160,-0.278151143394,1
77161,-0.369177585392,1
77162,-0.468135547019,1
77163,-0.574189232967,1
77164,-0.686442917701,1
77165,-0.803948510724,1
77166,-0.925713564114,1
77167,-0.238206879138,0
77168,-0.236316898919,0
77169,-0.029810720509,0
77170,-0.392591742666,0
77171,-0.284457011821,0
77172,-0.447360299406,0
77173,-0.146799094801,0
77174,-0.435670489227,0
77175,-0.548933427215,0
77176,-0.288758219381,0
77177,-0.204976345647,0
77178,-0.502194552567,0
77179,-0.303889278578,0
77180,-0.507913788956,0
77181,-0.352687109498,0
77182,-0.423830875767,0
77183,-0.840642018301,0
77184,-0.545733844995,0
77185,-0.499359148106,0
77186,-0.925703376394,0
77187,-0.968292437364,0
77188,-0.652111881653,0
77189,-0.674423977475,0
77190,-0.987238044209,0
77191,-0.961693543838,0
77192,-1.19824466366,0
77193,-1.17904735527,0
77194,-0.927880003035,0
77195,-0.927389899365,0
77196,-1.10126304484,0
77197,-1.01978287,0
77198,-1.39333419628,0
77199,-1.10061829707,0
77200,-1.5524885942,0
77201,-1.48676629967,0
77202,-1.2725053034,0
77203,-1.47001808494,0
77204,-1.64718351376,0
77205,-1.79783343785,0
77206,-1.52186958115,0
77207,-1.88890105098,0
77208,-1.81765317115,0
77209,-1.77596571572,0
77210,-1.63429976416,0
77211,-1.88978076355,0
77212,-1.80341693927,0
77213,-2.02333466136,0
77214,-2.12844481669,0
77215,-1.85254832513,0
77216,-2.10067489074,0
77217,-2.31453407922,0
77218,-2.31014829307,0
77219,-2.144211117,0
77220,-2.03201251417,0
77221,-2.39857397665,0
77222,-2.29950130773,0
77223,-2.52944482878,0
77224,-2.56155742593,0
77225,-2.21156958871,0
77226,-2.27514827268,0
77227,-2.23436816781,0
77228,-2.306247217,0
77229,-2.34213574965,0
77230,-2.53325961396,0
77231,-2.65059470609,0
77232,-2.65975591591,0
77233,-2.44518204824,0
77234,-2.82508493597,0
77235,-2.84628249908,0
77236,-2.45134904534,0
77237,-2.74341955488,0
77238,-2.79940678857,0
77239,-2.90597486914,0
77240,-2.93144044644,0
77241,-2.52782387819,0
77242,-2.89982220316,0
77243,-2.94302476121,0
77244,-2.65973362364,0
77245,-2.63998964551,0
77246,-2.75058996619,0
77247,-2.62245271872,0
77248,-2.82427922575,0
77249,-2.96213380326,0
77250,-2.83288405757,0
77251,-2.58050338537,0
77252,-2.99659870944,0
77253,-2.85111942749,0
77254,-2.96806870387,0
77255,-2.70888796075,0
77256,-2.97060765114,0
77257,-2.57934082294,0
77258,-2.69686217911,0
77259,-2.84940468398,0
77260,-2.92692622108,0
77261,-2.60991079505,0
77262,-2.49221386172,0
77263,-2.48028267163,0
77264,-2.50406767303,0
77265,-2.52931044506,0
77266,-2.6719111617,0
77267,-2.50072870639,0
77268,-2.3779318073,0
77269,-2.58866128495,0
77270,-2.68785035004,0
77271,-2.37083964473,0
77272,-2.3455944799,0
77273,-2.34573571722,0
77274,-2.50104435883,0
77275,-2.56630127254,0
77276,-2.34611050891,0
77277,-2.31967701415,0
77278,-2.19147823596,0
77279,-2.32714111571,0
77280,-2.39877484937,0
77281,-2.37027492056,0
77282,-1.96041719204,0
77283,-1.90394901016,0
77284,-2.24934739107,0
77285,-1.79941939591,0
77286,-1.85871963072,0
77287,-1.72315551138,0
77288,-1.76605960742,0
77289,-1.64202858768,0
77290,-1.6224454675,0
77291,-1.96726224322,0
77292,-1.74826896386,0
77293,-1.65554102984,0
77294,-1.81812049513,0
77295,-1.69572498903,0
77296,-1.75338931229,0
77297,-1.40176037117,0
77298,-1.26872657777,0
77299,-1.39893437539,0
77300,-1.51706615583,0
77301,-1.28425654208,0
77302,-1.26312890908,0
77303,-1.38002219014,0
77304,-1.3747990506,0
77305,-1.02154462447,0
77306,-0.909048134831,0
77307,-1.19350066691,0
77308,-0.817726142795,0
77309,-1.18625270337,0
77310,-0.731469557259,0
77311,-0.979656658032,0
77312,-0.848445060683,0
77313,-0.953141385863,0
77314,-0.771274723606,0
77315,-0.651188510288,0
77316,-0.544173873664,0
77317,-0.819753884325,0
77318,-0.447533236881,0
77319,-0.677314117024,0
77320,-0.658882191888,0
77321,-0.679538979916,0
77322,-0.40557337925,0
77323,-0.59992029956,0
77324,-0.570014139101,0
77325,-0.551244391296,0
77326,-0.487591068664,0
77327,-0.367583980327,0
77328,-0.0966238051599,0
77329,-0.243428496008,0
77330,-0.367411714581,0
77331,-0.0242145723558,0
77332,-0.0412154654169,0
77333,-0.349932056807,0
77334,-0.0534407633542,0
77335,0.0803113082714,0
77336,0.0824366703215,0
77337,-0.217438622712,0
77338,0.13068009241,0
77339,-0.223002744753,0
77340,0.106589278355,0
77341,0.169284332785,0
77342,-0.000109835663192,0
77343,0.0255849697253,0
77344,-0.198338322145,0
77345,-0.112849648411,0
77346,0.212542072371,0
77347,0.150765960343,0
77348,0.0740795143953,0
77349,-0.189189259994,0
77350,-0.171749645455,0
77351,0.0666987438371,0
77352,0.202710169795,0
77353,0.129420767962,0
77354,-0.00575695592715,0
77355,-0.0395030017534,0
77356,0.0339699171566,0
77357,0.00126870150329,0
77358,-0.0826783683124,0
77359,-0.262413939666,0
77360,-0.0206488987824,0
77361,-0.289039465106,0
77362,-0.121824768983,0
77363,-0.321963139142,0
77364,-0.0205821477355,0
77365,-0.31329169442,0
77366,-0.112957904917,0
77367,-0.320024832912,0
77368,-0.318134852693,0
77369,-0.111628674283,0
77370,-0.47440969644,0
77371,-0.366274965595,0
77372,-0.52917825318,0
77373,-0.228617048575,0
77374,-0.517488443001,0
77375,-0.630751380989,0
77376,-0.370576173155,0
77377,-0.286794299421,0
77378,-0.584012506341,0
77379,-0.385707232352,0
77380,-0.58973174273,0
77381,-0.434505063272,0
77382,-0.505648829541,0
77383,-0.922459972075,0
77384,-0.627551798769,0
77385,-0.58117710188,0
77386,-1.00752133017,0
77387,-1.05011039114,0
77388,-0.733929835427,0
77389,-0.756241931249,0
77390,-1.06905599798,0
77391,-1.04351149761,0
77392,-1.28006261744,0
77393,-1.26086530904,0
77394,-1.00969795681,0
77395,-1.00920785314,0
77396,-1.18308099861,0
77397,-1.10160082377,0
77398,-1.47515215006,0
77399,-1.18243625085,0
77400,-1.65033545958,0
77401,-1.58461316505,0
77402,-1.37035216878,0
77403,-1.56786495032,0
77404,-1.74503037914,0
77405,-1.89568030323,0
77406,-1.61971644653,0
77407,-1.98674791636,0
77408,-1.91550003653,0
77409,-1.87381258111,0
77410,-1.73214662954,0
77411,-1.98762762893,0
77412,-1.90126380465,0
77413,-2.12118152675,0
77414,-2.22629168207,0
77415,-1.95039519051,0
77416,-2.19852175612,0
77417,-2.4123809446,0
77418,-2.40799515845,0
77419,-2.24205798238,0
77420,-2.12985937955,0
77421,-2.49642084203,0
77422,-2.39734817311,0
77423,-2.62729169416,0
77424,-2.65940429132,0
77425,-2.30941645409,0
77426,-2.37299513807,0
77427,-2.33221503319,0
77428,-2.40409408238,0
77429,-2.43998261504,0
77430,-2.63110647934,0
77431,-2.74844157147,0
77432,-2.75760278129,0
77433,-2.54302891362,0
77434,-2.92293180135,0
77435,-2.94412936446,0
77436,-2.54919591072,0
77437,-2.84126642026,0
77438,-2.89725365395,0
77439,-3.00382173452,0
77440,-3.02928731182,0
77441,-2.62567074357,0
77442,-2.99766906854,0
77443,-3.04087162659,0
77444,-2.75758048903,0
77445,-2.73783651089,0
77446,-2.84843683157,0
77447,-2.7202995841,0
77448,-2.92212609113,0
77449,-3.05998066864,0
77450,-2.93073092295,0
77451,-2.67835025075,0
77452,-3.09444557482,0
77453,-2.94896629287,0
77454,-3.06591556925,0
77455,-2.80673482613,0
77456,-3.06845451652,0
77457,-2.67718768832,0
77458,-2.79470904449,0
77459,-2.94725154936,0
77460,-3.02477308646,0
77461,-2.70775766043,0
77462,-2.5900607271,0
77463,-2.57812953701,0
77464,-2.60191453841,0
77465,-2.62715731044,0
77466,-2.76975802709,0
77467,-2.59857557177,0
77468,-2.47577867268,0
77469,-2.68650815033,0
77470,-2.78569721542,0
77471,-2.46868651011,0
77472,-2.44344134528,0
77473,-2.4435825826,0
77474,-2.59889122421,0
77475,-2.66414813792,0
77476,-2.44395737429,0
77477,-2.41752387953,0
77478,-2.28932510134,0
77479,-2.42498798109,0
77480,-2.49662171475,0
77481,-2.46812178594,0
77482,-2.05826405742,0
77483,-2.00179587554,0
77484,-2.34719425645,0
77485,-1.89726626129,0
77486,-1.95656649611,0
77487,-1.82100237676,0
77488,-1.8639064728,0
77489,-1.73987545306,0
77490,-1.72029233288,0
77491,-2.0651091086,0
77492,-1.84611582924,0
77493,-1.75338789522,0
77494,-1.91596736051,0
77495,-1.79357185441,0
77496,-1.85123617767,0
77497,-1.49960723655,0
77498,-1.36657344316,0
77499,-1.49678124077,0
77500,-1.61491302121,0
77501,-1.38210340746,0
77502,-1.36097577446,0
77503,-1.47786905552,0
77504,-1.47264591598,0
77505,-1.11939148985,0
77506,-1.00689500021,0
77507,-1.29134753229,0
77508,-0.915573008176,0
77509,-1.28409956875,0
77510,-0.82931642264,0
77511,-1.07750352341,0
77512,-0.946291926063,0
77513,-1.05098825124,0
77514,-0.869121588987,0
77515,-0.749035375669,0
77516,-0.642020739044,0
77517,-0.917600749706,0
77518,-0.545380102262,0
77519,-0.775160982405,0
77520,-0.756729057269,0
77521,-0.777385845297,0
77522,-0.50342024463,0
77523,-0.69776716494,0
77524,-0.667861004482,0
77525,-0.649091256676,0
77526,-0.585437934044,0
77527,-0.465430845707,0
77528,-0.194470670541,0
77529,-0.341275361388,0
77530,-0.465258579962,0
77531,-0.122061437736,0
77532,-0.139062330798,0
77533,-0.447778922188,0
77534,-0.151287628735,0
77535,-0.0175355571092,0
77536,-0.0154101950591,0
77537,-0.315285488093,0
77538,0.0328332270291,0
77539,-0.320849610133,0
77540,0.00874241297469,0
77541,0.0714374674048,0
77542,-0.0979567010438,0
77543,-0.0722618956554,0
77544,-0.296185187526,0
77545,-0.210696513792,0
77546,0.11469520699,0
77547,0.0529190949625,0
77548,-0.0237673509854,0
77549,-0.287036125374,0
77550,-0.269596510835,0
77551,-0.0311481215436,0
77552,0.104863304415,0
77553,0.031573902581,0
77554,-0.103603821308,0
77555,-0.137349867134,0
77556,-0.063876948224,0
77557,-0.0965781638773,0
77558,-0.180525233693,0
77559,-0.360260805046,0
77560,-0.118495764163,0
77561,-0.386886330487,0
77562,-0.219671634364,0
77563,-0.419810004523,0
77564,-0.118429013116,0
77565,-0.4111385598,0
77566,-0.210804770298,0
77567,-0.417871698293,0
77568,-0.415981718074,0
77569,-0.209475539664,0
77570,-0.572256561821,0
77571,-0.464121830976,0
77572,-0.627025118561,0
77573,-0.326463913955,0
77574,-0.615335308382,0
77575,-0.72859824637,0
77576,-0.468423038536,0
77577,-0.384641164801,0
77578,-0.681859371722,0
77579,-0.483554097733,0
77580,-0.68757860811,0
77581,-0.532351928653,0
77582,-0.603495694922,0
77583,-1.02030683746,0
77584,-0.72539866415,0
77585,-0.67902396726,0
77586,-1.10536819555,0
77587,-1.14795725652,0
77588,-0.831776700807,0
77589,-0.854088796629,0
77590,-1.16690286336,0
77591,-1.14135836299,0
77592,-1.37790948282,0
77593,-1.35871217442,0
77594,-1.10754482219,0
77595,-1.10705471852,0
77596,-1.280927864,0
77597,-1.19944768915,0
77598,-1.57299901544,0
77599,-1.28028311623,0
77600,-1.52126529279,0
77601,-1.45554299826,0
77602,-1.24128200199,0
77603,-1.43879478353,0
77604,-1.61596021235,0
77605,-1.76661013644,0
77606,-1.49064627974,0
77607,-1.85767774957,0
77608,-1.78642986974,0
77609,-1.74474241431,0
77610,-1.60307646275,0
77611,-1.85855746214,0
77612,-1.77219363786,0
77613,-1.99211135995,0
77614,-2.09722151528,0
77615,-1.82132502372,0
77616,-2.06945158933,0
77617,-2.28331077781,0
77618,-2.27892499166,0
77619,-2.11298781559,0
77620,-2.00078921276,0
77621,-2.36735067523,0
77622,-2.26827800632,0
77623,-2.49822152737,0
77624,-2.53033412452,0
77625,-2.1803462873,0
77626,-2.24392497127,0
77627,-2.2031448664,0
77628,-2.27502391559,0
77629,-2.31091244824,0
77630,-2.50203631255,0
77631,-2.61937140468,0
77632,-2.6285326145,0
77633,-2.41395874682,0
77634,-2.79386163456,0
77635,-2.81505919767,0
77636,-2.42012574393,0
77637,-2.71219625347,0
77638,-2.76818348716,0
77639,-2.87475156773,0
77640,-2.90021714503,0
77641,-2.49660057678,0
77642,-2.86859890175,0
77643,-2.9118014598,0
77644,-2.62851032223,0
77645,-2.6087663441,0
77646,-2.71936666478,0
77647,-2.59122941731,0
77648,-2.79305592434,0
77649,-2.93091050185,0
77650,-2.80166075616,0
77651,-2.54928008396,0
77652,-2.96537540803,0
77653,-2.81989612608,0
77654,-2.93684540246,0
77655,-2.67766465934,0
77656,-2.93938434973,0
77657,-2.54811752153,0
77658,-2.6656388777,0
77659,-2.81818138257,0
77660,-2.89570291967,0
77661,-2.57868749364,0
77662,-2.46099056031,0
77663,-2.44905937022,0
77664,-2.47284437162,0
77665,-2.49808714365,0
77666,-2.64068786029,0
77667,-2.46950540498,0
77668,-2.34670850589,0
77669,-2.55743798354,0
77670,-2.65662704863,0
77671,-2.33961634332,0
77672,-2.31437117849,0
77673,-2.31451241581,0
77674,-2.46982105742,0
77675,-2.53507797113,0
77676,-2.3148872075,0
77677,-2.28845371274,0
77678,-2.16025493454,0
77679,-2.2959178143,0
77680,-2.36755154795,0
77681,-2.33905161915,0
77682,-1.92919389063,0
77683,-1.87272570875,0
77684,-2.21812408966,0
77685,-1.7681960945,0
77686,-1.82749632931,0
77687,-1.69193220997,0
77688,-1.73483630601,0
77689,-1.61080528627,0
77690,-1.59122216609,0
77691,-1.93603894181,0
77692,-1.71704566245,0
77693,-1.62431772842,0
77694,-1.78689719372,0
77695,-1.66450168762,0
77696,-1.72216601088,0
77697,-1.37053706976,0
77698,-1.23750327636,0
77699,-1.36771107398,0
77700,-1.48584285442,0
77701,-1.25303324067,0
77702,-1.23190560767,0
77703,-1.34879888873,0
77704,-1.34357574919,0
77705,-0.990321323055,0
77706,-0.877824833421,0
77707,-1.1622773655,0
77708,-0.786502841385,0
77709,-1.15502940196,0
77710,-0.700246255849,0
77711,-0.948433356622,0
77712,-0.817221759273,0
77713,-0.921918084453,0
77714,-0.740051422196,0
77715,-0.619965208878,0
77716,-0.512950572253,0
77717,-0.788530582915,0
77718,-0.416309935471,0
77719,-0.646090815614,0
77720,-0.627658890478,0
77721,-0.648315678506,0
77722,-0.374350077839,0
77723,-0.568696998149,0
77724,-0.538790837691,0
77725,-0.520021089886,0
77726,-0.456367767253,0
77727,-0.336360678916,0
77728,-0.0654005037496,0
77729,-0.212205194597,0
77730,-0.336188413171,0
77731,0.00700872905449,0
77732,-0.00999216400662,0
77733,-0.318708755397,0
77734,-0.0222174619439,0
77735,0.111534609682,0
77736,0.113659971732,0
77737,-0.186215321302,0
77738,0.16190339382,0
77739,-0.191779443342,0
77740,0.137812579766,0
77741,0.200507634196,0
77742,0.0311134657471,0
77743,0.0568082711355,0
77744,-0.167115020735,0
77745,-0.0816263470008,0
77746,0.243765373781,0
77747,0.181989261753,0
77748,0.105302815806,0
77749,-0.157965958584,0
77750,-0.140526344045,0
77751,0.0979220452474,0
77752,0.233933471205,0
77753,0.160644069372,0
77754,0.0254663454831,0
77755,-0.00827970034313,0
77756,0.0651932185669,0
77757,0.0324920029136,0
77758,-0.0514550669021,0
77759,-0.231190638256,0
77760,0.0105744026279,0
77761,-0.257816163696,0
77762,-0.0906014675729,0
77763,-0.290739837732,0
77764,0.0106411536748,0
77765,-0.282068393009,0
77766,-0.0817346035066,0
77767,-0.288801531502,0
77768,-0.286911551283,0
77769,-0.0804053728727,0
77770,-0.44318639503,0
77771,-0.335051664185,0
77772,-0.49795495177,0
77773,-0.197393747164,0
77774,-0.486265141591,0
77775,-0.599528079579,0
77776,-0.339352871745,0
77777,-0.25557099801,0
77778,-0.552789204931,0
77779,-0.354483930942,0
77780,-0.558508441319,0
77781,-0.403281761862,0
77782,-0.474425528131,0
77783,-0.891236670664,0
77784,-0.596328497359,0
77785,-0.54995380047,0
77786,-0.976298028758,0
77787,-1.01888708973,0
77788,-0.702706534016,0
77789,-0.725018629838,0
77790,-1.03783269657,0
77791,-1.0122881962,0
77792,-1.24883931603,0
77793,-1.22964200763,0
77794,-0.978474655399,0
77795,-0.977984551729,0
77796,-1.1518576972,0
77797,-1.07037752236,0
77798,-1.44392884865,0
77799,-1.15121294944,0
77800,-1.5385525153,0
77801,-1.47283022077,0
77802,-1.25856922451,0
77803,-1.45608200604,0
77804,-1.63324743486,0
77805,-1.78389735895,0
77806,-1.50793350225,0
77807,-1.87496497208,0
77808,-1.80371709225,0
77809,-1.76202963683,0
77810,-1.62036368526,0
77811,-1.87584468465,0
77812,-1.78948086037,0
77813,-2.00939858247,0
77814,-2.11450873779,0
77815,-1.83861224623,0
77816,-2.08673881184,0
77817,-2.30059800032,0
77818,-2.29621221417,0
77819,-2.13027503811,0
77820,-2.01807643527,0
77821,-2.38463789775,0
77822,-2.28556522883,0
77823,-2.51550874988,0
77824,-2.54762134704,0
77825,-2.19763350981,0
77826,-2.26121219379,0
77827,-2.22043208891,0
77828,-2.2923111381,0
77829,-2.32819967076,0
77830,-2.51932353506,0
77831,-2.63665862719,0
77832,-2.64581983701,0
77833,-2.43124596934,0
77834,-2.81114885708,0
77835,-2.83234642018,0
77836,-2.43741296644,0
77837,-2.72948347598,0
77838,-2.78547070967,0
77839,-2.89203879025,0
77840,-2.91750436754,0
77841,-2.51388779929,0
77842,-2.88588612427,0
77843,-2.92908868232,0
77844,-2.64579754475,0
77845,-2.62605356662,0
77846,-2.73665388729,0
77847,-2.60851663982,0
77848,-2.81034314685,0
77849,-2.94819772436,0
77850,-2.81894797868,0
77851,-2.56656730647,0
77852,-2.98266263054,0
77853,-2.83718334859,0
77854,-2.95413262497,0
77855,-2.69495188185,0
77856,-2.95667157225,0
77857,-2.56540474404,0
77858,-2.68292610021,0
77859,-2.83546860508,0
77860,-2.91299014219,0
77861,-2.59597471615,0
77862,-2.47827778282,0
77863,-2.46634659273,0
77864,-2.49013159413,0
77865,-2.51537436616,0
77866,-2.65797508281,0
77867,-2.48679262749,0
77868,-2.3639957284,0
77869,-2.57472520605,0
77870,-2.67391427115,0
77871,-2.35690356583,0
77872,-2.331658401,0
77873,-2.33179963833,0
77874,-2.48710827994,0
77875,-2.55236519364,0
77876,-2.33217443002,0
77877,-2.30574093526,0
77878,-2.17754215706,0
77879,-2.31320503681,0
77880,-2.38483877047,0
77881,-2.35633884166,0
77882,-1.94648111315,0
77883,-1.89001293126,0
77884,-2.23541131217,0
77885,-1.78548331701,0
77886,-1.84478355183,0
77887,-1.70921943248,0
77888,-1.75212352853,0
77889,-1.62809250879,0
77890,-1.6085093886,0
77891,-1.95332616432,0
77892,-1.73433288496,0
77893,-1.64160495094,0
77894,-1.80418441623,0
77895,-1.68178891013,0
77896,-1.73945323339,0
77897,-1.38782429227,0
77898,-1.25479049888,0
77899,-1.38499829649,0
77900,-1.50313007693,0
77901,-1.27032046319,0
77902,-1.24919283018,0
77903,-1.36608611124,0
77904,-1.36086297171,0
77905,-1.00760854557,0
77906,-0.895112055934,0
77907,-1.17956458801,0
77908,-0.803790063898,0
77909,-1.17231662447,0
77910,-0.717533478362,0
77911,-0.965720579135,0
77912,-0.834508981786,0
77913,-0.939205306966,0
77914,-0.757338644709,0
77915,-0.637252431391,0
77916,-0.530237794767,0
77917,-0.805817805428,0
77918,-0.433597157984,0
77919,-0.663378038127,0
77920,-0.644946112991,0
77921,-0.665602901019,0
77922,-0.391637300352,0
77923,-0.585984220662,0
77924,-0.556078060204,0
77925,-0.537308312399,0
77926,-0.473654989766,0
77927,-0.353647901429,0
77928,-0.0826877262627,0
77929,-0.22949241711,0
77930,-0.353475635684,0
77931,-0.0102784934586,0
77932,-0.0272793865197,0
77933,-0.33599597791,0
77934,-0.039504684457,0
77935,0.0942473871686,0
77936,0.0963727492187,0
77937,-0.203502543815,0
77938,0.144616171307,0
77939,-0.209066665855,0
77940,0.120525357253,0
77941,0.183220411683,0
77942,0.013826243234,0
77943,0.0395210486225,0
77944,-0.184402243248,0
77945,-0.0989135695139,0
77946,0.226478151268,0
77947,0.16470203924,0
77948,0.0880155932925,0
77949,-0.175253181097,0
77950,-0.157813566558,0
77951,0.0806348227343,0
77952,0.216646248692,0
77953,0.143356846859,0
77954,0.00817912297007,0
77955,-0.0255669228562,0
77956,0.0479059960539,0
77957,0.0152047804005,0
77958,-0.0687422894151,0
77959,-0.248477860769,0
77960,-0.0067128198852,0
77961,-0.275103386209,0
77962,-0.107888690086,0
77963,-0.308027060245,0
77964,-0.00664606883827,0
77965,-0.299355615522,0
77966,-0.0990218260197,0
77967,-0.306088754015,0
77968,-0.304198773796,0
77969,-0.0976925953857,0
77970,-0.460473617543,0
77971,-0.352338886698,0
77972,-0.515242174283,0
77973,-0.214680969677,0
77974,-0.503552364104,0
77975,-0.616815302092,0
77976,-0.356640094258,0
77977,-0.272858220523,0
77978,-0.570076427444,0
77979,-0.371771153455,0
77980,-0.575795663832,0
77981,-0.420568984375,0
77982,-0.491712750644,0
77983,-0.908523893177,0
77984,-0.613615719872,0
77985,-0.567241022983,0
77986,-0.993585251271,0
77987,-1.03617431224,0
77988,-0.719993756529,0
77989,-0.742305852352,0
77990,-1.05511991909,0
77991,-1.02957541871,0
77992,-1.26612653854,0
77993,-1.24692923014,0
77994,-0.995761877912,0
77995,-0.995271774242,0
77996,-1.16914491972,0
77997,-1.08766474487,0
77998,-1.46121607116,0
77999,-1.16850017195,0
78000,-1.53065937525,0
78001,-1.46493708072,0
78002,-1.25067608445,0
78003,-1.44818886599,0
78004,-1.62535429481,0
78005,-1.7760042189,0
78006,-1.5000403622,0
78007,-1.86707183203,0
78008,-1.7958239522,0
78009,-1.75413649678,0
78010,-1.61247054521,0
78011,-1.8679515446,0
78012,-1.78158772032,0
78013,-2.00150544242,0
78014,-2.10661559774,0
78015,-1.83071910618,0
78016,-2.07884567179,0
78017,-2.29270486027,0
78018,-2.28831907412,0
78019,-2.12238189805,0
78020,-2.01018329522,0
78021,-2.3767447577,0
78022,-2.27767208878,0
78023,-2.50761560983,0
78024,-2.53972820698,0
78025,-2.18974036976,0
78026,-2.25331905373,0
78027,-2.21253894886,0
78028,-2.28441799805,0
78029,-2.32030653071,0
78030,-2.51143039501,0
78031,-2.62876548714,0
78032,-2.63792669696,0
78033,-2.42335282929,0
78034,-2.80325571702,0
78035,-2.82445328013,0
78036,-2.42951982639,0
78037,-2.72159033593,0
78038,-2.77757756962,0
78039,-2.88414565019,0
78040,-2.90961122749,0
78041,-2.50599465924,0
78042,-2.87799298421,0
78043,-2.92119554226,0
78044,-2.6379044047,0
78045,-2.61816042656,0
78046,-2.72876074724,0
78047,-2.60062349977,0
78048,-2.8024500068,0
78049,-2.94030458431,0
78050,-2.81105483862,0
78051,-2.55867416642,0
78052,-2.97476949049,0
78053,-2.82929020854,0
78054,-2.94623948492,0
78055,-2.6870587418,0
78056,-2.94877843219,0
78057,-2.55751160399,0
78058,-2.67503296016,0
78059,-2.82757546503,0
78060,-2.90509700213,0
78061,-2.5880815761,0
78062,-2.47038464277,0
78063,-2.45845345268,0
78064,-2.48223845408,0
78065,-2.50748122611,0
78066,-2.65008194276,0
78067,-2.47889948744,0
78068,-2.35610258835,0
78069,-2.566832066,0
78070,-2.66602113109,0
78071,-2.34901042578,0
78072,-2.32376526095,0
78073,-2.32390649827,0
78074,-2.47921513988,0
78075,-2.54447205359,0
78076,-2.32428128996,0
78077,-2.2978477952,0
78078,-2.16964901701,0
78079,-2.30531189676,0
78080,-2.37694563042,0
78081,-2.34844570161,0
78082,-1.93858797309,0
78083,-1.88211979121,0
78084,-2.22751817212,0
78085,-1.77759017696,0
78086,-1.83689041178,0
78087,-1.70132629243,0
78088,-1.74423038847,0
78089,-1.62019936873,0
78090,-1.60061624855,0
78091,-1.94543302427,0
78092,-1.72643974491,0
78093,-1.63371181089,0
78094,-1.79629127618,0
78095,-1.67389577008,0
78096,-1.73156009334,0
78097,-1.37993115222,0
78098,-1.24689735883,0
78099,-1.37710515644,0
78100,-1.49523693688,0
78101,-1.26242732313,0
78102,-1.24129969013,0
78103,-1.35819297119,0
78104,-1.35296983165,0
78105,-0.999715405516,0
78106,-0.887218915882,0
78107,-1.17167144796,0
78108,-0.795896923846,0
78109,-1.16442348442,0
78110,-0.709640338309,0
78111,-0.957827439082,0
78112,-0.826615841733,0
78113,-0.931312166913,0
78114,-0.749445504657,0
78115,-0.629359291338,0
78116,-0.522344654714,0
78117,-0.797924665376,0
78118,-0.425704017931,0
78119,-0.655484898075,0
78120,-0.637052972938,0
78121,-0.657709760967,0
78122,-0.3837441603,0
78123,-0.57809108061,0
78124,-0.548184920151,0
78125,-0.529415172346,0
78126,-0.465761849714,0
78127,-0.345754761377,0
78128,-0.0747945862104,0
78129,-0.221599277058,0
78130,-0.345582495631,0
78131,-0.00238535340627,0
78132,-0.0193862464674,0
78133,-0.328102837858,0
78134,-0.0316115444047,0
78135,0.102140527221,0
78136,0.104265889271,0
78137,-0.195609403763,0
78138,0.152509311359,0
78139,-0.201173525803,0
78140,0.128418497305,0
78141,0.191113551735,0
78142,0.0217193832863,0
78143,0.0474141886748,0
78144,-0.176509103196,0
78145,-0.0910204294616,0
78146,0.234371291321,0
78147,0.172595179293,0
78148,0.0959087333448,0
78149,-0.167360041044,0
78150,-0.149920426505,0
78151,0.0885279627866,0
78152,0.224539388745,0
78153,0.151249986911,0
78154,0.0160722630224,0
78155,-0.0176737828039,0
78156,0.0557991361062,0
78157,0.0230979204528,0
78158,-0.0608491493628,0
78159,-0.240584720716,0
78160,0.0011803201671,0
78161,-0.267210246156,0
78162,-0.0999955500336,0
78163,-0.300133920192,0
78164,0.00124707121403,0
78165,-0.29146247547,0
78166,-0.0911286859674,0
78167,-0.298195613963,0
78168,-0.296305633743,0
78169,-0.0897994553334,0
78170,-0.452580477491,0
78171,-0.344445746646,0
78172,-0.507349034231,0
78173,-0.206787829625,0
78174,-0.495659224052,0
78175,-0.60892216204,0
78176,-0.348746954206,0
78177,-0.264965080471,0
78178,-0.562183287392,0
78179,-0.363878013403,0
78180,-0.56790252378,0
78181,-0.412675844323,0
78182,-0.483819610592,0
78183,-0.900630753125,0
78184,-0.60572257982,0
78185,-0.55934788293,0
78186,-0.985692111218,0
78187,-1.02828117219,0
78188,-0.712100616477,0
78189,-0.734412712299,0
78190,-1.04722677903,0
78191,-1.02168227866,0
78192,-1.25823339849,0
78193,-1.23903609009,0
78194,-0.987868737859,0
78195,-0.98737863419,0
78196,-1.16125177967,0
78197,-1.07977160482,0
78198,-1.45332293111,0
78199,-1.1606070319,0
78200,-1.42847234368,0
78201,-1.36275004914,0
78202,-1.14848905288,0
78203,-1.34600183441,0
78204,-1.52316726323,0
78205,-1.67381718732,0
78206,-1.39785333062,0
78207,-1.76488480045,0
78208,-1.69363692062,0
78209,-1.6519494652,0
78210,-1.51028351363,0
78211,-1.76576451303,0
78212,-1.67940068874,0
78213,-1.89931841084,0
78214,-2.00442856616,0
78215,-1.7285320746,0
78216,-1.97665864021,0
78217,-2.19051782869,0
78218,-2.18613204255,0
78219,-2.02019486648,0
78220,-1.90799626364,0
78221,-2.27455772612,0
78222,-2.1754850572,0
78223,-2.40542857825,0
78224,-2.43754117541,0
78225,-2.08755333818,0
78226,-2.15113202216,0
78227,-2.11035191728,0
78228,-2.18223096647,0
78229,-2.21811949913,0
78230,-2.40924336343,0
78231,-2.52657845556,0
78232,-2.53573966539,0
78233,-2.32116579771,0
78234,-2.70106868545,0
78235,-2.72226624855,0
78236,-2.32733279481,0
78237,-2.61940330435,0
78238,-2.67539053804,0
78239,-2.78195861862,0
78240,-2.80742419591,0
78241,-2.40380762766,0
78242,-2.77580595264,0
78243,-2.81900851069,0
78244,-2.53571737312,0
78245,-2.51597339499,0
78246,-2.62657371566,0
78247,-2.49843646819,0
78248,-2.70026297522,0
78249,-2.83811755273,0
78250,-2.70886780705,0
78251,-2.45648713484,0
78252,-2.87258245891,0
78253,-2.72710317696,0
78254,-2.84405245334,0
78255,-2.58487171022,0
78256,-2.84659140062,0
78257,-2.45532457241,0
78258,-2.57284592858,0
78259,-2.72538843345,0
78260,-2.80290997056,0
78261,-2.48589454452,0
78262,-2.36819761119,0
78263,-2.3562664211,0
78264,-2.3800514225,0
78265,-2.40529419453,0
78266,-2.54789491118,0
78267,-2.37671245586,0
78268,-2.25391555678,0
78269,-2.46464503442,0
78270,-2.56383409952,0
78271,-2.2468233942,0
78272,-2.22157822937,0
78273,-2.2217194667,0
78274,-2.37702810831,0
78275,-2.44228502201,0
78276,-2.22209425839,0
78277,-2.19566076363,0
78278,-2.06746198543,0
78279,-2.20312486518,0
78280,-2.27475859884,0
78281,-2.24625867003,0
78282,-1.83640094152,0
78283,-1.77993275964,0
78284,-2.12533114054,0
78285,-1.67540314538,0
78286,-1.7347033802,0
78287,-1.59913926085,0
78288,-1.6420433569,0
78289,-1.51801233716,0
78290,-1.49842921697,0
78291,-1.84324599269,0
78292,-1.62425271333,0
78293,-1.53152477931,0
78294,-1.6941042446,0
78295,-1.5717087385,0
78296,-1.62937306176,0
78297,-1.27774412065,0
78298,-1.14471032725,0
78299,-1.27491812486,0
78300,-1.39304990531,0
78301,-1.16024029156,0
78302,-1.13911265855,0
78303,-1.25600593961,0
78304,-1.25078280008,0
78305,-0.89752837394,0
78306,-0.785031884305,0
78307,-1.06948441638,0
78308,-0.693709892269,0
78309,-1.06223645285,0
78310,-0.607453306733,0
78311,-0.855640407506,0
78312,-0.724428810157,0
78313,-0.829125135337,0
78314,-0.64725847308,0
78315,-0.527172259762,0
78316,-0.420157623138,0
78317,-0.695737633799,0
78318,-0.323516986355,0
78319,-0.553297866498,0
78320,-0.534865941362,0
78321,-0.55552272939,0
78322,-0.281557128723,0
78323,-0.475904049033,0
78324,-0.445997888575,0
78325,-0.42722814077,0
78326,-0.363574818138,0
78327,-0.2435677298,0
78328,0.0273924453662,0
78329,-0.119412245482,0
78330,-0.243395464055,0
78331,0.0998016781703,0
78332,0.0828007851092,0
78333,-0.225915806281,0
78334,0.0705754871719,0
78335,0.204327558798,0
78336,0.206452920848,0
78337,-0.093422372186,0
78338,0.254696342936,0
78339,-0.0989864942264,0
78340,0.230605528881,0
78341,0.293300583312,0
78342,0.123906414863,0
78343,0.149601220251,0
78344,-0.0743220716191,0
78345,0.011166602115,0
78346,0.336558322897,0
78347,0.274782210869,0
78348,0.198095764921,0
78349,-0.0651730094677,0
78350,-0.0477333949287,0
78351,0.190714994363,0
78352,0.326726420321,0
78353,0.253437018488,0
78354,0.118259294599,0
78355,0.0845132487727,0
78356,0.157986167683,0
78357,0.125284952029,0
78358,0.0413378822138,0
78359,-0.13839768914,0
78360,0.103367351744,0
78361,-0.16502321458,0
78362,0.00219148154297,0
78363,-0.197946888616,0
78364,0.103434102791,0
78365,-0.189275443894,0
78366,0.0110583456092,0
78367,-0.196008582386,0
78368,-0.194118602167,0
78369,0.0123875762432,0
78370,-0.350393445914,0
78371,-0.242258715069,0
78372,-0.405162002654,0
78373,-0.104600798049,0
78374,-0.393472192475,0
78375,-0.506735130463,0
78376,-0.246559922629,0
78377,-0.162778048894,0
78378,-0.459996255815,0
78379,-0.261690981826,0
78380,-0.465715492204,0
78381,-0.310488812746,0
78382,-0.381632579015,0
78383,-0.798443721549,0
78384,-0.503535548243,0
78385,-0.457160851354,0
78386,-0.883505079642,0
78387,-0.926094140612,0
78388,-0.6099135849,0
78389,-0.632225680723,0
78390,-0.945039747456,0
78391,-0.919495247086,0
78392,-1.15604636691,0
78393,-1.13684905851,0
78394,-0.885681706283,0
78395,-0.885191602613,0
78396,-1.05906474809,0
78397,-0.977584573245,0
78398,-1.35113589953,0
78399,-1.05842000032,0
78400,-1.04463039546,0
78401,-0.978908100921,0
78402,-0.764647104659,0
78403,-0.962159886194,0
78404,-1.13932531501,0
78405,-1.2899752391,0
78406,-1.0140113824,0
78407,-1.38104285223,0
78408,-1.3097949724,0
78409,-1.26810751698,0
78410,-1.12644156541,0
78411,-1.38192256481,0
78412,-1.29555874052,0
78413,-1.51547646262,0
78414,-1.62058661794,0
78415,-1.34469012638,0
78416,-1.592816692,0
78417,-1.80667588047,0
78418,-1.80229009433,0
78419,-1.63635291826,0
78420,-1.52415431542,0
78421,-1.8907157779,0
78422,-1.79164310899,0
78423,-2.02158663003,0
78424,-2.05369922719,0
78425,-1.70371138996,0
78426,-1.76729007394,0
78427,-1.72650996906,0
78428,-1.79838901826,0
78429,-1.83427755091,0
78430,-2.02540141522,0
78431,-2.14273650735,0
78432,-2.15189771717,0
78433,-1.93732384949,0
78434,-2.31722673723,0
78435,-2.33842430033,0
78436,-1.94349084659,0
78437,-2.23556135613,0
78438,-2.29154858982,0
78439,-2.3981166704,0
78440,-2.42358224769,0
78441,-2.01996567944,0
78442,-2.39196400442,0
78443,-2.43516656247,0
78444,-2.1518754249,0
78445,-2.13213144677,0
78446,-2.24273176745,0
78447,-2.11459451997,0
78448,-2.316421027,0
78449,-2.45427560451,0
78450,-2.32502585883,0
78451,-2.07264518662,0
78452,-2.48874051069,0
78453,-2.34326122874,0
78454,-2.46021050512,0
78455,-2.201029762,0
78456,-2.4627494524,0
78457,-2.07148262419,0
78458,-2.18900398036,0
78459,-2.34154648523,0
78460,-2.41906802234,0
78461,-2.1020525963,0
78462,-1.98435566297,0
78463,-1.97242447288,0
78464,-1.99620947428,0
78465,-2.02145224632,0
78466,-2.16405296296,0
78467,-1.99287050764,0
78468,-1.87007360856,0
78469,-2.0808030862,0
78470,-2.1799921513,0
78471,-1.86298144598,0
78472,-1.83773628115,0
78473,-1.83787751848,0
78474,-1.99318616009,0
78475,-2.05844307379,0
78476,-1.83825231017,0
78477,-1.81181881541,0
78478,-1.68362003721,0
78479,-1.81928291696,0
78480,-1.89091665062,0
78481,-1.86241672181,0
78482,-1.4525589933,0
78483,-1.39609081142,0
78484,-1.74148919233,0
78485,-1.29156119717,0
78486,-1.35086143198,0
78487,-1.21529731263,0
78488,-1.25820140868,0
78489,-1.13417038894,0
78490,-1.11458726875,0
78491,-1.45940404447,0
78492,-1.24041076512,0
78493,-1.14768283109,0
78494,-1.31026229638,0
78495,-1.18786679028,0
78496,-1.24553111354,0
78497,-0.893902172427,0
78498,-0.76086837903,0
78499,-0.891076176643,0
78500,-1.00920795709,0
78501,-0.776398343339,0
78502,-0.755270710332,0
78503,-0.872163991391,0
78504,-0.866940851859,0
78505,-0.513686425721,0
78506,-0.401189936087,0
78507,-0.685642468163,0
78508,-0.30986794405,0
78509,-0.678394504627,0
78510,-0.223611358514,0
78511,-0.471798459287,0
78512,-0.340586861938,0
78513,-0.445283187118,0
78514,-0.263416524861,0
78515,-0.143330311543,0
78516,-0.036315674919,0
78517,-0.311895685581,0
78518,0.0603249618638,0
78519,-0.169455918279,0
78520,-0.151023993143,0
78521,-0.171680781172,0
78522,0.102284819495,0
78523,-0.0920621008147,0
78524,-0.0621559403561,0
78525,-0.043386192551,0
78526,0.0202671300811,0
78527,0.140274218418,0
78528,0.411234393585,0
78529,0.264429702737,0
78530,0.140446484164,0
78531,0.483643626389,0
78532,0.466642733328,0
78533,0.157926141938,0
78534,0.454417435391,0
78535,0.588169507016,0
78536,0.590294869066,0
78537,0.290419576033,0
78538,0.638538291155,0
78539,0.284855453992,0
78540,0.6144474771,0
78541,0.67714253153,0
78542,0.507748363082,0
78543,0.53344316847,0
78544,0.3095198766,0
78545,0.395008550334,0
78546,0.720400271116,0
78547,0.658624159088,0
78548,0.58193771314,0
78549,0.318668938751,0
78550,0.33610855329,0
78551,0.574556942582,0
78552,0.71056836854,0
78553,0.637278966706,0
78554,0.502101242818,0
78555,0.468355196991,0
78556,0.541828115901,0
78557,0.509126900248,0
78558,0.425179830432,0
78559,0.245444259079,0
78560,0.487209299962,0
78561,0.218818733639,0
78562,0.386033429762,0
78563,0.185895059603,0
78564,0.487276051009,0
78565,0.194566504325,0
78566,0.394900293828,0
78567,0.187833365833,0
78568,0.189723346052,0
78569,0.396229524462,0
78570,0.0334485023045,0
78571,0.141583233149,0
78572,-0.0213200544352,0
78573,0.27924115017,0
78574,-0.00963024425662,0
78575,-0.122893182244,0
78576,0.13728202559,0
78577,0.221063899324,0
78578,-0.0761543075964,0
78579,0.122150966393,0
78580,-0.0818735439849,0
78581,0.0733531354726,0
78582,0.00220936920369,0
78583,-0.41460177333,0
78584,-0.119693600024,0
78585,-0.073318903135,0
78586,-0.499663131423,0
78587,-0.542252192393,0
78588,-0.226071636682,0
78589,-0.248383732504,0
78590,-0.561197799238,0
78591,-0.535653298867,0
78592,-0.772204418691,0
78593,-0.753007110296,0
78594,-0.501839758064,0
78595,-0.501349654395,0
78596,-0.67522279987,0
78597,-0.593742625027,0
78598,-0.967293951311,0
78599,-0.674578052101,0
78600,-0.966467690702,0
78601,-0.900745396165,0
78602,-0.686484399903,0
78603,-0.883997181439,0
78604,-1.06116261026,0
78605,-1.21181253435,0
78606,-0.935848677646,0
78607,-1.30288014748,0
78608,-1.23163226765,0
78609,-1.18994481222,0
78610,-1.04827886066,0
78611,-1.30375986005,0
78612,-1.21739603577,0
78613,-1.43731375786,0
78614,-1.54242391319,0
78615,-1.26652742163,0
78616,-1.51465398724,0
78617,-1.72851317572,0
78618,-1.72412738957,0
78619,-1.5581902135,0
78620,-1.44599161067,0
78621,-1.81255307314,0
78622,-1.71348040423,0
78623,-1.94342392528,0
78624,-1.97553652243,0
78625,-1.62554868521,0
78626,-1.68912736918,0
78627,-1.64834726431,0
78628,-1.7202263135,0
78629,-1.75611484615,0
78630,-1.94723871046,0
78631,-2.06457380259,0
78632,-2.07373501241,0
78633,-1.85916114474,0
78634,-2.23906403247,0
78635,-2.26026159558,0
78636,-1.86532814184,0
78637,-2.15739865138,0
78638,-2.21338588507,0
78639,-2.31995396564,0
78640,-2.34541954294,0
78641,-1.94180297469,0
78642,-2.31380129966,0
78643,-2.35700385771,0
78644,-2.07371272014,0
78645,-2.05396874201,0
78646,-2.16456906269,0
78647,-2.03643181522,0
78648,-2.23825832225,0
78649,-2.37611289976,0
78650,-2.24686315407,0
78651,-1.99448248187,0
78652,-2.41057780594,0
78653,-2.26509852399,0
78654,-2.38204780037,0
78655,-2.12286705725,0
78656,-2.38458674764,0
78657,-1.99331991944,0
78658,-2.11084127561,0
78659,-2.26338378048,0
78660,-2.34090531758,0
78661,-2.02388989155,0
78662,-1.90619295822,0
78663,-1.89426176813,0
78664,-1.91804676953,0
78665,-1.94328954156,0
78666,-2.0858902582,0
78667,-1.91470780289,0
78668,-1.7919109038,0
78669,-2.00264038145,0
78670,-2.10182944654,0
78671,-1.78481874123,0
78672,-1.7595735764,0
78673,-1.75971481372,0
78674,-1.91502345533,0
78675,-1.98028036904,0
78676,-1.76008960541,0
78677,-1.73365611065,0
78678,-1.60545733245,0
78679,-1.74112021221,0
78680,-1.81275394587,0
78681,-1.78425401706,0
78682,-1.37439628854,0
78683,-1.31792810666,0
78684,-1.66332648757,0
78685,-1.21339849241,0
78686,-1.27269872722,0
78687,-1.13713460788,0
78688,-1.18003870392,0
78689,-1.05600768418,0
78690,-1.036424564,0
78691,-1.38124133972,0
78692,-1.16224806036,0
78693,-1.06952012633,0
78694,-1.23209959163,0
78695,-1.10970408553,0
78696,-1.16736840879,0
78697,-0.815739467671,0
78698,-0.682705674275,0
78699,-0.812913471888,0
78700,-0.931045252331,0
78701,-0.698235638584,0
78702,-0.677108005577,0
78703,-0.794001286635,0
78704,-0.788778147103,0
78705,-0.435523720966,0
78706,-0.323027231331,0
78707,-0.607479763408,0
78708,-0.231705239295,0
78709,-0.600231799871,0
78710,-0.145448653759,0
78711,-0.393635754532,0
78712,-0.262424157183,0
78713,-0.367120482363,0
78714,-0.185253820106,0
78715,-0.0651676067879,0
78716,0.0418470298364,0
78717,-0.233732980825,0
78718,0.138487666619,0
78719,-0.0912932135239,0
78720,-0.0728612883878,0
78721,-0.0935180764163,0
78722,0.180447524251,0
78723,-0.0138993960594,0
78724,0.0160067643992,0
78725,0.0347765122043,0
78726,0.0984298348364,0
78727,0.218436923174,0
78728,0.48939709834,0
78729,0.342592407492,0
78730,0.218609188919,0
78731,0.561806331144,0
78732,0.544805438083,0
78733,0.236088846693,0
78734,0.532580140146,0
78735,0.666332211772,0
78736,0.668457573822,0
78737,0.368582280788,0
78738,0.71670099591,0
78739,0.363018158748,0
78740,0.692610181855,0
78741,0.755305236286,0
78742,0.585911067837,0
78743,0.611605873225,0
78744,0.387682581355,0
78745,0.473171255089,0
78746,0.798562975871,0
78747,0.736786863843,0
78748,0.660100417895,0
78749,0.396831643506,0
78750,0.414271258045,0
78751,0.652719647337,0
78752,0.788731073295,0
78753,0.715441671462,0
78754,0.580263947573,0
78755,0.546517901747,0
78756,0.619990820657,0
78757,0.587289605003,0
78758,0.503342535188,0
78759,0.323606963834,0
78760,0.565372004718,0
78761,0.296981438394,0
78762,0.464196134517,0
78763,0.264057764358,0
78764,0.565438755765,0
78765,0.27272920908,0
78766,0.473062998583,0
78767,0.265996070588,0
78768,0.267886050807,0
78769,0.474392229217,0
78770,0.11161120706,0
78771,0.219745937905,0
78772,0.0568426503201,0
78773,0.357403854925,0
78774,0.0685324604987,0
78775,-0.044730477489,0
78776,0.215444730345,0
78777,0.29922660408,0
78778,0.00200839715897,0
78779,0.200313671148,0
78780,-0.0037108392296,0
78781,0.151515840228,0
78782,0.080372073959,0
78783,-0.336439068575,0
78784,-0.0415308952689,0
78785,0.00484380162027,0
78786,-0.421500426668,0
78787,-0.464089487638,0
78788,-0.147908931926,0
78789,-0.170221027749,0
78790,-0.483035094482,0
78791,-0.457490594112,0
78792,-0.694041713936,0
78793,-0.67484440554,0
78794,-0.423677053309,0
78795,-0.423186949639,0
78796,-0.597060095115,0
78797,-0.515579920271,0
78798,-0.889131246556,0
78799,-0.596415347346,0
78800,-0.792974198362,0
78801,-0.727251903825,0
78802,-0.512990907563,0
78803,-0.710503689099,0
78804,-0.887669117918,0
78805,-1.03831904201,0
78806,-0.762355185306,0
78807,-1.12938665514,0
78808,-1.05813877531,0
78809,-1.01645131988,0
78810,-0.874785368319,0
78811,-1.13026636771,0
78812,-1.04390254343,0
78813,-1.26382026552,0
78814,-1.36893042085,0
78815,-1.09303392929,0
78816,-1.3411604949,0
78817,-1.55501968338,0
78818,-1.55063389723,0
78819,-1.38469672116,0
78820,-1.27249811833,0
78821,-1.6390595808,0
78822,-1.53998691189,0
78823,-1.76993043294,0
78824,-1.80204303009,0
78825,-1.45205519287,0
78826,-1.51563387684,0
78827,-1.47485377197,0
78828,-1.54673282116,0
78829,-1.58262135381,0
78830,-1.77374521812,0
78831,-1.89108031025,0
78832,-1.90024152007,0
78833,-1.6856676524,0
78834,-2.06557054013,0
78835,-2.08676810324,0
78836,-1.6918346495,0
78837,-1.98390515904,0
78838,-2.03989239273,0
78839,-2.1464604733,0
78840,-2.1719260506,0
78841,-1.76830948235,0
78842,-2.14030780732,0
78843,-2.18351036537,0
78844,-1.9002192278,0
78845,-1.88047524967,0
78846,-1.99107557035,0
78847,-1.86293832288,0
78848,-2.06476482991,0
78849,-2.20261940742,0
78850,-2.07336966173,0
78851,-1.82098898953,0
78852,-2.2370843136,0
78853,-2.09160503165,0
78854,-2.20855430803,0
78855,-1.94937356491,0
78856,-2.2110932553,0
78857,-1.8198264271,0
78858,-1.93734778327,0
78859,-2.08989028814,0
78860,-2.16741182524,0
78861,-1.85039639921,0
78862,-1.73269946588,0
78863,-1.72076827579,0
78864,-1.74455327719,0
78865,-1.76979604922,0
78866,-1.91239676586,0
78867,-1.74121431055,0
78868,-1.61841741146,0
78869,-1.82914688911,0
78870,-1.9283359542,0
78871,-1.61132524889,0
78872,-1.58608008406,0
78873,-1.58622132138,0
78874,-1.74152996299,0
78875,-1.8067868767,0
78876,-1.58659611307,0
78877,-1.56016261831,0
78878,-1.43196384011,0
78879,-1.56762671987,0
78880,-1.63926045353,0
78881,-1.61076052472,0
78882,-1.2009027962,0
78883,-1.14443461432,0
78884,-1.48983299523,0
78885,-1.03990500007,0
78886,-1.09920523488,0
78887,-0.963641115538,0
78888,-1.00654521158,0
78889,-0.882514191843,0
78890,-0.862931071656,0
78891,-1.20774784738,0
78892,-0.98875456802,0
78893,-0.896026633995,0
78894,-1.05860609929,0
78895,-0.936210593187,0
78896,-0.993874916448,0
78897,-0.642245975331,0
78898,-0.509212181935,0
78899,-0.639419979548,0
78900,-0.757551759991,0
78901,-0.524742146244,0
78902,-0.503614513237,0
78903,-0.620507794295,0
78904,-0.615284654763,0
78905,-0.262030228626,0
78906,-0.149533738991,0
78907,-0.433986271068,0
78908,-0.0582117469552,0
78909,-0.426738307531,0
78910,0.0280448385811,0
78911,-0.220142262192,0
78912,-0.0889306648428,0
78913,-0.193626990023,0
78914,-0.0117603277662,0
78915,0.108325885552,0
78916,0.215340522176,0
78917,-0.0602394884852,0
78918,0.311981158959,0
78919,0.082200278816,0
78920,0.100632203952,0
78921,0.0799754159237,0
78922,0.353941016591,0
78923,0.159594096281,0
78924,0.189500256739,0
78925,0.208270004544,0
78926,0.271923327176,0
78927,0.391930415514,0
78928,0.66289059068,0
78929,0.516085899832,0
78930,0.392102681259,0
78931,0.735299823484,0
78932,0.718298930423,0
78933,0.409582339033,0
78934,0.706073632486,0
78935,0.839825704111,0
78936,0.841951066162,0
78937,0.542075773128,0
78938,0.89019448825,0
78939,0.536511651088,0
78940,0.866103674195,0
78941,0.928798728626,0
78942,0.759404560177,0
78943,0.785099365565,0
78944,0.561176073695,0
78945,0.646664747429,0
78946,0.972056468211,0
78947,0.910280356183,0
78948,0.833593910235,0
78949,0.570325135846,0
78950,0.587764750385,0
78951,0.826213139677,0
78952,0.962224565635,0
78953,0.888935163802,0
78954,0.753757439913,0
78955,0.720011394087,0
78956,0.793484312997,0
78957,0.760783097343,0
78958,0.676836027528,0
78959,0.497100456174,0
78960,0.738865497058,0
78961,0.470474930734,0
78962,0.637689626857,0
78963,0.437551256698,0
78964,0.738932248105,0
78965,0.44622270142,0
78966,0.646556490923,0
78967,0.439489562928,0
78968,0.441379543147,0
78969,0.647885721557,0
78970,0.2851046994,0
78971,0.393239430245,0
78972,0.23033614266,0
78973,0.530897347265,0
78974,0.242025952839,0
78975,0.128763014851,0
78976,0.388938222685,0
78977,0.47272009642,0
78978,0.175501889499,0
78979,0.373807163488,0
78980,0.16978265311,0
78981,0.325009332568,0
78982,0.253865566299,0
78983,-0.162945576235,0
78984,0.131962597071,0
78985,0.17833729396,0
78986,-0.248006934328,0
78987,-0.290595995298,0
78988,0.0255845604135,0
78989,0.00327246459132,0
78990,-0.309541602142,0
78991,-0.283997101772,0
78992,-0.520548221596,0
78993,-0.501350913201,0
78994,-0.250183560969,0
78995,-0.249693457299,0
78996,-0.423566602775,0
78997,-0.342086427931,0
78998,-0.715637754216,0
78999,-0.422921855006,0
79000,-0.74236376951,0
79001,-0.676641474974,0
79002,-0.462380478712,0
79003,-0.659893260248,0
79004,-0.837058689066,0
79005,-0.987708613157,0
79006,-0.711744756454,0
79007,-1.07877622629,0
79008,-1.00752834645,0
79009,-0.965840891033,0
79010,-0.824174939468,0
79011,-1.07965593886,0
79012,-0.993292114577,0
79013,-1.21320983667,0
79014,-1.318319992,0
79015,-1.04242350044,0
79016,-1.29055006605,0
79017,-1.50440925452,0
79018,-1.50002346838,0
79019,-1.33408629231,0
79020,-1.22188768948,0
79021,-1.58844915195,0
79022,-1.48937648304,0
79023,-1.71932000409,0
79024,-1.75143260124,0
79025,-1.40144476402,0
79026,-1.46502344799,0
79027,-1.42424334312,0
79028,-1.49612239231,0
79029,-1.53201092496,0
79030,-1.72313478927,0
79031,-1.8404698814,0
79032,-1.84963109122,0
79033,-1.63505722354,0
79034,-2.01496011128,0
79035,-2.03615767438,0
79036,-1.64122422064,0
79037,-1.93329473019,0
79038,-1.98928196387,0
79039,-2.09585004445,0
79040,-2.12131562175,0
79041,-1.71769905349,0
79042,-2.08969737847,0
79043,-2.13289993652,0
79044,-1.84960879895,0
79045,-1.82986482082,0
79046,-1.9404651415,0
79047,-1.81232789402,0
79048,-2.01415440105,0
79049,-2.15200897857,0
79050,-2.02275923288,0
79051,-1.77037856067,0
79052,-2.18647388475,0
79053,-2.0409946028,0
79054,-2.15794387918,0
79055,-1.89876313606,0
79056,-2.16048282645,0
79057,-1.76921599825,0
79058,-1.88673735441,0
79059,-2.03927985929,0
79060,-2.11680139639,0
79061,-1.79978597036,0
79062,-1.68208903703,0
79063,-1.67015784693,0
79064,-1.69394284834,0
79065,-1.71918562037,0
79066,-1.86178633701,0
79067,-1.6906038817,0
79068,-1.56780698261,0
79069,-1.77853646026,0
79070,-1.87772552535,0
79071,-1.56071482004,0
79072,-1.5354696552,0
79073,-1.53561089253,0
79074,-1.69091953414,0
79075,-1.75617644785,0
79076,-1.53598568422,0
79077,-1.50955218946,0
79078,-1.38135341126,0
79079,-1.51701629102,0
79080,-1.58865002467,0
79081,-1.56015009587,0
79082,-1.15029236735,0
79083,-1.09382418547,0
79084,-1.43922256638,0
79085,-0.989294571219,0
79086,-1.04859480603,0
79087,-0.913030686686,0
79088,-0.955934782731,0
79089,-0.831903762991,0
79090,-0.812320642804,0
79091,-1.15713741852,0
79092,-0.938144139169,0
79093,-0.845416205143,0
79094,-1.00799567044,0
79095,-0.885600164335,0
79096,-0.943264487596,0
79097,-0.59163554648,0
79098,-0.458601753083,0
79099,-0.588809550696,0
79100,-0.70694133114,0
79101,-0.474131717392,0
79102,-0.453004084386,0
79103,-0.569897365444,0
79104,-0.564674225912,0
79105,-0.211419799774,0
79106,-0.0989233101398,0
79107,-0.383375842217,0
79108,-0.0076013181037,0
79109,-0.37612787868,0
79110,0.0786552674326,0
79111,-0.16953183334,0
79112,-0.0383202359913,0
79113,-0.143016561171,0
79114,0.0388501010853,0
79115,0.158936314404,0
79116,0.265950951028,0
79117,-0.00962905963376,0
79118,0.362591587811,0
79119,0.132810707668,0
79120,0.151242632804,0
79121,0.130585844775,0
79122,0.404551445442,0
79123,0.210204525132,0
79124,0.240110685591,0
79125,0.258880433396,0
79126,0.322533756028,0
79127,0.442540844365,0
79128,0.713501019532,0
79129,0.566696328684,0
79130,0.442713110111,0
79131,0.785910252336,0
79132,0.768909359275,0
79133,0.460192767884,0
79134,0.756684061337,0
79135,0.890436132963,0
79136,0.892561495013,0
79137,0.592686201979,0
79138,0.940804917101,0
79139,0.587122079939,0
79140,0.916714103047,0
79141,0.979409157477,0
79142,0.810014989028,0
79143,0.835709794417,0
79144,0.611786502546,0
79145,0.69727517628,0
79146,1.02266689706,0
79147,0.960890785035,0
79148,0.884204339087,0
79149,0.620935564698,0
79150,0.638375179237,0
79151,0.876823568529,0
79152,1.01283499449,0
79153,0.939545592653,0
79154,0.804367868764,0
79155,0.770621822938,0
79156,0.844094741848,0
79157,0.811393526195,0
79158,0.727446456379,0
79159,0.547710885026,0
79160,0.789475925909,0
79161,0.521085359586,0
79162,0.688300055708,0
79163,0.48816168555,0
79164,0.789542676956,0
79165,0.496833130272,0
79166,0.697166919775,0
79167,0.490099991779,0
79168,0.491989971999,0
79169,0.698496150409,0
79170,0.335715128251,0
79171,0.443849859096,0
79172,0.280946571512,0
79173,0.581507776117,0
79174,0.29263638169,0
79175,0.179373443702,0
79176,0.439548651536,0
79177,0.523330525271,0
79178,0.22611231835,0
79179,0.424417592339,0
79180,0.220393081962,0
79181,0.375619761419,0
79182,0.30447599515,0
79183,-0.112335147383,0
79184,0.182573025923,0
79185,0.228947722812,0
79186,-0.197396505476,0
79187,-0.239985566447,0
79188,0.0761949892649,0
79189,0.0538828934428,0
79190,-0.258931173291,0
79191,-0.233386672921,0
79192,-0.469937792744,0
79193,-0.450740484349,0
79194,-0.199573132117,0
79195,-0.199083028448,0
79196,-0.372956173923,0
79197,-0.29147599908,0
79198,-0.665027325364,0
79199,-0.372311426155,0
79200,-0.681834281966,0
79201,-0.61611198743,0
79202,-0.401850991168,0
79203,-0.599363772703,0
79204,-0.776529201522,0
79205,-0.927179125612,0
79206,-0.65121526891,0
79207,-1.01824673874,0
79208,-0.946998858911,0
79209,-0.905311403489,0
79210,-0.763645451923,0
79211,-1.01912645132,0
79212,-0.932762627033,0
79213,-1.15268034913,0
79214,-1.25779050445,0
79215,-0.981894012891,0
79216,-1.2300205785,0
79217,-1.44387976698,0
79218,-1.43949398084,0
79219,-1.27355680477,0
79220,-1.16135820193,0
79221,-1.52791966441,0
79222,-1.4288469955,0
79223,-1.65879051654,0
79224,-1.6909031137,0
79225,-1.34091527647,0
79226,-1.40449396045,0
79227,-1.36371385557,0
79228,-1.43559290477,0
79229,-1.47148143742,0
79230,-1.66260530172,0
79231,-1.77994039385,0
79232,-1.78910160368,0
79233,-1.574527736,0
79234,-1.95443062374,0
79235,-1.97562818684,0
79236,-1.5806947331,0
79237,-1.87276524264,0
79238,-1.92875247633,0
79239,-2.03532055691,0
79240,-2.0607861342,0
79241,-1.65716956595,0
79242,-2.02916789093,0
79243,-2.07237044898,0
79244,-1.78907931141,0
79245,-1.76933533328,0
79246,-1.87993565395,0
79247,-1.75179840648,0
79248,-1.95362491351,0
79249,-2.09147949102,0
79250,-1.96222974534,0
79251,-1.70984907313,0
79252,-2.1259443972,0
79253,-1.98046511525,0
79254,-2.09741439163,0
79255,-1.83823364851,0
79256,-2.09995333891,0
79257,-1.7086865107,0
79258,-1.82620786687,0
79259,-1.97875037174,0
79260,-2.05627190885,0
79261,-1.73925648281,0
79262,-1.62155954948,0
79263,-1.60962835939,0
79264,-1.63341336079,0
79265,-1.65865613283,0
79266,-1.80125684947,0
79267,-1.63007439415,0
79268,-1.50727749507,0
79269,-1.71800697271,0
79270,-1.81719603781,0
79271,-1.50018533249,0
79272,-1.47494016766,0
79273,-1.47508140499,0
79274,-1.6303900466,0
79275,-1.6956469603,0
79276,-1.47545619668,0
79277,-1.44902270192,0
79278,-1.32082392372,0
79279,-1.45648680347,0
79280,-1.52812053713,0
79281,-1.49962060832,0
79282,-1.08976287981,0
79283,-1.03329469793,0
79284,-1.37869307883,0
79285,-0.928765083674,0
79286,-0.988065318489,0
79287,-0.852501199142,0
79288,-0.895405295187,0
79289,-0.771374275447,0
79290,-0.75179115526,0
79291,-1.09660793098,0
79292,-0.877614651624,0
79293,-0.784886717599,0
79294,-0.947466182892,0
79295,-0.825070676791,0
79296,-0.882735000052,0
79297,-0.531106058936,0
79298,-0.398072265539,0
79299,-0.528280063152,0
79300,-0.646411843595,0
79301,-0.413602229848,0
79302,-0.392474596841,0
79303,-0.5093678779,0
79304,-0.504144738368,0
79305,-0.15089031223,0
79306,-0.0383938225955,0
79307,-0.322846354672,0
79308,0.0529281694406,0
79309,-0.315598391136,0
79310,0.139184754977,0
79311,-0.109002345796,0
79312,0.022209251553,0
79313,-0.0824870736272,0
79314,0.0993795886295,0
79315,0.219465801948,0
79316,0.326480438572,0
79317,0.0509004279105,0
79318,0.423121075355,0
79319,0.193340195212,0
79320,0.211772120348,0
79321,0.191115332319,0
79322,0.465080932986,0
79323,0.270734012676,0
79324,0.300640173135,0
79325,0.31940992094,0
79326,0.383063243572,0
79327,0.503070331909,0
79328,0.774030507076,0
79329,0.627225816228,0
79330,0.503242597655,0
79331,0.84643973988,0
79332,0.829438846819,0
79333,0.520722255429,0
79334,0.817213548882,0
79335,0.950965620507,0
79336,0.953090982557,0
79337,0.653215689524,0
79338,1.00133440465,0
79339,0.647651567483,0
79340,0.977243590591,0
79341,1.03993864502,0
79342,0.870544476573,0
79343,0.896239281961,0
79344,0.672315990091,0
79345,0.757804663825,0
79346,1.08319638461,0
79347,1.02142027258,0
79348,0.944733826631,0
79349,0.681465052242,0
79350,0.698904666781,0
79351,0.937353056073,0
79352,1.07336448203,0
79353,1.0000750802,0
79354,0.864897356309,0
79355,0.831151310482,0
79356,0.904624229392,0
79357,0.871923013739,0
79358,0.787975943923,0
79359,0.60824037257,0
79360,0.850005413453,0
79361,0.58161484713,0
79362,0.748829543253,0
79363,0.548691173094,0
79364,0.8500721645,0
79365,0.557362617816,0
79366,0.757696407319,0
79367,0.550629479324,0
79368,0.552519459543,0
79369,0.759025637953,0
79370,0.396244615795,0
79371,0.50437934664,0
79372,0.341476059056,0
79373,0.642037263661,0
79374,0.353165869234,0
79375,0.239902931247,0
79376,0.500078139081,0
79377,0.583860012815,0
79378,0.286641805895,0
79379,0.484947079884,0
79380,0.280922569506,0
79381,0.436149248964,0
79382,0.365005482695,0
79383,-0.0518056598388,0
79384,0.243102513467,0
79385,0.289477210356,0
79386,-0.136867017932,0
79387,-0.179456078902,0
79388,0.136724476809,0
79389,0.114412380987,0
79390,-0.198401685747,0
79391,-0.172857185376,0
79392,-0.4094083052,0
79393,-0.390210996805,0
79394,-0.139043644573,0
79395,-0.138553540904,0
79396,-0.312426686379,0
79397,-0.230946511536,0
79398,-0.60449783782,0
79399,-0.31178193861,0
79400,-0.735162618854,0
79401,-0.669440324318,0
79402,-0.455179328056,0
79403,-0.652692109591,0
79404,-0.82985753841,0
79405,-0.9805074625,0
79406,-0.704543605798,0
79407,-1.07157507563,0
79408,-1.0003271958,0
79409,-0.958639740377,0
79410,-0.816973788811,0
79411,-1.0724547882,0
79412,-0.986090963921,0
79413,-1.20600868602,0
79414,-1.31111884134,0
79415,-1.03522234978,0
79416,-1.28334891539,0
79417,-1.49720810387,0
79418,-1.49282231772,0
79419,-1.32688514166,0
79420,-1.21468653882,0
79421,-1.5812480013,0
79422,-1.48217533238,0
79423,-1.71211885343,0
79424,-1.74423145059,0
79425,-1.39424361336,0
79426,-1.45782229734,0
79427,-1.41704219246,0
79428,-1.48892124165,0
79429,-1.52480977431,0
79430,-1.71593363861,0
79431,-1.83326873074,0
79432,-1.84242994056,0
79433,-1.62785607289,0
79434,-2.00775896063,0
79435,-2.02895652373,0
79436,-1.63402306999,0
79437,-1.92609357953,0
79438,-1.98208081322,0
79439,-2.0886488938,0
79440,-2.11411447109,0
79441,-1.71049790284,0
79442,-2.08249622781,0
79443,-2.12569878587,0
79444,-1.8424076483,0
79445,-1.82266367017,0
79446,-1.93326399084,0
79447,-1.80512674337,0
79448,-2.0069532504,0
79449,-2.14480782791,0
79450,-2.01555808223,0
79451,-1.76317741002,0
79452,-2.17927273409,0
79453,-2.03379345214,0
79454,-2.15074272852,0
79455,-1.8915619854,0
79456,-2.15328167579,0
79457,-1.76201484759,0
79458,-1.87953620376,0
79459,-2.03207870863,0
79460,-2.10960024573,0
79461,-1.7925848197,0
79462,-1.67488788637,0
79463,-1.66295669628,0
79464,-1.68674169768,0
79465,-1.71198446971,0
79466,-1.85458518636,0
79467,-1.68340273104,0
79468,-1.56060583195,0
79469,-1.7713353096,0
79470,-1.8705243747,0
79471,-1.55351366938,0
79472,-1.52826850455,0
79473,-1.52840974188,0
79474,-1.68371838349,0
79475,-1.74897529719,0
79476,-1.52878453357,0
79477,-1.50235103881,0
79478,-1.37415226061,0
79479,-1.50981514036,0
79480,-1.58144887402,0
79481,-1.55294894521,0
79482,-1.1430912167,0
79483,-1.08662303481,0
79484,-1.43202141572,0
79485,-0.982093420562,0
79486,-1.04139365538,0
79487,-0.90582953603,0
79488,-0.948733632075,0
79489,-0.824702612335,0
79490,-0.805119492148,0
79491,-1.14993626787,0
79492,-0.930942988512,0
79493,-0.838215054487,0
79494,-1.00079451978,0
79495,-0.878399013679,0
79496,-0.93606333694,0
79497,-0.584434395824,0
79498,-0.451400602427,0
79499,-0.58160840004,0
79500,-0.699740180483,0
79501,-0.466930566736,0
79502,-0.445802933729,0
79503,-0.562696214788,0
79504,-0.557473075256,0
79505,-0.204218649118,0
79506,-0.0917221594835,0
79507,-0.37617469156,0
79508,-0.000400167447397,0
79509,-0.368926728024,0
79510,0.0858564180889,0
79511,-0.162330682684,0
79512,-0.031119085335,0
79513,-0.135815410515,0
79514,0.0460512517416,0
79515,0.16613746506,0
79516,0.273152101684,0
79517,-0.00242790897745,0
79518,0.369792738467,0
79519,0.140011858324,0
79520,0.15844378346,0
79521,0.137786995431,0
79522,0.411752596098,0
79523,0.217405675788,0
79524,0.247311836247,0
79525,0.266081584052,0
79526,0.329734906684,0
79527,0.449741995021,0
79528,0.720702170188,0
79529,0.57389747934,0
79530,0.449914260767,0
79531,0.793111402992,0
79532,0.776110509931,0
79533,0.467393918541,0
79534,0.763885211994,0
79535,0.897637283619,0
79536,0.899762645669,0
79537,0.599887352636,0
79538,0.948006067758,0
79539,0.594323230595,0
79540,0.923915253703,0
79541,0.986610308133,0
79542,0.817216139685,0
79543,0.842910945073,0
79544,0.618987653203,0
79545,0.704476326937,0
79546,1.02986804772,0
79547,0.968091935691,0
79548,0.891405489743,0
79549,0.628136715354,0
79550,0.645576329893,0
79551,0.884024719185,0
79552,1.02003614514,0
79553,0.94674674331,0
79554,0.811569019421,0
79555,0.777822973594,0
79556,0.851295892505,0
79557,0.818594676851,0
79558,0.734647607035,0
79559,0.554912035682,0
79560,0.796677076565,0
79561,0.528286510242,0
79562,0.695501206365,0
79563,0.495362836206,0
79564,0.796743827612,0
79565,0.504034280928,0
79566,0.704368070431,0
79567,0.497301142436,0
79568,0.499191122655,0
79569,0.705697301065,0
79570,0.342916278908,0
79571,0.451051009753,0
79572,0.288147722168,0
79573,0.588708926773,0
79574,0.299837532346,0
79575,0.186574594359,0
79576,0.446749802193,0
79577,0.530531675927,0
79578,0.233313469007,0
79579,0.431618742996,0
79580,0.227594232618,0
79581,0.382820912076,0
79582,0.311677145807,0
79583,-0.105133996727,0
79584,0.189774176579,0
79585,0.236148873468,0
79586,-0.19019535482,0
79587,-0.23278441579,0
79588,0.0833961399213,0
79589,0.0610840440991,0
79590,-0.251730022635,0
79591,-0.226185522264,0
79592,-0.462736642088,0
79593,-0.443539333693,0
79594,-0.192371981461,0
79595,-0.191881877792,0
79596,-0.365755023267,0
79597,-0.284274848424,0
79598,-0.657826174708,0
79599,-0.365110275498,0
79600,-0.957468564453,0
79601,-0.891746269916,0
79602,-0.677485273655,0
79603,-0.87499805519,0
79604,-1.05216348401,0
79605,-1.2028134081,0
79606,-0.926849551397,0
79607,-1.29388102123,0
79608,-1.2226331414,0
79609,-1.18094568598,0
79610,-1.03927973441,0
79611,-1.2947607338,0
79612,-1.20839690952,0
79613,-1.42831463162,0
79614,-1.53342478694,0
79615,-1.25752829538,0
79616,-1.50565486099,0
79617,-1.71951404947,0
79618,-1.71512826332,0
79619,-1.54919108725,0
79620,-1.43699248442,0
79621,-1.8035539469,0
79622,-1.70448127798,0
79623,-1.93442479903,0
79624,-1.96653739619,0
79625,-1.61654955896,0
79626,-1.68012824294,0
79627,-1.63934813806,0
79628,-1.71122718725,0
79629,-1.74711571991,0
79630,-1.93823958421,0
79631,-2.05557467634,0
79632,-2.06473588616,0
79633,-1.85016201849,0
79634,-2.23006490623,0
79635,-2.25126246933,0
79636,-1.85632901559,0
79637,-2.14839952513,0
79638,-2.20438675882,0
79639,-2.3109548394,0
79640,-2.33642041669,0
79641,-1.93280384844,0
79642,-2.30480217341,0
79643,-2.34800473146,0
79644,-2.0647135939,0
79645,-2.04496961577,0
79646,-2.15556993644,0
79647,-2.02743268897,0
79648,-2.229259196,0
79649,-2.36711377351,0
79650,-2.23786402782,0
79651,-1.98548335562,0
79652,-2.40157867969,0
79653,-2.25609939774,0
79654,-2.37304867412,0
79655,-2.113867931,0
79656,-2.37558762139,0
79657,-1.98432079319,0
79658,-2.10184214936,0
79659,-2.25438465423,0
79660,-2.33190619133,0
79661,-2.0148907653,0
79662,-1.89719383197,0
79663,-1.88526264188,0
79664,-1.90904764328,0
79665,-1.93429041531,0
79666,-2.07689113196,0
79667,-1.90570867664,0
79668,-1.78291177755,0
79669,-1.9936412552,0
79670,-2.09283032029,0
79671,-1.77581961498,0
79672,-1.75057445015,0
79673,-1.75071568747,0
79674,-1.90602432909,0
79675,-1.97128124279,0
79676,-1.75109047916,0
79677,-1.7246569844,0
79678,-1.59645820621,0
79679,-1.73212108596,0
79680,-1.80375481962,0
79681,-1.77525489081,0
79682,-1.3653971623,0
79683,-1.30892898041,0
79684,-1.65432736132,0
79685,-1.20439936616,0
79686,-1.26369960098,0
79687,-1.12813548163,0
79688,-1.17103957767,0
79689,-1.04700855793,0
79690,-1.02742543775,0
79691,-1.37224221347,0
79692,-1.15324893411,0
79693,-1.06052100009,0
79694,-1.22310046538,0
79695,-1.10070495928,0
79696,-1.15836928254,0
79697,-0.806740341422,0
79698,-0.673706548026,0
79699,-0.803914345639,0
79700,-0.922046126082,0
79701,-0.689236512335,0
79702,-0.668108879328,0
79703,-0.785002160386,0
79704,-0.779779020854,0
79705,-0.426524594717,0
79706,-0.314028105082,0
79707,-0.598480637159,0
79708,-0.222706113046,0
79709,-0.591232673622,0
79710,-0.13644952751,0
79711,-0.384636628283,0
79712,-0.253425030934,0
79713,-0.358121356114,0
79714,-0.176254693857,0
79715,-0.056168480539,0
79716,0.0508461560852,0
79717,-0.224733854576,0
79718,0.147486792868,0
79719,-0.082294087275,0
79720,-0.0638621621389,0
79721,-0.0845189501674,0
79722,0.189446650499,0
79723,-0.00490026981052,0
79724,0.0250058906481,0
79725,0.0437756384532,0
79726,0.107428961085,0
79727,0.227436049422,0
79728,0.498396224589,0
79729,0.351591533741,0
79730,0.227608315168,0
79731,0.570805457393,0
79732,0.553804564332,0
79733,0.245087972942,0
79734,0.541579266395,0
79735,0.67533133802,0
79736,0.677456700071,0
79737,0.377581407037,0
79738,0.725700122159,0
79739,0.372017284996,0
79740,0.701609308104,0
79741,0.764304362534,0
79742,0.594910194086,0
79743,0.620604999474,0
79744,0.396681707604,0
79745,0.482170381338,0
79746,0.80756210212,0
79747,0.745785990092,0
79748,0.669099544144,0
79749,0.405830769755,0
79750,0.423270384294,0
79751,0.661718773586,0
79752,0.797730199544,0
79753,0.724440797711,0
79754,0.589263073822,0
79755,0.555517027996,0
79756,0.628989946906,0
79757,0.596288731252,0
79758,0.512341661437,0
79759,0.332606090083,0
79760,0.574371130967,0
79761,0.305980564643,0
79762,0.473195260766,0
79763,0.273056890607,0
79764,0.574437882014,0
79765,0.281728335329,0
79766,0.482062124832,0
79767,0.274995196837,0
79768,0.276885177056,0
79769,0.483391355466,0
79770,0.120610333309,0
79771,0.228745064154,0
79772,0.065841776569,0
79773,0.366402981174,0
79774,0.0775315867476,0
79775,-0.0357313512401,0
79776,0.224443856594,0
79777,0.308225730328,0
79778,0.0110075234079,0
79779,0.209312797397,0
79780,0.0052882870193,0
79781,0.160514966477,0
79782,0.0893712002079,0
79783,-0.327439942326,0
79784,-0.03253176902,0
79785,0.0138429278692,0
79786,-0.412501300419,0
79787,-0.455090361389,0
79788,-0.138909805678,0
79789,-0.1612219015,0
79790,-0.474035968233,0
79791,-0.448491467863,0
79792,-0.685042587687,0
79793,-0.665845279292,0
79794,-0.41467792706,0
79795,-0.41418782339,0
79796,-0.588060968866,0
79797,-0.506580794023,0
79798,-0.880132120307,0
79799,-0.587416221097,0
79800,-1.16346053363,0
79801,-1.09773823909,0
79802,-0.883477242833,0
79803,-1.08099002437,0
79804,-1.25815545319,0
79805,-1.40880537728,0
79806,-1.13284152057,0
79807,-1.49987299041,0
79808,-1.42862511058,0
79809,-1.38693765515,0
79810,-1.24527170359,0
79811,-1.50075270298,0
79812,-1.4143888787,0
79813,-1.63430660079,0
79814,-1.73941675612,0
79815,-1.46352026456,0
79816,-1.71164683017,0
79817,-1.92550601864,0
79818,-1.9211202325,0
79819,-1.75518305643,0
79820,-1.6429844536,0
79821,-2.00954591607,0
79822,-1.91047324716,0
79823,-2.14041676821,0
79824,-2.17252936536,0
79825,-1.82254152814,0
79826,-1.88612021211,0
79827,-1.84534010724,0
79828,-1.91721915643,0
79829,-1.95310768908,0
79830,-2.14423155339,0
79831,-2.26156664552,0
79832,-2.27072785534,0
79833,-2.05615398766,0
79834,-2.4360568754,0
79835,-2.45725443851,0
79836,-2.06232098477,0
79837,-2.35439149431,0
79838,-2.410378728,0
79839,-2.51694680857,0
79840,-2.54241238587,0
79841,-2.13879581761,0
79842,-2.51079414259,0
79843,-2.55399670064,0
79844,-2.27070556307,0
79845,-2.25096158494,0
79846,-2.36156190562,0
79847,-2.23342465815,0
79848,-2.43525116518,0
79849,-2.57310574269,0
79850,-2.443855997,0
79851,-2.1914753248,0
79852,-2.60757064887,0
79853,-2.46209136692,0
79854,-2.5790406433,0
79855,-2.31985990018,0
79856,-2.58157959057,0
79857,-2.19031276237,0
79858,-2.30783411854,0
79859,-2.46037662341,0
79860,-2.53789816051,0
79861,-2.22088273448,0
79862,-2.10318580115,0
79863,-2.09125461105,0
79864,-2.11503961246,0
79865,-2.14028238449,0
79866,-2.28288310113,0
79867,-2.11170064582,0
79868,-1.98890374673,0
79869,-2.19963322438,0
79870,-2.29882228947,0
79871,-1.98181158416,0
79872,-1.95656641932,0
79873,-1.95670765665,0
79874,-2.11201629826,0
79875,-2.17727321197,0
79876,-1.95708244834,0
79877,-1.93064895358,0
79878,-1.80245017538,0
79879,-1.93811305514,0
79880,-2.00974678879,0
79881,-1.98124685999,0
79882,-1.57138913147,0
79883,-1.51492094959,0
79884,-1.8603193305,0
79885,-1.41039133534,0
79886,-1.46969157015,0
79887,-1.33412745081,0
79888,-1.37703154685,0
79889,-1.25300052711,0
79890,-1.23341740693,0
79891,-1.57823418264,0
79892,-1.35924090329,0
79893,-1.26651296926,0
79894,-1.42909243456,0
79895,-1.30669692846,0
79896,-1.36436125172,0
79897,-1.0127323106,0
79898,-0.879698517204,0
79899,-1.00990631482,0
79900,-1.12803809526,0
79901,-0.895228481513,0
79902,-0.874100848506,0
79903,-0.990994129565,0
79904,-0.985770990033,0
79905,-0.632516563895,0
79906,-0.52002007426,0
79907,-0.804472606337,0
79908,-0.428698082224,0
79909,-0.7972246428,0
79910,-0.342441496688,0
79911,-0.590628597461,0
79912,-0.459417000112,0
79913,-0.564113325292,0
79914,-0.382246663035,0
79915,-0.262160449717,0
79916,-0.155145813093,0
79917,-0.430725823754,0
79918,-0.05850517631,0
79919,-0.288286056453,0
79920,-0.269854131317,0
79921,-0.290510919345,0
79922,-0.0165453186787,0
79923,-0.210892238989,0
79924,-0.18098607853,0
79925,-0.162216330725,0
79926,-0.0985630080928,0
79927,0.0214440802443,0
79928,0.292404255411,0
79929,0.145599564563,0
79930,0.02161634599,0
79931,0.364813488215,0
79932,0.347812595154,0
79933,0.0390960037638,0
79934,0.335587297217,0
79935,0.469339368842,0
79936,0.471464730892,0
79937,0.171589437859,0
79938,0.519708152981,0
79939,0.166025315818,0
79940,0.495617338926,0
79941,0.558312393356,0
79942,0.388918224908,0
79943,0.414613030296,0
79944,0.190689738426,0
79945,0.27617841216,0
79946,0.601570132942,0
79947,0.539794020914,0
79948,0.463107574966,0
79949,0.199838800577,0
79950,0.217278415116,0
79951,0.455726804408,0
79952,0.591738230366,0
79953,0.518448828533,0
79954,0.383271104644,0
79955,0.349525058817,0
79956,0.422997977728,0
79957,0.390296762074,0
79958,0.306349692259,0
79959,0.126614120905,0
79960,0.368379161788,0
79961,0.0999885954649,0
79962,0.267203291588,0
79963,0.0670649214289,0
79964,0.368445912835,0
79965,0.0757363661512,0
79966,0.276070155654,0
79967,0.0690032276588,0
79968,0.0708932078779,0
79969,0.277399386288,0
79970,-0.0853816358694,0
79971,0.0227530949756,0
79972,-0.140150192609,0
79973,0.160411011996,0
79974,-0.128460382431,0
79975,-0.241723320418,0
79976,0.0184518874157,0
79977,0.10223376115,0
79978,-0.19498444577,0
79979,0.00332082821883,0
79980,-0.200703682159,0
79981,-0.0454770027013,0
79982,-0.11662076897,0
79983,-0.533431911504,0
79984,-0.238523738198,0
79985,-0.192149041309,0
79986,-0.618493269597,0
79987,-0.661082330567,0
79988,-0.344901774856,0
79989,-0.367213870678,0
79990,-0.680027937412,0
79991,-0.654483437041,0
79992,-0.891034556865,0
79993,-0.87183724847,0
79994,-0.620669896238,0
79995,-0.620179792568,0
79996,-0.794052938044,0
79997,-0.712572763201,0
79998,-1.08612408949,0
79999,-0.793408190275,0
80000,-1.27125202649,0
80001,-1.20552973196,0
80002,-0.991268735697,0
80003,-1.18878151723,0
80004,-1.36594694605,0
80005,-1.51659687014,0
80006,-1.24063301344,0
80007,-1.60766448327,0
80008,-1.53641660344,0
80009,-1.49472914802,0
80010,-1.35306319645,0
80011,-1.60854419584,0
80012,-1.52218037156,0
80013,-1.74209809366,0
80014,-1.84720824898,0
80015,-1.57131175742,0
80016,-1.81943832303,0
80017,-2.03329751151,0
80018,-2.02891172536,0
80019,-1.8629745493,0
80020,-1.75077594646,0
80021,-2.11733740894,0
80022,-2.01826474002,0
80023,-2.24820826107,0
80024,-2.28032085823,0
80025,-1.930333021,0
80026,-1.99391170498,0
80027,-1.9531316001,0
80028,-2.02501064929,0
80029,-2.06089918195,0
80030,-2.25202304625,0
80031,-2.36935813838,0
80032,-2.3785193482,0
80033,-2.16394548053,0
80034,-2.54384836827,0
80035,-2.56504593137,0
80036,-2.17011247763,0
80037,-2.46218298717,0
80038,-2.51817022086,0
80039,-2.62473830144,0
80040,-2.65020387873,0
80041,-2.24658731048,0
80042,-2.61858563546,0
80043,-2.66178819351,0
80044,-2.37849705594,0
80045,-2.35875307781,0
80046,-2.46935339848,0
80047,-2.34121615101,0
80048,-2.54304265804,0
80049,-2.68089723555,0
80050,-2.55164748987,0
80051,-2.29926681766,0
80052,-2.71536214173,0
80053,-2.56988285978,0
80054,-2.68683213616,0
80055,-2.42765139304,0
80056,-2.68937108344,0
80057,-2.29810425523,0
80058,-2.4156256114,0
80059,-2.56816811627,0
80060,-2.64568965338,0
80061,-2.32867422734,0
80062,-2.21097729401,0
80063,-2.19904610392,0
80064,-2.22283110532,0
80065,-2.24807387735,0
80066,-2.390674594,0
80067,-2.21949213868,0
80068,-2.0966952396,0
80069,-2.30742471724,0
80070,-2.40661378234,0
80071,-2.08960307702,0
80072,-2.06435791219,0
80073,-2.06449914952,0
80074,-2.21980779113,0
80075,-2.28506470483,0
80076,-2.06487394121,0
80077,-2.03844044645,0
80078,-1.91024166825,0
80079,-2.045904548,0
80080,-2.11753828166,0
80081,-2.08903835285,0
80082,-1.67918062434,0
80083,-1.62271244245,0
80084,-1.96811082336,0
80085,-1.5181828282,0
80086,-1.57748306302,0
80087,-1.44191894367,0
80088,-1.48482303972,0
80089,-1.36079201998,0
80090,-1.34120889979,0
80091,-1.68602567551,0
80092,-1.46703239615,0
80093,-1.37430446213,0
80094,-1.53688392742,0
80095,-1.41448842132,0
80096,-1.47215274458,0
80097,-1.12052380346,0
80098,-0.987490010068,0
80099,-1.11769780768,0
80100,-1.23582958812,0
80101,-1.00301997438,0
80102,-0.98189234137,0
80103,-1.09878562243,0
80104,-1.0935624829,0
80105,-0.740308056759,0
80106,-0.627811567124,0
80107,-0.912264099201,0
80108,-0.536489575088,0
80109,-0.905016135664,0
80110,-0.450232989552,0
80111,-0.698420090325,0
80112,-0.567208492976,0
80113,-0.671904818156,0
80114,-0.490038155899,0
80115,-0.369951942581,0
80116,-0.262937305957,0
80117,-0.538517316618,0
80118,-0.166296669174,0
80119,-0.396077549317,0
80120,-0.377645624181,0
80121,-0.398302412209,0
80122,-0.124336811543,0
80123,-0.318683731853,0
80124,-0.288777571394,0
80125,-0.270007823589,0
80126,-0.206354500957,0
80127,-0.0863474126196,0
80128,0.184612762547,0
80129,0.0378080716992,0
80130,-0.086175146874,0
80131,0.257021995351,0
80132,0.24002110229,0
80133,-0.0686954891002,0
80134,0.227795804353,0
80135,0.361547875978,0
80136,0.363673238028,0
80137,0.0637979449948,0
80138,0.411916660117,0
80139,0.0582338229544,0
80140,0.387825846062,0
80141,0.450520900492,0
80142,0.281126732044,0
80143,0.306821537432,0
80144,0.0828982455616,0
80145,0.168386919296,0
80146,0.493778640078,0
80147,0.43200252805,0
80148,0.355316082102,0
80149,0.0920473077131,0
80150,0.109486922252,0
80151,0.347935311544,0
80152,0.483946737502,0
80153,0.410657335669,0
80154,0.27547961178,0
80155,0.241733565953,0
80156,0.315206484864,0
80157,0.28250526921,0
80158,0.198558199395,0
80159,0.0188226280411,0
80160,0.260587668924,0
80161,-0.00780289739908,0
80162,0.159411798724,0
80163,-0.0407265714351,0
80164,0.260654419971,0
80165,-0.0320551267128,0
80166,0.16827866279,0
80167,-0.0387882652052,0
80168,-0.0368982849861,0
80169,0.169607893424,0
80170,-0.193173128733,0
80171,-0.0850383978884,0
80172,-0.247941685473,0
80173,0.0526195191322,0
80174,-0.236251875295,0
80175,-0.349514813282,0
80176,-0.0893396054483,0
80177,-0.00555773171366,0
80178,-0.302775938634,0
80179,-0.104470664645,0
80180,-0.308495175023,0
80181,-0.153268495565,0
80182,-0.224412261834,0
80183,-0.641223404368,0
80184,-0.346315231062,0
80185,-0.299940534173,0
80186,-0.726284762461,0
80187,-0.768873823431,0
80188,-0.45269326772,0
80189,-0.475005363542,0
80190,-0.787819430276,0
80191,-0.762274929905,0
80192,-0.998826049729,0
80193,-0.979628741334,0
80194,-0.728461389102,0
80195,-0.727971285432,0
80196,-0.901844430908,0
80197,-0.820364256065,0
80198,-1.19391558235,0
80199,-0.901199683139,0
80200,-1.07883926118,0
80201,-1.01311696664,0
80202,-0.798855970381,0
80203,-0.996368751917,0
80204,-1.17353418074,0
80205,-1.32418410483,0
80206,-1.04822024812,0
80207,-1.41525171796,0
80208,-1.34400383812,0
80209,-1.3023163827,0
80210,-1.16065043114,0
80211,-1.41613143053,0
80212,-1.32976760625,0
80213,-1.54968532834,0
80214,-1.65479548367,0
80215,-1.3788989921,0
80216,-1.62702555772,0
80217,-1.84088474619,0
80218,-1.83649896005,0
80219,-1.67056178398,0
80220,-1.55836318115,0
80221,-1.92492464362,0
80222,-1.82585197471,0
80223,-2.05579549576,0
80224,-2.08790809291,0
80225,-1.73792025568,0
80226,-1.80149893966,0
80227,-1.76071883478,0
80228,-1.83259788398,0
80229,-1.86848641663,0
80230,-2.05961028094,0
80231,-2.17694537307,0
80232,-2.18610658289,0
80233,-1.97153271521,0
80234,-2.35143560295,0
80235,-2.37263316605,0
80236,-1.97769971231,0
80237,-2.26977022186,0
80238,-2.32575745554,0
80239,-2.43232553612,0
80240,-2.45779111342,0
80241,-2.05417454516,0
80242,-2.42617287014,0
80243,-2.46937542819,0
80244,-2.18608429062,0
80245,-2.16634031249,0
80246,-2.27694063317,0
80247,-2.14880338569,0
80248,-2.35062989272,0
80249,-2.48848447024,0
80250,-2.35923472455,0
80251,-2.10685405234,0
80252,-2.52294937641,0
80253,-2.37747009447,0
80254,-2.49441937085,0
80255,-2.23523862773,0
80256,-2.49695831812,0
80257,-2.10569148991,0
80258,-2.22321284608,0
80259,-2.37575535095,0
80260,-2.45327688806,0
80261,-2.13626146203,0
80262,-2.0185645287,0
80263,-2.0066333386,0
80264,-2.03041834001,0
80265,-2.05566111204,0
80266,-2.19826182868,0
80267,-2.02707937337,0
80268,-1.90428247428,0
80269,-2.11501195192,0
80270,-2.21420101702,0
80271,-1.89719031171,0
80272,-1.87194514687,0
80273,-1.8720863842,0
80274,-2.02739502581,0
80275,-2.09265193952,0
80276,-1.87246117589,0
80277,-1.84602768113,0
80278,-1.71782890293,0
80279,-1.85349178268,0
80280,-1.92512551634,0
80281,-1.89662558754,0
80282,-1.48676785902,0
80283,-1.43029967714,0
80284,-1.77569805805,0
80285,-1.32577006289,0
80286,-1.3850702977,0
80287,-1.24950617836,0
80288,-1.2924102744,0
80289,-1.16837925466,0
80290,-1.14879613447,0
80291,-1.49361291019,0
80292,-1.27461963084,0
80293,-1.18189169681,0
80294,-1.34447116211,0
80295,-1.222075656,0
80296,-1.27973997927,0
80297,-0.928111038149,0
80298,-0.795077244753,0
80299,-0.925285042366,0
80300,-1.04341682281,0
80301,-0.810607209062,0
80302,-0.789479576055,0
80303,-0.906372857113,0
80304,-0.901149717581,0
80305,-0.547895291443,0
80306,-0.435398801809,0
80307,-0.719851333886,0
80308,-0.344076809773,0
80309,-0.712603370349,0
80310,-0.257820224237,0
80311,-0.50600732501,0
80312,-0.374795727661,0
80313,-0.479492052841,0
80314,-0.297625390584,0
80315,-0.177539177266,0
80316,-0.0705245406416,0
80317,-0.346104551303,0
80318,0.0261160961413,0
80319,-0.203664784002,0
80320,-0.185232858866,0
80321,-0.205889646894,0
80322,0.0680759537726,0
80323,-0.126270966537,0
80324,-0.0963648060787,0
80325,-0.0775950582736,0
80326,-0.0139417356415,0
80327,0.106065352696,0
80328,0.377025527862,0
80329,0.230220837014,0
80330,0.106237618441,0
80331,0.449434760666,0
80332,0.432433867605,0
80333,0.123717276215,0
80334,0.420208569668,0
80335,0.553960641294,0
80336,0.556086003344,0
80337,0.25621071031,0
80338,0.604329425432,0
80339,0.25064658827,0
80340,0.580238611378,0
80341,0.642933665808,0
80342,0.473539497359,0
80343,0.499234302747,0
80344,0.275311010877,0
80345,0.360799684611,0
80346,0.686191405393,0
80347,0.624415293365,0
80348,0.547728847417,0
80349,0.284460073028,0
80350,0.301899687567,0
80351,0.540348076859,0
80352,0.676359502817,0
80353,0.603070100984,0
80354,0.467892377095,0
80355,0.434146331269,0
80356,0.507619250179,0
80357,0.474918034525,0
80358,0.39097096471,0
80359,0.211235393356,0
80360,0.45300043424,0
80361,0.184609867916,0
80362,0.351824564039,0
80363,0.15168619388,0
80364,0.453067185287,0
80365,0.160357638603,0
80366,0.360691428105,0
80367,0.15362450011,0
80368,0.155514480329,0
80369,0.362020658739,0
80370,-0.000760363418105,0
80371,0.107374367427,0
80372,-0.0555289201578,0
80373,0.245032284447,0
80374,-0.0438391099792,0
80375,-0.157102047967,0
80376,0.103073159867,0
80377,0.186855033602,0
80378,-0.110363173319,0
80379,0.0879421006701,0
80380,-0.116082409708,0
80381,0.03914426975,0
80382,-0.0319994965189,0
80383,-0.448810639052,0
80384,-0.153902465747,0
80385,-0.107527768858,0
80386,-0.533871997146,0
80387,-0.576461058116,0
80388,-0.260280502404,0
80389,-0.282592598227,0
80390,-0.59540666496,0
80391,-0.56986216459,0
80392,-0.806413284414,0
80393,-0.787215976018,0
80394,-0.536048623787,0
80395,-0.535558520117,0
80396,-0.709431665593,0
80397,-0.627951490749,0
80398,-1.00150281703,0
80399,-0.708786917824,0
80400,-0.927761981939,0
80401,-0.862039687402,0
80402,-0.647778691141,0
80403,-0.845291472676,0
80404,-1.02245690149,0
80405,-1.17310682559,0
80406,-0.897142968883,0
80407,-1.26417443872,0
80408,-1.19292655888,0
80409,-1.15123910346,0
80410,-1.0095731519,0
80411,-1.26505415129,0
80412,-1.17869032701,0
80413,-1.3986080491,0
80414,-1.50371820442,0
80415,-1.22782171286,0
80416,-1.47594827848,0
80417,-1.68980746695,0
80418,-1.68542168081,0
80419,-1.51948450474,0
80420,-1.4072859019,0
80421,-1.77384736438,0
80422,-1.67477469547,0
80423,-1.90471821652,0
80424,-1.93683081367,0
80425,-1.58684297644,0
80426,-1.65042166042,0
80427,-1.60964155554,0
80428,-1.68152060474,0
80429,-1.71740913739,0
80430,-1.9085330017,0
80431,-2.02586809383,0
80432,-2.03502930365,0
80433,-1.82045543597,0
80434,-2.20035832371,0
80435,-2.22155588681,0
80436,-1.82662243307,0
80437,-2.11869294262,0
80438,-2.1746801763,0
80439,-2.28124825688,0
80440,-2.30671383418,0
80441,-1.90309726592,0
80442,-2.2750955909,0
80443,-2.31829814895,0
80444,-2.03500701138,0
80445,-2.01526303325,0
80446,-2.12586335393,0
80447,-1.99772610645,0
80448,-2.19955261348,0
80449,-2.337407191,0
80450,-2.20815744531,0
80451,-1.9557767731,0
80452,-2.37187209717,0
80453,-2.22639281522,0
80454,-2.34334209161,0
80455,-2.08416134849,0
80456,-2.34588103888,0
80457,-1.95461421067,0
80458,-2.07213556684,0
80459,-2.22467807171,0
80460,-2.30219960882,0
80461,-1.98518418279,0
80462,-1.86748724946,0
80463,-1.85555605936,0
80464,-1.87934106076,0
80465,-1.9045838328,0
80466,-2.04718454944,0
80467,-1.87600209413,0
80468,-1.75320519504,0
80469,-1.96393467268,0
80470,-2.06312373778,0
80471,-1.74611303246,0
80472,-1.72086786763,0
80473,-1.72100910496,0
80474,-1.87631774657,0
80475,-1.94157466028,0
80476,-1.72138389665,0
80477,-1.69495040189,0
80478,-1.56675162369,0
80479,-1.70241450344,0
80480,-1.7740482371,0
80481,-1.7455483083,0
80482,-1.33569057978,0
80483,-1.2792223979,0
80484,-1.62462077881,0
80485,-1.17469278365,0
80486,-1.23399301846,0
80487,-1.09842889911,0
80488,-1.14133299516,0
80489,-1.01730197542,0
80490,-0.997718855233,0
80491,-1.34253563095,0
80492,-1.1235423516,0
80493,-1.03081441757,0
80494,-1.19339388286,0
80495,-1.07099837676,0
80496,-1.12866270002,0
80497,-0.777033758908,0
80498,-0.643999965512,0
80499,-0.774207763125,0
80500,-0.892339543568,0
80501,-0.659529929821,0
80502,-0.638402296814,0
80503,-0.755295577872,0
80504,-0.75007243834,0
80505,-0.396818012203,0
80506,-0.284321522568,0
80507,-0.568774054645,0
80508,-0.192999530532,0
80509,-0.561526091108,0
80510,-0.106742944996,0
80511,-0.354930045769,0
80512,-0.22371844842,0
80513,-0.3284147736,0
80514,-0.146548111343,0
80515,-0.0264618980249,0
80516,0.0805527385993,0
80517,-0.195027272062,0
80518,0.177193375382,0
80519,-0.052587504761,0
80520,-0.0341555796249,0
80521,-0.0548123676533,0
80522,0.219153233013,0
80523,0.0248063127035,0
80524,0.0547124731621,0
80525,0.0734822209672,0
80526,0.137135543599,0
80527,0.257142631936,0
80528,0.528102807103,0
80529,0.381298116255,0
80530,0.257314897682,0
80531,0.600512039907,0
80532,0.583511146846,0
80533,0.274794555456,0
80534,0.571285848909,0
80535,0.705037920534,0
80536,0.707163282585,0
80537,0.407287989551,0
80538,0.755406704673,0
80539,0.40172386751,0
80540,0.731315890618,0
80541,0.794010945049,0
80542,0.6246167766,0
80543,0.650311581988,0
80544,0.426388290118,0
80545,0.511876963852,0
80546,0.837268684634,0
80547,0.775492572606,0
80548,0.698806126658,0
80549,0.435537352269,0
80550,0.452976966808,0
80551,0.6914253561,0
80552,0.827436782058,0
80553,0.754147380225,0
80554,0.618969656336,0
80555,0.58522361051,0
80556,0.65869652942,0
80557,0.625995313766,0
80558,0.542048243951,0
80559,0.362312672597,0
80560,0.604077713481,0
80561,0.335687147157,0
80562,0.50290184328,0
80563,0.302763473121,0
80564,0.604144464528,0
80565,0.311434917843,0
80566,0.511768707346,0
80567,0.304701779351,0
80568,0.30659175957,0
80569,0.51309793798,0
80570,0.150316915823,0
80571,0.258451646668,0
80572,0.095548359083,0
80573,0.396109563688,0
80574,0.107238169262,0
80575,-0.00602476872608,0
80576,0.254150439108,0
80577,0.337932312842,0
80578,0.0407141059219,0
80579,0.239019379911,0
80580,0.0349948695333,0
80581,0.190221548991,0
80582,0.119077782722,0
80583,-0.297733359812,0
80584,-0.00282518650601,0
80585,0.0435495103832,0
80586,-0.382794717905,0
80587,-0.425383778875,0
80588,-0.109203223164,0
80589,-0.131515318986,0
80590,-0.444329385719,0
80591,-0.418784885349,0
80592,-0.655336005173,0
80593,-0.636138696778,0
80594,-0.384971344546,0
80595,-0.384481240876,0
80596,-0.558354386352,0
80597,-0.476874211509,0
80598,-0.850425537793,0
80599,-0.557709638583,0
80600,-0.594237781522,0
80601,-0.528515486986,0
80602,-0.314254490724,0
80603,-0.511767272259,0
80604,-0.688932701078,0
80605,-0.839582625168,0
80606,-0.563618768466,0
80607,-0.930650238299,0
80608,-0.859402358467,0
80609,-0.817714903045,0
80610,-0.676048951479,0
80611,-0.931529950872,0
80612,-0.845166126589,0
80613,-1.06508384868,0
80614,-1.17019400401,0
80615,-0.894297512447,0
80616,-1.14242407806,0
80617,-1.35628326654,0
80618,-1.35189748039,0
80619,-1.18596030432,0
80620,-1.07376170149,0
80621,-1.44032316397,0
80622,-1.34125049505,0
80623,-1.5711940161,0
80624,-1.60330661325,0
80625,-1.25331877603,0
80626,-1.31689746,0
80627,-1.27611735513,0
80628,-1.34799640432,0
80629,-1.38388493698,0
80630,-1.57500880128,0
80631,-1.69234389341,0
80632,-1.70150510323,0
80633,-1.48693123556,0
80634,-1.86683412329,0
80635,-1.8880316864,0
80636,-1.49309823266,0
80637,-1.7851687422,0
80638,-1.84115597589,0
80639,-1.94772405646,0
80640,-1.97318963376,0
80641,-1.56957306551,0
80642,-1.94157139048,0
80643,-1.98477394853,0
80644,-1.70148281096,0
80645,-1.68173883283,0
80646,-1.79233915351,0
80647,-1.66420190604,0
80648,-1.86602841307,0
80649,-2.00388299058,0
80650,-1.87463324489,0
80651,-1.62225257269,0
80652,-2.03834789676,0
80653,-1.89286861481,0
80654,-2.00981789119,0
80655,-1.75063714807,0
80656,-2.01235683846,0
80657,-1.62109001026,0
80658,-1.73861136643,0
80659,-1.8911538713,0
80660,-1.9686754084,0
80661,-1.65165998237,0
80662,-1.53396304904,0
80663,-1.52203185895,0
80664,-1.54581686035,0
80665,-1.57105963238,0
80666,-1.71366034903,0
80667,-1.54247789371,0
80668,-1.41968099462,0
80669,-1.63041047227,0
80670,-1.72959953736,0
80671,-1.41258883205,0
80672,-1.38734366722,0
80673,-1.38748490454,0
80674,-1.54279354615,0
80675,-1.60805045986,0
80676,-1.38785969623,0
80677,-1.36142620147,0
80678,-1.23322742328,0
80679,-1.36889030303,0
80680,-1.44052403669,0
80681,-1.41202410788,0
80682,-1.00216637936,0
80683,-0.945698197482,0
80684,-1.29109657839,0
80685,-0.84116858323,0
80686,-0.900468818045,0
80687,-0.764904698698,0
80688,-0.807808794743,0
80689,-0.683777775003,0
80690,-0.664194654816,0
80691,-1.00901143054,0
80692,-0.79001815118,0
80693,-0.697290217155,0
80694,-0.859869682448,0
80695,-0.737474176347,0
80696,-0.795138499608,0
80697,-0.443509558492,0
80698,-0.310475765095,0
80699,-0.440683562708,0
80700,-0.558815343151,0
80701,-0.326005729404,0
80702,-0.304878096397,0
80703,-0.421771377456,0
80704,-0.416548237924,0
80705,-0.0632938117859,0
80706,0.0492026778485,0
80707,-0.235249854228,0
80708,0.140524669885,0
80709,-0.228001890692,0
80710,0.226781255421,0
80711,-0.0214058453521,0
80712,0.109805751997,0
80713,0.00510942681685,0
80714,0.186976089074,0
80715,0.307062302392,0
80716,0.414076939016,0
80717,0.138496928354,0
80718,0.510717575799,0
80719,0.280936695656,0
80720,0.299368620792,0
80721,0.278711832763,0
80722,0.55267743343,0
80723,0.35833051312,0
80724,0.388236673579,0
80725,0.407006421384,0
80726,0.470659744016,0
80727,0.590666832353,0
80728,0.86162700752,0
80729,0.714822316672,0
80730,0.590839098099,0
80731,0.934036240324,0
80732,0.917035347263,0
80733,0.608318755873,0
80734,0.904810049326,0
80735,1.03856212095,0
80736,1.040687483,0
80737,0.740812189968,0
80738,1.08893090509,0
80739,0.735248067927,0
80740,1.06484009104,0
80741,1.12753514547,0
80742,0.958140977017,0
80743,0.983835782405,0
80744,0.759912490535,0
80745,0.845401164269,0
80746,1.17079288505,0
80747,1.10901677302,0
80748,1.03233032708,0
80749,0.769061552686,0
80750,0.786501167225,0
80751,1.02494955652,0
80752,1.16096098247,0
80753,1.08767158064,0
80754,0.952493856753,0
80755,0.918747810926,0
80756,0.992220729836,0
80757,0.959519514183,0
80758,0.875572444367,0
80759,0.695836873014,0
80760,0.937601913897,0
80761,0.669211347574,0
80762,0.836426043697,0
80763,0.636287673538,0
80764,0.937668664944,0
80765,0.64495911826,0
80766,0.845292907763,0
80767,0.638225979768,0
80768,0.640115959987,0
80769,0.846622138397,0
80770,0.483841116239,0
80771,0.591975847084,0
80772,0.4290725595,0
80773,0.729633764105,0
80774,0.440762369678,0
80775,0.327499431691,0
80776,0.587674639525,0
80777,0.671456513259,0
80778,0.374238306339,0
80779,0.572543580328,0
80780,0.36851906995,0
80781,0.523745749408,0
80782,0.452601983139,0
80783,0.0357908406052,0
80784,0.330699013911,0
80785,0.3770737108,0
80786,-0.0492705174881,0
80787,-0.0918595784584,0
80788,0.224320977253,0
80789,0.202008881431,0
80790,-0.110805185303,0
80791,-0.0852606849323,0
80792,-0.321811804756,0
80793,-0.302614496361,0
80794,-0.0514471441292,0
80795,-0.0509570404596,0
80796,-0.224830185935,0
80797,-0.143350011092,0
80798,-0.516901337376,0
80799,-0.224185438166,0
80800,-0.593337433683,0
80801,-0.527615139147,0
80802,-0.313354142885,0
80803,-0.510866924421,0
80804,-0.688032353239,0
80805,-0.83868227733,0
80806,-0.562718420628,0
80807,-0.92974989046,0
80808,-0.858502010628,0
80809,-0.816814555207,0
80810,-0.675148603641,0
80811,-0.930629603034,0
80812,-0.844265778751,0
80813,-1.06418350085,0
80814,-1.16929365617,0
80815,-0.893397164609,0
80816,-1.14152373022,0
80817,-1.3553829187,0
80818,-1.35099713255,0
80819,-1.18505995649,0
80820,-1.07286135365,0
80821,-1.43942281613,0
80822,-1.34035014721,0
80823,-1.57029366826,0
80824,-1.60240626542,0
80825,-1.25241842819,0
80826,-1.31599711217,0
80827,-1.27521700729,0
80828,-1.34709605648,0
80829,-1.38298458914,0
80830,-1.57410845344,0
80831,-1.69144354557,0
80832,-1.70060475539,0
80833,-1.48603088772,0
80834,-1.86593377546,0
80835,-1.88713133856,0
80836,-1.49219788482,0
80837,-1.78426839436,0
80838,-1.84025562805,0
80839,-1.94682370863,0
80840,-1.97228928592,0
80841,-1.56867271767,0
80842,-1.94067104264,0
80843,-1.9838736007,0
80844,-1.70058246313,0
80845,-1.680838485,0
80846,-1.79143880567,0
80847,-1.6633015582,0
80848,-1.86512806523,0
80849,-2.00298264274,0
80850,-1.87373289705,0
80851,-1.62135222485,0
80852,-2.03744754892,0
80853,-1.89196826697,0
80854,-2.00891754335,0
80855,-1.74973680023,0
80856,-2.01145649062,0
80857,-1.62018966242,0
80858,-1.73771101859,0
80859,-1.89025352346,0
80860,-1.96777506056,0
80861,-1.65075963453,0
80862,-1.5330627012,0
80863,-1.52113151111,0
80864,-1.54491651251,0
80865,-1.57015928454,0
80866,-1.71276000119,0
80867,-1.54157754587,0
80868,-1.41878064678,0
80869,-1.62951012443,0
80870,-1.72869918953,0
80871,-1.41168848421,0
80872,-1.38644331938,0
80873,-1.38658455671,0
80874,-1.54189319832,0
80875,-1.60715011202,0
80876,-1.3869593484,0
80877,-1.36052585364,0
80878,-1.23232707544,0
80879,-1.36798995519,0
80880,-1.43962368885,0
80881,-1.41112376004,0
80882,-1.00126603153,0
80883,-0.944797849644,0
80884,-1.29019623055,0
80885,-0.840268235392,0
80886,-0.899568470207,0
80887,-0.76400435086,0
80888,-0.806908446904,0
80889,-0.682877427165,0
80890,-0.663294306978,0
80891,-1.0081110827,0
80892,-0.789117803342,0
80893,-0.696389869317,0
80894,-0.85896933461,0
80895,-0.736573828509,0
80896,-0.79423815177,0
80897,-0.442609210653,0
80898,-0.309575417257,0
80899,-0.43978321487,0
80900,-0.557914995313,0
80901,-0.325105381566,0
80902,-0.303977748559,0
80903,-0.420871029617,0
80904,-0.415647890085,0
80905,-0.0623934639475,0
80906,0.0501030256868,0
80907,-0.23434950639,0
80908,0.141425017723,0
80909,-0.227101542853,0
80910,0.227681603259,0
80911,-0.0205054975138,0
80912,0.110706099835,0
80913,0.00600977465519,0
80914,0.187876436912,0
80915,0.30796265023,0
80916,0.414977286854,0
80917,0.139397276193,0
80918,0.511617923637,0
80919,0.281837043494,0
80920,0.30026896863,0
80921,0.279612180602,0
80922,0.553577781269,0
80923,0.359230860959,0
80924,0.389137021417,0
80925,0.407906769222,0
80926,0.471560091854,0
80927,0.591567180192,0
80928,0.862527355358,0
80929,0.71572266451,0
80930,0.591739445937,0
80931,0.934936588162,0
80932,0.917935695101,0
80933,0.609219103711,0
80934,0.905710397164,0
80935,1.03946246879,0
80936,1.04158783084,0
80937,0.741712537806,0
80938,1.08983125293,0
80939,0.736148415766,0
80940,1.06574043887,0
80941,1.1284354933,0
80942,0.959041324855,0
80943,0.984736130243,0
80944,0.760812838373,0
80945,0.846301512107,0
80946,1.17169323289,0
80947,1.10991712086,0
80948,1.03323067491,0
80949,0.769961900524,0
80950,0.787401515063,0
80951,1.02584990436,0
80952,1.16186133031,0
80953,1.08857192848,0
80954,0.953394204591,0
80955,0.919648158765,0
80956,0.993121077675,0
80957,0.960419862021,0
80958,0.876472792206,0
80959,0.696737220852,0
80960,0.938502261736,0
80961,0.670111695412,0
80962,0.837326391535,0
80963,0.637188021376,0
80964,0.938569012783,0
80965,0.645859466098,0
80966,0.846193255601,0
80967,0.639126327606,0
80968,0.641016307825,0
80969,0.847522486235,0
80970,0.484741464078,0
80971,0.592876194923,0
80972,0.429972907338,0
80973,0.730534111943,0
80974,0.441662717517,0
80975,0.328399779529,0
80976,0.588574987363,0
80977,0.672356861098,0
80978,0.375138654177,0
80979,0.573443928166,0
80980,0.369419417788,0
80981,0.524646097246,0
80982,0.453502330977,0
80983,0.0366911884435,0
80984,0.331599361749,0
80985,0.377974058638,0
80986,-0.0483701696498,0
80987,-0.0909592306201,0
80988,0.225221325092,0
80989,0.202909229269,0
80990,-0.109904837464,0
80991,-0.0843603370939,0
80992,-0.320911456918,0
80993,-0.301714148522,0
80994,-0.0505467962909,0
80995,-0.0500566926212,0
80996,-0.223929838097,0
80997,-0.142449663253,0
80998,-0.516000989538,0
80999,-0.223285090328,0
81000,-0.407855442665,0
81001,-0.342133148128,0
81002,-0.127872151867,0
81003,-0.325384933402,0
81004,-0.502550362221,0
81005,-0.653200286311,0
81006,-0.377236429609,0
81007,-0.744267899442,0
81008,-0.673020019609,0
81009,-0.631332564188,0
81010,-0.489666612622,0
81011,-0.745147612015,0
81012,-0.658783787732,0
81013,-0.878701509828,0
81014,-0.983811665151,0
81015,-0.70791517359,0
81016,-0.956041739203,0
81017,-1.16990092768,0
81018,-1.16551514153,0
81019,-0.999577965466,0
81020,-0.88737936263,0
81021,-1.25394082511,0
81022,-1.15486815619,0
81023,-1.38481167724,0
81024,-1.4169242744,0
81025,-1.06693643717,0
81026,-1.13051512115,0
81027,-1.08973501627,0
81028,-1.16161406546,0
81029,-1.19750259812,0
81030,-1.38862646242,0
81031,-1.50596155455,0
81032,-1.51512276437,0
81033,-1.3005488967,0
81034,-1.68045178444,0
81035,-1.70164934754,0
81036,-1.3067158938,0
81037,-1.59878640334,0
81038,-1.65477363703,0
81039,-1.76134171761,0
81040,-1.7868072949,0
81041,-1.38319072665,0
81042,-1.75518905163,0
81043,-1.79839160968,0
81044,-1.51510047211,0
81045,-1.49535649398,0
81046,-1.60595681465,0
81047,-1.47781956718,0
81048,-1.67964607421,0
81049,-1.81750065172,0
81050,-1.68825090604,0
81051,-1.43587023383,0
81052,-1.8519655579,0
81053,-1.70648627595,0
81054,-1.82343555233,0
81055,-1.56425480921,0
81056,-1.82597449961,0
81057,-1.4347076714,0
81058,-1.55222902757,0
81059,-1.70477153244,0
81060,-1.78229306955,0
81061,-1.46527764351,0
81062,-1.34758071018,0
81063,-1.33564952009,0
81064,-1.35943452149,0
81065,-1.38467729352,0
81066,-1.52727801017,0
81067,-1.35609555485,0
81068,-1.23329865576,0
81069,-1.44402813341,0
81070,-1.54321719851,0
81071,-1.22620649319,0
81072,-1.20096132836,0
81073,-1.20110256569,0
81074,-1.3564112073,0
81075,-1.421668121,0
81076,-1.20147735738,0
81077,-1.17504386262,0
81078,-1.04684508442,0
81079,-1.18250796417,0
81080,-1.25414169783,0
81081,-1.22564176902,0
81082,-0.815784040507,0
81083,-0.759315858625,0
81084,-1.10471423953,0
81085,-0.654786244373,0
81086,-0.714086479188,0
81087,-0.578522359841,0
81088,-0.621426455885,0
81089,-0.497395436146,0
81090,-0.477812315959,0
81091,-0.822629091679,0
81092,-0.603635812323,0
81093,-0.510907878298,0
81094,-0.673487343591,0
81095,-0.55109183749,0
81096,-0.608756160751,0
81097,-0.257127219634,0
81098,-0.124093426238,0
81099,-0.254301223851,0
81100,-0.372433004294,0
81101,-0.139623390547,0
81102,-0.11849575754,0
81103,-0.235389038598,0
81104,-0.230165899066,0
81105,0.123088527071,0
81106,0.235585016706,0
81107,-0.048867515371,0
81108,0.326907008742,0
81109,-0.0416195518343,0
81110,0.413163594278,0
81111,0.164976493505,0
81112,0.296188090854,0
81113,0.191491765674,0
81114,0.373358427931,0
81115,0.493444641249,0
81116,0.600459277873,0
81117,0.324879267212,0
81118,0.697099914656,0
81119,0.467319034513,0
81120,0.485750959649,0
81121,0.465094171621,0
81122,0.739059772287,0
81123,0.544712851978,0
81124,0.574619012436,0
81125,0.593388760241,0
81126,0.657042082873,0
81127,0.77704917121,0
81128,1.04800934638,0
81129,0.901204655529,0
81130,0.777221436956,0
81131,1.12041857918,0
81132,1.10341768612,0
81133,0.79470109473,0
81134,1.09119238818,0
81135,1.22494445981,0
81136,1.22706982186,0
81137,0.927194528825,0
81138,1.27531324395,0
81139,0.921630406785,0
81140,1.25122242989,0
81141,1.31391748432,0
81142,1.14452331587,0
81143,1.17021812126,0
81144,0.946294829392,0
81145,1.03178350313,0
81146,1.35717522391,0
81147,1.29539911188,0
81148,1.21871266593,0
81149,0.955443891543,0
81150,0.972883506082,0
81151,1.21133189537,0
81152,1.34734332133,0
81153,1.2740539195,0
81154,1.13887619561,0
81155,1.10513014978,0
81156,1.17860306869,0
81157,1.14590185304,0
81158,1.06195478322,0
81159,0.882219211871,0
81160,1.12398425275,0
81161,0.855593686431,0
81162,1.02280838255,0
81163,0.822670012395,0
81164,1.1240510038,0
81165,0.831341457117,0
81166,1.03167524662,0
81167,0.824608318625,0
81168,0.826498298844,0
81169,1.03300447725,0
81170,0.670223455097,0
81171,0.778358185942,0
81172,0.615454898357,0
81173,0.916016102962,0
81174,0.627144708536,0
81175,0.513881770548,0
81176,0.774056978382,0
81177,0.857838852116,0
81178,0.560620645196,0
81179,0.758925919185,0
81180,0.554901408807,0
81181,0.710128088265,0
81182,0.638984321996,0
81183,0.222173179462,0
81184,0.517081352768,0
81185,0.563456049657,0
81186,0.137111821369,0
81187,0.0945227603988,0
81188,0.41070331611,0
81189,0.388391220288,0
81190,0.0755771535546,0
81191,0.101121653925,0
81192,-0.135429465899,0
81193,-0.116232157504,0
81194,0.134935194728,0
81195,0.135425298398,0
81196,-0.0384478470779,0
81197,0.0430323277655,0
81198,-0.330518998519,0
81199,-0.0378030993091,0
81200,-0.490576464361,0
81201,-0.424854169825,0
81202,-0.210593173563,0
81203,-0.408105955099,0
81204,-0.585271383917,0
81205,-0.735921308008,0
81206,-0.459957451305,0
81207,-0.826988921138,0
81208,-0.755741041306,0
81209,-0.714053585884,0
81210,-0.572387634319,0
81211,-0.827868633711,0
81212,-0.741504809428,0
81213,-0.961422531524,0
81214,-1.06653268685,0
81215,-0.790636195286,0
81216,-1.0387627609,0
81217,-1.25262194938,0
81218,-1.24823616323,0
81219,-1.08229898716,0
81220,-0.970100384327,0
81221,-1.3366618468,0
81222,-1.23758917789,0
81223,-1.46753269894,0
81224,-1.49964529609,0
81225,-1.14965745887,0
81226,-1.21323614284,0
81227,-1.17245603797,0
81228,-1.24433508716,0
81229,-1.28022361981,0
81230,-1.47134748412,0
81231,-1.58868257625,0
81232,-1.59784378607,0
81233,-1.38326991839,0
81234,-1.76317280613,0
81235,-1.78437036924,0
81236,-1.3894369155,0
81237,-1.68150742504,0
81238,-1.73749465873,0
81239,-1.8440627393,0
81240,-1.8695283166,0
81241,-1.46591174835,0
81242,-1.83791007332,0
81243,-1.88111263137,0
81244,-1.5978214938,0
81245,-1.57807751567,0
81246,-1.68867783635,0
81247,-1.56054058888,0
81248,-1.76236709591,0
81249,-1.90022167342,0
81250,-1.77097192773,0
81251,-1.51859125553,0
81252,-1.9346865796,0
81253,-1.78920729765,0
81254,-1.90615657403,0
81255,-1.64697583091,0
81256,-1.9086955213,0
81257,-1.5174286931,0
81258,-1.63495004927,0
81259,-1.78749255414,0
81260,-1.86501409124,0
81261,-1.54799866521,0
81262,-1.43030173188,0
81263,-1.41837054178,0
81264,-1.44215554319,0
81265,-1.46739831522,0
81266,-1.60999903186,0
81267,-1.43881657655,0
81268,-1.31601967746,0
81269,-1.52674915511,0
81270,-1.6259382202,0
81271,-1.30892751489,0
81272,-1.28368235005,0
81273,-1.28382358738,0
81274,-1.43913222899,0
81275,-1.5043891427,0
81276,-1.28419837907,0
81277,-1.25776488431,0
81278,-1.12956610611,0
81279,-1.26522898587,0
81280,-1.33686271952,0
81281,-1.30836279072,0
81282,-0.898505062204,0
81283,-0.842036880321,0
81284,-1.18743526123,0
81285,-0.737507266069,0
81286,-0.796807500884,0
81287,-0.661243381537,0
81288,-0.704147477582,0
81289,-0.580116457842,0
81290,-0.560533337655,0
81291,-0.905350113375,0
81292,-0.68635683402,0
81293,-0.593628899994,0
81294,-0.756208365287,0
81295,-0.633812859186,0
81296,-0.691477182447,0
81297,-0.339848241331,0
81298,-0.206814447934,0
81299,-0.337022245547,0
81300,-0.455154025991,0
81301,-0.222344412243,0
81302,-0.201216779236,0
81303,-0.318110060295,0
81304,-0.312886920763,0
81305,0.0403675053749,0
81306,0.152863995009,0
81307,-0.131588537067,0
81308,0.244185987045,0
81309,-0.124340573531,0
81310,0.330442572582,0
81311,0.0822554718087,0
81312,0.213467069158,0
81313,0.108770743978,0
81314,0.290637406234,0
81315,0.410723619553,0
81316,0.517738256177,0
81317,0.242158245515,0
81318,0.61437889296,0
81319,0.384598012817,0
81320,0.403029937953,0
81321,0.382373149924,0
81322,0.656338750591,0
81323,0.461991830281,0
81324,0.49189799074,0
81325,0.510667738545,0
81326,0.574321061177,0
81327,0.694328149514,0
81328,0.965288324681,0
81329,0.818483633833,0
81330,0.69450041526,0
81331,1.03769755748,0
81332,1.02069666442,0
81333,0.711980073033,0
81334,1.00847136649,0
81335,1.14222343811,0
81336,1.14434880016,0
81337,0.844473507128,0
81338,1.19259222225,0
81339,0.838909385088,0
81340,1.1685014082,0
81341,1.23119646263,0
81342,1.06180229418,0
81343,1.08749709957,0
81344,0.863573807695,0
81345,0.94906248143,0
81346,1.27445420221,0
81347,1.21267809018,0
81348,1.13599164424,0
81349,0.872722869847,0
81350,0.890162484386,0
81351,1.12861087368,0
81352,1.26462229964,0
81353,1.1913328978,0
81354,1.05615517391,0
81355,1.02240912809,0
81356,1.095882047,0
81357,1.06318083134,0
81358,0.979233761528,0
81359,0.799498190175,0
81360,1.04126323106,0
81361,0.772872664735,0
81362,0.940087360857,0
81363,0.739948990699,0
81364,1.04132998211,0
81365,0.748620435421,0
81366,0.948954224924,0
81367,0.741887296929,0
81368,0.743777277148,0
81369,0.950283455558,0
81370,0.5875024334,0
81371,0.695637164245,0
81372,0.532733876661,0
81373,0.833295081266,0
81374,0.544423686839,0
81375,0.431160748852,0
81376,0.691335956685,0
81377,0.77511783042,0
81378,0.477899623499,0
81379,0.676204897489,0
81380,0.472180387111,0
81381,0.627407066568,0
81382,0.5562633003,0
81383,0.139452157766,0
81384,0.434360331072,0
81385,0.480735027961,0
81386,0.0543907996727,0
81387,0.0118017387024,0
81388,0.327982294414,0
81389,0.305670198592,0
81390,-0.00714386814183,0
81391,0.0184006322286,0
81392,-0.218150487595,0
81393,-0.1989531792,0
81394,0.0522141730316,0
81395,0.0527042767012,0
81396,-0.121168868774,0
81397,-0.0396886939309,0
81398,-0.413240020215,0
81399,-0.120524121005,0
81400,-0.505254038185,0
81401,-0.439531743649,0
81402,-0.225270747387,0
81403,-0.422783528922,0
81404,-0.599948957741,0
81405,-0.750598881831,0
81406,-0.474635025129,0
81407,-0.841666494962,0
81408,-0.77041861513,0
81409,-0.728731159708,0
81410,-0.587065208143,0
81411,-0.842546207535,0
81412,-0.756182383252,0
81413,-0.976100105348,0
81414,-1.08121026067,0
81415,-0.80531376911,0
81416,-1.05344033472,0
81417,-1.2672995232,0
81418,-1.26291373705,0
81419,-1.09697656099,0
81420,-0.98477795815,0
81421,-1.35133942063,0
81422,-1.25226675171,0
81423,-1.48221027276,0
81424,-1.51432286992,0
81425,-1.16433503269,0
81426,-1.22791371667,0
81427,-1.18713361179,0
81428,-1.25901266098,0
81429,-1.29490119364,0
81430,-1.48602505794,0
81431,-1.60336015007,0
81432,-1.61252135989,0
81433,-1.39794749222,0
81434,-1.77785037996,0
81435,-1.79904794306,0
81436,-1.40411448932,0
81437,-1.69618499886,0
81438,-1.75217223255,0
81439,-1.85874031313,0
81440,-1.88420589042,0
81441,-1.48058932217,0
81442,-1.85258764715,0
81443,-1.8957902052,0
81444,-1.61249906763,0
81445,-1.5927550895,0
81446,-1.70335541017,0
81447,-1.5752181627,0
81448,-1.77704466973,0
81449,-1.91489924724,0
81450,-1.78564950156,0
81451,-1.53326882935,0
81452,-1.94936415342,0
81453,-1.80388487147,0
81454,-1.92083414785,0
81455,-1.66165340473,0
81456,-1.92337309513,0
81457,-1.53210626692,0
81458,-1.64962762309,0
81459,-1.80217012796,0
81460,-1.87969166507,0
81461,-1.56267623903,0
81462,-1.4449793057,0
81463,-1.43304811561,0
81464,-1.45683311701,0
81465,-1.48207588904,0
81466,-1.62467660569,0
81467,-1.45349415037,0
81468,-1.33069725129,0
81469,-1.54142672893,0
81470,-1.64061579403,0
81471,-1.32360508871,0
81472,-1.29835992388,0
81473,-1.29850116121,0
81474,-1.45380980282,0
81475,-1.51906671652,0
81476,-1.2988759529,0
81477,-1.27244245814,0
81478,-1.14424367994,0
81479,-1.27990655969,0
81480,-1.35154029335,0
81481,-1.32304036454,0
81482,-0.913182636027,0
81483,-0.856714454145,0
81484,-1.20211283505,0
81485,-0.752184839893,0
81486,-0.811485074708,0
81487,-0.675920955361,0
81488,-0.718825051406,0
81489,-0.594794031666,0
81490,-0.575210911479,0
81491,-0.920027687199,0
81492,-0.701034407843,0
81493,-0.608306473818,0
81494,-0.770885939111,0
81495,-0.64849043301,0
81496,-0.706154756271,0
81497,-0.354525815155,0
81498,-0.221492021758,0
81499,-0.351699819371,0
81500,-0.469831599814,0
81501,-0.237021986067,0
81502,-0.21589435306,0
81503,-0.332787634119,0
81504,-0.327564494587,0
81505,0.025689931551,0
81506,0.138186421185,0
81507,-0.146266110891,0
81508,0.229508413221,0
81509,-0.139018147355,0
81510,0.315764998758,0
81511,0.0675778979848,0
81512,0.198789495334,0
81513,0.0940931701538,0
81514,0.27595983241,0
81515,0.396046045729,0
81516,0.503060682353,0
81517,0.227480671691,0
81518,0.599701319136,0
81519,0.369920438993,0
81520,0.388352364129,0
81521,0.3676955761,0
81522,0.641661176767,0
81523,0.447314256457,0
81524,0.477220416916,0
81525,0.495990164721,0
81526,0.559643487353,0
81527,0.67965057569,0
81528,0.950610750857,0
81529,0.803806060009,0
81530,0.679822841436,0
81531,1.02301998366,0
81532,1.0060190906,0
81533,0.69730249921,0
81534,0.993793792663,0
81535,1.12754586429,0
81536,1.12967122634,0
81537,0.829795933305,0
81538,1.17791464843,0
81539,0.824231811264,0
81540,1.15382383437,0
81541,1.2165188888,0
81542,1.04712472035,0
81543,1.07281952574,0
81544,0.848896233871,0
81545,0.934384907606,0
81546,1.25977662839,0
81547,1.19800051636,0
81548,1.12131407041,0
81549,0.858045296023,0
81550,0.875484910562,0
81551,1.11393329985,0
81552,1.24994472581,0
81553,1.17665532398,0
81554,1.04147760009,0
81555,1.00773155426,0
81556,1.08120447317,0
81557,1.04850325752,0
81558,0.964556187704,0
81559,0.784820616351,0
81560,1.02658565723,0
81561,0.758195090911,0
81562,0.925409787034,0
81563,0.725271416875,0
81564,1.02665240828,0
81565,0.733942861597,0
81566,0.9342766511,0
81567,0.727209723105,0
81568,0.729099703324,0
81569,0.935605881734,0
81570,0.572824859576,0
81571,0.680959590421,0
81572,0.518056302837,0
81573,0.818617507442,0
81574,0.529746113015,0
81575,0.416483175028,0
81576,0.676658382862,0
81577,0.760440256596,0
81578,0.463222049676,0
81579,0.661527323665,0
81580,0.457502813287,0
81581,0.612729492745,0
81582,0.541585726476,0
81583,0.124774583942,0
81584,0.419682757248,0
81585,0.466057454137,0
81586,0.0397132258488,0
81587,-0.0028758351215,0
81588,0.31330472059,0
81589,0.290992624768,0
81590,-0.0218214419657,0
81591,0.00372305840465,0
81592,-0.232828061419,0
81593,-0.213630753024,0
81594,0.0375365992077,0
81595,0.0380267028773,0
81596,-0.135846442598,0
81597,-0.0543662677548,0
81598,-0.427917594039,0
81599,-0.135201694829,0
81600,-0.508541531833,0
81601,-0.442819237297,0
81602,-0.228558241035,0
81603,-0.42607102257,0
81604,-0.603236451389,0
81605,-0.753886375479,0
81606,-0.477922518777,0
81607,-0.84495398861,0
81608,-0.773706108778,0
81609,-0.732018653356,0
81610,-0.59035270179,0
81611,-0.845833701183,0
81612,-0.7594698769,0
81613,-0.979387598996,0
81614,-1.08449775432,0
81615,-0.808601262758,0
81616,-1.05672782837,0
81617,-1.27058701685,0
81618,-1.2662012307,0
81619,-1.10026405463,0
81620,-0.988065451798,0
81621,-1.35462691428,0
81622,-1.25555424536,0
81623,-1.48549776641,0
81624,-1.51761036357,0
81625,-1.16762252634,0
81626,-1.23120121032,0
81627,-1.19042110544,0
81628,-1.26230015463,0
81629,-1.29818868729,0
81630,-1.48931255159,0
81631,-1.60664764372,0
81632,-1.61580885354,0
81633,-1.40123498587,0
81634,-1.78113787361,0
81635,-1.80233543671,0
81636,-1.40740198297,0
81637,-1.69947249251,0
81638,-1.7554597262,0
81639,-1.86202780678,0
81640,-1.88749338407,0
81641,-1.48387681582,0
81642,-1.85587514079,0
81643,-1.89907769884,0
81644,-1.61578656128,0
81645,-1.59604258315,0
81646,-1.70664290382,0
81647,-1.57850565635,0
81648,-1.78033216338,0
81649,-1.91818674089,0
81650,-1.7889369952,0
81651,-1.536556323,0
81652,-1.95265164707,0
81653,-1.80717236512,0
81654,-1.9241216415,0
81655,-1.66494089838,0
81656,-1.92666058877,0
81657,-1.53539376057,0
81658,-1.65291511674,0
81659,-1.80545762161,0
81660,-1.88297915871,0
81661,-1.56596373268,0
81662,-1.44826679935,0
81663,-1.43633560926,0
81664,-1.46012061066,0
81665,-1.48536338269,0
81666,-1.62796409934,0
81667,-1.45678164402,0
81668,-1.33398474493,0
81669,-1.54471422258,0
81670,-1.64390328767,0
81671,-1.32689258236,0
81672,-1.30164741753,0
81673,-1.30178865485,0
81674,-1.45709729647,0
81675,-1.52235421017,0
81676,-1.30216344654,0
81677,-1.27572995178,0
81678,-1.14753117359,0
81679,-1.28319405334,0
81680,-1.354827787,0
81681,-1.32632785819,0
81682,-0.916470129675,0
81683,-0.860001947793,0
81684,-1.2054003287,0
81685,-0.755472333541,0
81686,-0.814772568356,0
81687,-0.679208449009,0
81688,-0.722112545054,0
81689,-0.598081525314,0
81690,-0.578498405127,0
81691,-0.923315180847,0
81692,-0.704321901491,0
81693,-0.611593967466,0
81694,-0.774173432759,0
81695,-0.651777926658,0
81696,-0.709442249919,0
81697,-0.357813308803,0
81698,-0.224779515406,0
81699,-0.354987313019,0
81700,-0.473119093462,0
81701,-0.240309479715,0
81702,-0.219181846708,0
81703,-0.336075127766,0
81704,-0.330851988235,0
81705,0.0224024379032,0
81706,0.134898927538,0
81707,-0.149553604539,0
81708,0.226220919574,0
81709,-0.142305641002,0
81710,0.31247750511,0
81711,0.064290404337,0
81712,0.195502001686,0
81713,0.090805676506,0
81714,0.272672338763,0
81715,0.392758552081,0
81716,0.499773188705,0
81717,0.224193178044,0
81718,0.596413825488,0
81719,0.366632945345,0
81720,0.385064870481,0
81721,0.364408082453,0
81722,0.638373683119,0
81723,0.444026762809,0
81724,0.473932923268,0
81725,0.492702671073,0
81726,0.556355993705,0
81727,0.676363082042,0
81728,0.947323257209,0
81729,0.800518566361,0
81730,0.676535347788,0
81731,1.01973249001,0
81732,1.00273159695,0
81733,0.694015005562,0
81734,0.990506299015,0
81735,1.12425837064,0
81736,1.12638373269,0
81737,0.826508439657,0
81738,1.17462715478,0
81739,0.820944317616,0
81740,1.15053634072,0
81741,1.21323139515,0
81742,1.04383722671,0
81743,1.06953203209,0
81744,0.845608740224,0
81745,0.931097413958,0
81746,1.25648913474,0
81747,1.19471302271,0
81748,1.11802657676,0
81749,0.854757802375,0
81750,0.872197416914,0
81751,1.11064580621,0
81752,1.24665723216,0
81753,1.17336783033,0
81754,1.03819010644,0
81755,1.00444406062,0
81756,1.07791697953,0
81757,1.04521576387,0
81758,0.961268694057,0
81759,0.781533122703,0
81760,1.02329816359,0
81761,0.754907597263,0
81762,0.922122293386,0
81763,0.721983923227,0
81764,1.02336491463,0
81765,0.730655367949,0
81766,0.930989157452,0
81767,0.723922229457,0
81768,0.725812209676,0
81769,0.932318388086,0
81770,0.569537365929,0
81771,0.677672096774,0
81772,0.514768809189,0
81773,0.815330013794,0
81774,0.526458619368,0
81775,0.41319568138,0
81776,0.673370889214,0
81777,0.757152762948,0
81778,0.459934556028,0
81779,0.658239830017,0
81780,0.454215319639,0
81781,0.609441999097,0
81782,0.538298232828,0
81783,0.121487090294,0
81784,0.4163952636,0
81785,0.462769960489,0
81786,0.036425732201,0
81787,-0.00616332876931,0
81788,0.310017226942,0
81789,0.28770513112,0
81790,-0.0251089356136,0
81791,0.000435564756835,0
81792,-0.236115555067,0
81793,-0.216918246672,0
81794,0.0342491055599,0
81795,0.0347392092295,0
81796,-0.139133936246,0
81797,-0.0576537614027,0
81798,-0.431205087687,0
81799,-0.138489188477,0
81800,-0.655769892067,0
81801,-0.590047597531,0
81802,-0.375786601269,0
81803,-0.573299382804,0
81804,-0.750464811623,0
81805,-0.901114735713,0
81806,-0.625150879011,0
81807,-0.992182348844,0
81808,-0.920934469012,0
81809,-0.87924701359,0
81810,-0.737581062024,0
81811,-0.993062061417,0
81812,-0.906698237134,0
81813,-1.12661595923,0
81814,-1.23172611455,0
81815,-0.955829622992,0
81816,-1.20395618861,0
81817,-1.41781537708,0
81818,-1.41342959094,0
81819,-1.24749241487,0
81820,-1.13529381203,0
81821,-1.50185527451,0
81822,-1.4027826056,0
81823,-1.63272612664,0
81824,-1.6648387238,0
81825,-1.31485088657,0
81826,-1.37842957055,0
81827,-1.33764946567,0
81828,-1.40952851487,0
81829,-1.44541704752,0
81830,-1.63654091183,0
81831,-1.75387600396,0
81832,-1.76303721378,0
81833,-1.5484633461,0
81834,-1.92836623384,0
81835,-1.94956379694,0
81836,-1.5546303432,0
81837,-1.84670085274,0
81838,-1.90268808643,0
81839,-2.00925616701,0
81840,-2.0347217443,0
81841,-1.63110517605,0
81842,-2.00310350103,0
81843,-2.04630605908,0
81844,-1.76301492151,0
81845,-1.74327094338,0
81846,-1.85387126406,0
81847,-1.72573401658,0
81848,-1.92756052361,0
81849,-2.06541510112,0
81850,-1.93616535544,0
81851,-1.68378468323,0
81852,-2.0998800073,0
81853,-1.95440072535,0
81854,-2.07135000173,0
81855,-1.81216925861,0
81856,-2.07388894901,0
81857,-1.6826221208,0
81858,-1.80014347697,0
81859,-1.95268598184,0
81860,-2.03020751895,0
81861,-1.71319209291,0
81862,-1.59549515958,0
81863,-1.58356396949,0
81864,-1.60734897089,0
81865,-1.63259174293,0
81866,-1.77519245957,0
81867,-1.60401000425,0
81868,-1.48121310517,0
81869,-1.69194258281,0
81870,-1.79113164791,0
81871,-1.47412094259,0
81872,-1.44887577776,0
81873,-1.44901701509,0
81874,-1.6043256567,0
81875,-1.6695825704,0
81876,-1.44939180678,0
81877,-1.42295831202,0
81878,-1.29475953382,0
81879,-1.43042241357,0
81880,-1.50205614723,0
81881,-1.47355621842,0
81882,-1.06369848991,0
81883,-1.00723030803,0
81884,-1.35262868894,0
81885,-0.902700693775,0
81886,-0.96200092859,0
81887,-0.826436809243,0
81888,-0.869340905288,0
81889,-0.745309885548,0
81890,-0.725726765361,0
81891,-1.07054354108,0
81892,-0.851550261725,0
81893,-0.7588223277,0
81894,-0.921401792993,0
81895,-0.799006286892,0
81896,-0.856670610153,0
81897,-0.505041669037,0
81898,-0.37200787564,0
81899,-0.502215673253,0
81900,-0.620347453696,0
81901,-0.387537839949,0
81902,-0.366410206942,0
81903,-0.483303488001,0
81904,-0.478080348469,0
81905,-0.124825922331,0
81906,-0.0123294326964,0
81907,-0.296781964773,0
81908,0.0789925593396,0
81909,-0.289534001236,0
81910,0.165249144876,0
81911,-0.082937955897,0
81912,0.048273641452,0
81913,-0.0564226837281,0
81914,0.125443978529,0
81915,0.245530191847,0
81916,0.352544828471,0
81917,0.0769648178096,0
81918,0.449185465254,0
81919,0.219404585111,0
81920,0.237836510247,0
81921,0.217179722219,0
81922,0.491145322885,0
81923,0.296798402575,0
81924,0.326704563034,0
81925,0.345474310839,0
81926,0.409127633471,0
81927,0.529134721808,0
81928,0.800094896975,0
81929,0.653290206127,0
81930,0.529306987554,0
81931,0.872504129779,0
81932,0.855503236718,0
81933,0.546786645328,0
81934,0.843277938781,0
81935,0.977030010406,0
81936,0.979155372456,0
81937,0.679280079423,0
81938,1.02739879454,0
81939,0.673715957382,0
81940,1.00330798049,0
81941,1.06600303492,0
81942,0.896608866472,0
81943,0.92230367186,0
81944,0.69838037999,0
81945,0.783869053724,0
81946,1.10926077451,0
81947,1.04748466248,0
81948,0.97079821653,0
81949,0.707529442141,0
81950,0.72496905668,0
81951,0.963417445972,0
81952,1.09942887193,0
81953,1.0261394701,0
81954,0.890961746208,0
81955,0.857215700381,0
81956,0.930688619292,0
81957,0.897987403638,0
81958,0.814040333823,0
81959,0.634304762469,0
81960,0.876069803352,0
81961,0.607679237029,0
81962,0.774893933152,0
81963,0.574755562993,0
81964,0.876136554399,0
81965,0.583427007715,0
81966,0.783760797218,0
81967,0.576693869223,0
81968,0.578583849442,0
81969,0.785090027852,0
81970,0.422309005695,0
81971,0.53044373654,0
81972,0.367540448955,0
81973,0.66810165356,0
81974,0.379230259133,0
81975,0.265967321146,0
81976,0.52614252898,0
81977,0.609924402714,0
81978,0.312706195794,0
81979,0.511011469783,0
81980,0.306986959405,0
81981,0.462213638863,0
81982,0.391069872594,0
81983,-0.0257412699398,0
81984,0.269166903366,0
81985,0.315541600255,0
81986,-0.110802628033,0
81987,-0.153391689003,0
81988,0.162788866708,0
81989,0.140476770886,0
81990,-0.172337295848,0
81991,-0.146792795477,0
81992,-0.383343915301,0
81993,-0.364146606906,0
81994,-0.112979254674,0
81995,-0.112489151004,0
81996,-0.28636229648,0
81997,-0.204882121637,0
81998,-0.578433447921,0
81999,-0.285717548711,0
82000,-0.559255867897,0
82001,-0.493533573361,0
82002,-0.279272577099,0
82003,-0.476785358634,0
82004,-0.653950787453,0
82005,-0.804600711544,0
82006,-0.528636854841,0
82007,-0.895668324674,0
82008,-0.824420444842,0
82009,-0.78273298942,0
82010,-0.641067037855,0
82011,-0.896548037247,0
82012,-0.810184212964,0
82013,-1.03010193506,0
82014,-1.13521209038,0
82015,-0.859315598822,0
82016,-1.10744216444,0
82017,-1.32130135291,0
82018,-1.31691556677,0
82019,-1.1509783907,0
82020,-1.03877978786,0
82021,-1.40534125034,0
82022,-1.30626858143,0
82023,-1.53621210247,0
82024,-1.56832469963,0
82025,-1.2183368624,0
82026,-1.28191554638,0
82027,-1.2411354415,0
82028,-1.3130144907,0
82029,-1.34890302335,0
82030,-1.54002688766,0
82031,-1.65736197979,0
82032,-1.66652318961,0
82033,-1.45194932193,0
82034,-1.83185220967,0
82035,-1.85304977277,0
82036,-1.45811631903,0
82037,-1.75018682857,0
82038,-1.80617406226,0
82039,-1.91274214284,0
82040,-1.93820772013,0
82041,-1.53459115188,0
82042,-1.90658947686,0
82043,-1.94979203491,0
82044,-1.66650089734,0
82045,-1.64675691921,0
82046,-1.75735723989,0
82047,-1.62921999241,0
82048,-1.83104649944,0
82049,-1.96890107695,0
82050,-1.83965133127,0
82051,-1.58727065906,0
82052,-2.00336598313,0
82053,-1.85788670118,0
82054,-1.97483597756,0
82055,-1.71565523444,0
82056,-1.97737492484,0
82057,-1.58610809663,0
82058,-1.7036294528,0
82059,-1.85617195767,0
82060,-1.93369349478,0
82061,-1.61667806874,0
82062,-1.49898113541,0
82063,-1.48704994532,0
82064,-1.51083494672,0
82065,-1.53607771876,0
82066,-1.6786784354,0
82067,-1.50749598008,0
82068,-1.384699081,0
82069,-1.59542855864,0
82070,-1.69461762374,0
82071,-1.37760691842,0
82072,-1.35236175359,0
82073,-1.35250299092,0
82074,-1.50781163253,0
82075,-1.57306854623,0
82076,-1.35287778261,0
82077,-1.32644428785,0
82078,-1.19824550965,0
82079,-1.3339083894,0
82080,-1.40554212306,0
82081,-1.37704219425,0
82082,-0.96718446574,0
82083,-0.910716283857,0
82084,-1.25611466477,0
82085,-0.806186669605,0
82086,-0.86548690442,0
82087,-0.729922785073,0
82088,-0.772826881118,0
82089,-0.648795861378,0
82090,-0.629212741191,0
82091,-0.974029516911,0
82092,-0.755036237556,0
82093,-0.66230830353,0
82094,-0.824887768823,0
82095,-0.702492262722,0
82096,-0.760156585983,0
82097,-0.408527644867,0
82098,-0.27549385147,0
82099,-0.405701649083,0
82100,-0.523833429527,0
82101,-0.291023815779,0
82102,-0.269896182772,0
82103,-0.386789463831,0
82104,-0.381566324299,0
82105,-0.028311898161,0
82106,0.0841845914733,0
82107,-0.200267940603,0
82108,0.175506583509,0
82109,-0.193019977067,0
82110,0.261763169046,0
82111,0.0135760682728,0
82112,0.144787665622,0
82113,0.0400913404417,0
82114,0.221958002698,0
82115,0.342044216017,0
82116,0.449058852641,0
82117,0.173478841979,0
82118,0.545699489424,0
82119,0.315918609281,0
82120,0.334350534417,0
82121,0.313693746388,0
82122,0.587659347055,0
82123,0.393312426745,0
82124,0.423218587204,0
82125,0.441988335009,0
82126,0.505641657641,0
82127,0.625648745978,0
82128,0.896608921145,0
82129,0.749804230297,0
82130,0.625821011724,0
82131,0.969018153949,0
82132,0.952017260888,0
82133,0.643300669498,0
82134,0.93979196295,0
82135,1.07354403458,0
82136,1.07566939663,0
82137,0.775794103593,0
82138,1.12391281871,0
82139,0.770229981552,0
82140,1.09982200466,0
82141,1.16251705909,0
82142,0.993122890641,0
82143,1.01881769603,0
82144,0.794894404159,0
82145,0.880383077894,0
82146,1.20577479868,0
82147,1.14399868665,0
82148,1.0673122407,0
82149,0.804043466311,0
82150,0.82148308085,0
82151,1.05993147014,0
82152,1.1959428961,0
82153,1.12265349427,0
82154,0.987475770378,0
82155,0.953729724551,0
82156,1.02720264346,0
82157,0.994501427808,0
82158,0.910554357992,0
82159,0.730818786639,0
82160,0.972583827522,0
82161,0.704193261199,0
82162,0.871407957322,0
82163,0.671269587163,0
82164,0.972650578569,0
82165,0.679941031885,0
82166,0.880274821388,0
82167,0.673207893393,0
82168,0.675097873612,0
82169,0.881604052022,0
82170,0.518823029864,0
82171,0.626957760709,0
82172,0.464054473125,0
82173,0.76461567773,0
82174,0.475744283303,0
82175,0.362481345316,0
82176,0.62265655315,0
82177,0.706438426884,0
82178,0.409220219964,0
82179,0.607525493953,0
82180,0.403500983575,0
82181,0.558727663033,0
82182,0.487583896764,0
82183,0.07077275423,0
82184,0.365680927536,0
82185,0.412055624425,0
82186,-0.0142886038632,0
82187,-0.0568776648335,0
82188,0.259302890878,0
82189,0.236990795056,0
82190,-0.0758232716778,0
82191,-0.0502787713074,0
82192,-0.286829891131,0
82193,-0.267632582736,0
82194,-0.0164652305043,0
82195,-0.0159751268347,0
82196,-0.18984827231,0
82197,-0.108368097467,0
82198,-0.481919423751,0
82199,-0.189203524541,0
82200,-0.648388671843,0
82201,-0.582666377307,0
82202,-0.368405381045,0
82203,-0.56591816258,0
82204,-0.743083591399,0
82205,-0.893733515489,0
82206,-0.617769658787,0
82207,-0.98480112862,0
82208,-0.913553248788,0
82209,-0.871865793366,0
82210,-0.7301998418,0
82211,-0.985680841193,0
82212,-0.89931701691,0
82213,-1.11923473901,0
82214,-1.22434489433,0
82215,-0.948448402768,0
82216,-1.19657496838,0
82217,-1.41043415686,0
82218,-1.40604837071,0
82219,-1.24011119464,0
82220,-1.12791259181,0
82221,-1.49447405429,0
82222,-1.39540138537,0
82223,-1.62534490642,0
82224,-1.65745750358,0
82225,-1.30746966635,0
82226,-1.37104835033,0
82227,-1.33026824545,0
82228,-1.40214729464,0
82229,-1.4380358273,0
82230,-1.6291596916,0
82231,-1.74649478373,0
82232,-1.75565599355,0
82233,-1.54108212588,0
82234,-1.92098501362,0
82235,-1.94218257672,0
82236,-1.54724912298,0
82237,-1.83931963252,0
82238,-1.89530686621,0
82239,-2.00187494679,0
82240,-2.02734052408,0
82241,-1.62372395583,0
82242,-1.9957222808,0
82243,-2.03892483885,0
82244,-1.75563370129,0
82245,-1.73588972316,0
82246,-1.84649004383,0
82247,-1.71835279636,0
82248,-1.92017930339,0
82249,-2.0580338809,0
82250,-1.92878413521,0
82251,-1.67640346301,0
82252,-2.09249878708,0
82253,-1.94701950513,0
82254,-2.06396878151,0
82255,-1.80478803839,0
82256,-2.06650772878,0
82257,-1.67524090058,0
82258,-1.79276225675,0
82259,-1.94530476162,0
82260,-2.02282629872,0
82261,-1.70581087269,0
82262,-1.58811393936,0
82263,-1.57618274927,0
82264,-1.59996775067,0
82265,-1.6252105227,0
82266,-1.76781123935,0
82267,-1.59662878403,0
82268,-1.47383188494,0
82269,-1.68456136259,0
82270,-1.78375042768,0
82271,-1.46673972237,0
82272,-1.44149455754,0
82273,-1.44163579487,0
82274,-1.59694443648,0
82275,-1.66220135018,0
82276,-1.44201058655,0
82277,-1.41557709179,0
82278,-1.2873783136,0
82279,-1.42304119335,0
82280,-1.49467492701,0
82281,-1.4661749982,0
82282,-1.05631726969,0
82283,-0.999849087803,0
82284,-1.34524746871,0
82285,-0.895319473551,0
82286,-0.954619708366,0
82287,-0.819055589019,0
82288,-0.861959685064,0
82289,-0.737928665324,0
82290,-0.718345545137,0
82291,-1.06316232086,0
82292,-0.844169041501,0
82293,-0.751441107476,0
82294,-0.914020572769,0
82295,-0.791625066668,0
82296,-0.849289389929,0
82297,-0.497660448813,0
82298,-0.364626655416,0
82299,-0.494834453029,0
82300,-0.612966233472,0
82301,-0.380156619725,0
82302,-0.359028986718,0
82303,-0.475922267777,0
82304,-0.470699128245,0
82305,-0.117444702107,0
82306,-0.00494821247247,0
82307,-0.289400744549,0
82308,0.0863737795636,0
82309,-0.282152781012,0
82310,0.1726303651,0
82311,-0.075556735673,0
82312,0.055654861676,0
82313,-0.0490414635041,0
82314,0.132825198753,0
82315,0.252911412071,0
82316,0.359926048695,0
82317,0.0843460380336,0
82318,0.456566685478,0
82319,0.226785805335,0
82320,0.245217730471,0
82321,0.224560942443,0
82322,0.498526543109,0
82323,0.304179622799,0
82324,0.334085783258,0
82325,0.352855531063,0
82326,0.416508853695,0
82327,0.536515942032,0
82328,0.807476117199,0
82329,0.660671426351,0
82330,0.536688207778,0
82331,0.879885350003,0
82332,0.862884456942,0
82333,0.554167865552,0
82334,0.850659159005,0
82335,0.98441123063,0
82336,0.98653659268,0
82337,0.686661299647,0
82338,1.03478001477,0
82339,0.681097177606,0
82340,1.01068920071,0
82341,1.07338425514,0
82342,0.903990086696,0
82343,0.929684892084,0
82344,0.705761600214,0
82345,0.791250273948,0
82346,1.11664199473,0
82347,1.0548658827,0
82348,0.978179436754,0
82349,0.714910662365,0
82350,0.732350276904,0
82351,0.970798666196,0
82352,1.10681009215,0
82353,1.03352069032,0
82354,0.898342966432,0
82355,0.864596920605,0
82356,0.938069839516,0
82357,0.905368623862,0
82358,0.821421554047,0
82359,0.641685982693,0
82360,0.883451023576,0
82361,0.615060457253,0
82362,0.782275153376,0
82363,0.582136783217,0
82364,0.883517774623,0
82365,0.590808227939,0
82366,0.791142017442,0
82367,0.584075089447,0
82368,0.585965069666,0
82369,0.792471248076,0
82370,0.429690225919,0
82371,0.537824956764,0
82372,0.374921669179,0
82373,0.675482873784,0
82374,0.386611479357,0
82375,0.27334854137,0
82376,0.533523749204,0
82377,0.617305622938,0
82378,0.320087416018,0
82379,0.518392690007,0
82380,0.314368179629,0
82381,0.469594859087,0
82382,0.398451092818,0
82383,-0.0183600497158,0
82384,0.27654812359,0
82385,0.322922820479,0
82386,-0.103421407809,0
82387,-0.146010468779,0
82388,0.170170086932,0
82389,0.14785799111,0
82390,-0.164956075624,0
82391,-0.139411575253,0
82392,-0.375962695077,0
82393,-0.356765386682,0
82394,-0.10559803445,0
82395,-0.105107930781,0
82396,-0.278981076256,0
82397,-0.197500901413,0
82398,-0.571052227697,0
82399,-0.278336328487,0
82400,-0.721365264246,0
82401,-0.65564296971,0
82402,-0.441381973448,0
82403,-0.638894754983,0
82404,-0.816060183802,0
82405,-0.966710107892,0
82406,-0.69074625119,0
82407,-1.05777772102,0
82408,-0.986529841191,0
82409,-0.944842385769,0
82410,-0.803176434203,0
82411,-1.0586574336,0
82412,-0.972293609313,0
82413,-1.19221133141,0
82414,-1.29732148673,0
82415,-1.02142499517,0
82416,-1.26955156078,0
82417,-1.48341074926,0
82418,-1.47902496312,0
82419,-1.31308778705,0
82420,-1.20088918421,0
82421,-1.56745064669,0
82422,-1.46837797778,0
82423,-1.69832149882,0
82424,-1.73043409598,0
82425,-1.38044625875,0
82426,-1.44402494273,0
82427,-1.40324483785,0
82428,-1.47512388705,0
82429,-1.5110124197,0
82430,-1.702136284,0
82431,-1.81947137613,0
82432,-1.82863258596,0
82433,-1.61405871828,0
82434,-1.99396160602,0
82435,-2.01515916912,0
82436,-1.62022571538,0
82437,-1.91229622492,0
82438,-1.96828345861,0
82439,-2.07485153919,0
82440,-2.10031711648,0
82441,-1.69670054823,0
82442,-2.06869887321,0
82443,-2.11190143126,0
82444,-1.82861029369,0
82445,-1.80886631556,0
82446,-1.91946663623,0
82447,-1.79132938876,0
82448,-1.99315589579,0
82449,-2.1310104733,0
82450,-2.00176072762,0
82451,-1.74938005541,0
82452,-2.16547537948,0
82453,-2.01999609753,0
82454,-2.13694537391,0
82455,-1.87776463079,0
82456,-2.13948432119,0
82457,-1.74821749298,0
82458,-1.86573884915,0
82459,-2.01828135402,0
82460,-2.09580289113,0
82461,-1.77878746509,0
82462,-1.66109053176,0
82463,-1.64915934167,0
82464,-1.67294434307,0
82465,-1.69818711511,0
82466,-1.84078783175,0
82467,-1.66960537643,0
82468,-1.54680847735,0
82469,-1.75753795499,0
82470,-1.85672702009,0
82471,-1.53971631477,0
82472,-1.51447114994,0
82473,-1.51461238727,0
82474,-1.66992102888,0
82475,-1.73517794258,0
82476,-1.51498717896,0
82477,-1.4885536842,0
82478,-1.360354906,0
82479,-1.49601778575,0
82480,-1.56765151941,0
82481,-1.5391515906,0
82482,-1.12929386209,0
82483,-1.07282568021,0
82484,-1.41822406111,0
82485,-0.968296065954,0
82486,-1.02759630077,0
82487,-0.892032181422,0
82488,-0.934936277467,0
82489,-0.810905257727,0
82490,-0.79132213754,0
82491,-1.13613891326,0
82492,-0.917145633904,0
82493,-0.824417699879,0
82494,-0.986997165172,0
82495,-0.864601659071,0
82496,-0.922265982332,0
82497,-0.570637041216,0
82498,-0.437603247819,0
82499,-0.567811045432,0
82500,-0.685942825875,0
82501,-0.453133212128,0
82502,-0.432005579121,0
82503,-0.54889886018,0
82504,-0.543675720648,0
82505,-0.19042129451,0
82506,-0.0779248048756,0
82507,-0.362377336952,0
82508,0.0133971871605,0
82509,-0.355129373416,0
82510,0.0996537726968,0
82511,-0.148533328076,0
82512,-0.0173217307271,0
82513,-0.122018055907,0
82514,0.0598486063495,0
82515,0.179934819668,0
82516,0.286949456292,0
82517,0.0113694456305,0
82518,0.383590093075,0
82519,0.153809212932,0
82520,0.172241138068,0
82521,0.151584350039,0
82522,0.425549950706,0
82523,0.231203030396,0
82524,0.261109190855,0
82525,0.27987893866,0
82526,0.343532261292,0
82527,0.463539349629,0
82528,0.734499524796,0
82529,0.587694833948,0
82530,0.463711615375,0
82531,0.8069087576,0
82532,0.789907864539,0
82533,0.481191273149,0
82534,0.777682566602,0
82535,0.911434638227,0
82536,0.913560000277,0
82537,0.613684707244,0
82538,0.961803422366,0
82539,0.608120585203,0
82540,0.937712608311,0
82541,1.00040766274,0
82542,0.831013494293,0
82543,0.856708299681,0
82544,0.632785007811,0
82545,0.718273681545,0
82546,1.04366540233,0
82547,0.981889290299,0
82548,0.905202844351,0
82549,0.641934069962,0
82550,0.659373684501,0
82551,0.897822073793,0
82552,1.03383349975,0
82553,0.960544097917,0
82554,0.825366374029,0
82555,0.791620328202,0
82556,0.865093247112,0
82557,0.832392031459,0
82558,0.748444961643,0
82559,0.56870939029,0
82560,0.810474431173,0
82561,0.54208386485,0
82562,0.709298560973,0
82563,0.509160190814,0
82564,0.81054118222,0
82565,0.517831635536,0
82566,0.718165425039,0
82567,0.511098497044,0
82568,0.512988477263,0
82569,0.719494655673,0
82570,0.356713633515,0
82571,0.46484836436,0
82572,0.301945076776,0
82573,0.602506281381,0
82574,0.313634886954,0
82575,0.200371948967,0
82576,0.460547156801,0
82577,0.544329030535,0
82578,0.247110823615,0
82579,0.445416097604,0
82580,0.241391587226,0
82581,0.396618266684,0
82582,0.325474500415,0
82583,-0.0913366421189,0
82584,0.203571531187,0
82585,0.249946228076,0
82586,-0.176398000212,0
82587,-0.218987061182,0
82588,0.0971934945292,0
82589,0.074881398707,0
82590,-0.237932668027,0
82591,-0.212388167656,0
82592,-0.44893928748,0
82593,-0.429741979085,0
82594,-0.178574626853,0
82595,-0.178084523184,0
82596,-0.351957668659,0
82597,-0.270477493816,0
82598,-0.6440288201,0
82599,-0.35131292089,0
82600,-0.726570961204,0
82601,-0.660848666667,0
82602,-0.446587670406,0
82603,-0.644100451941,0
82604,-0.82126588076,0
82605,-0.97191580485,0
82606,-0.695951948148,0
82607,-1.06298341798,0
82608,-0.991735538148,0
82609,-0.950048082727,0
82610,-0.808382131161,0
82611,-1.06386313055,0
82612,-0.977499306271,0
82613,-1.19741702837,0
82614,-1.30252718369,0
82615,-1.02663069213,0
82616,-1.27475725774,0
82617,-1.48861644622,0
82618,-1.48423066007,0
82619,-1.31829348401,0
82620,-1.20609488117,0
82621,-1.57265634365,0
82622,-1.47358367473,0
82623,-1.70352719578,0
82624,-1.73563979294,0
82625,-1.38565195571,0
82626,-1.44923063969,0
82627,-1.40845053481,0
82628,-1.480329584,0
82629,-1.51621811666,0
82630,-1.70734198096,0
82631,-1.82467707309,0
82632,-1.83383828291,0
82633,-1.61926441524,0
82634,-1.99916730298,0
82635,-2.02036486608,0
82636,-1.62543141234,0
82637,-1.91750192188,0
82638,-1.97348915557,0
82639,-2.08005723615,0
82640,-2.10552281344,0
82641,-1.70190624519,0
82642,-2.07390457016,0
82643,-2.11710712822,0
82644,-1.83381599065,0
82645,-1.81407201252,0
82646,-1.92467233319,0
82647,-1.79653508572,0
82648,-1.99836159275,0
82649,-2.13621617026,0
82650,-2.00696642458,0
82651,-1.75458575237,0
82652,-2.17068107644,0
82653,-2.02520179449,0
82654,-2.14215107087,0
82655,-1.88297032775,0
82656,-2.14469001814,0
82657,-1.75342318994,0
82658,-1.87094454611,0
82659,-2.02348705098,0
82660,-2.10100858808,0
82661,-1.78399316205,0
82662,-1.66629622872,0
82663,-1.65436503863,0
82664,-1.67815004003,0
82665,-1.70339281206,0
82666,-1.84599352871,0
82667,-1.67481107339,0
82668,-1.5520141743,0
82669,-1.76274365195,0
82670,-1.86193271705,0
82671,-1.54492201173,0
82672,-1.5196768469,0
82673,-1.51981808423,0
82674,-1.67512672584,0
82675,-1.74038363954,0
82676,-1.52019287592,0
82677,-1.49375938116,0
82678,-1.36556060296,0
82679,-1.50122348271,0
82680,-1.57285721637,0
82681,-1.54435728756,0
82682,-1.13449955905,0
82683,-1.07803137716,0
82684,-1.42342975807,0
82685,-0.973501762912,0
82686,-1.03280199773,0
82687,-0.89723787838,0
82688,-0.940141974425,0
82689,-0.816110954685,0
82690,-0.796527834498,0
82691,-1.14134461022,0
82692,-0.922351330862,0
82693,-0.829623396837,0
82694,-0.99220286213,0
82695,-0.869807356029,0
82696,-0.92747167929,0
82697,-0.575842738173,0
82698,-0.442808944777,0
82699,-0.57301674239,0
82700,-0.691148522833,0
82701,-0.458338909086,0
82702,-0.437211276079,0
82703,-0.554104557137,0
82704,-0.548881417605,0
82705,-0.195626991468,0
82706,-0.0831305018333,0
82707,-0.36758303391,0
82708,0.00819149020275,0
82709,-0.360335070373,0
82710,0.094448075739,0
82711,-0.153739025034,0
82712,-0.0225274276848,0
82713,-0.127223752865,0
82714,0.0546429093917,0
82715,0.17472912271,0
82716,0.281743759334,0
82717,0.0061637486727,0
82718,0.378384396117,0
82719,0.148603515974,0
82720,0.16703544111,0
82721,0.146378653082,0
82722,0.420344253748,0
82723,0.225997333438,0
82724,0.255903493897,0
82725,0.274673241702,0
82726,0.338326564334,0
82727,0.458333652671,0
82728,0.729293827838,0
82729,0.58248913699,0
82730,0.458505918417,0
82731,0.801703060642,0
82732,0.784702167581,0
82733,0.475985576191,0
82734,0.772476869644,0
82735,0.906228941269,0
82736,0.90835430332,0
82737,0.608479010286,0
82738,0.956597725408,0
82739,0.602914888245,0
82740,0.932506911353,0
82741,0.995201965783,0
82742,0.825807797335,0
82743,0.851502602723,0
82744,0.627579310853,0
82745,0.713067984587,0
82746,1.03845970537,0
82747,0.976683593341,0
82748,0.899997147393,0
82749,0.636728373004,0
82750,0.654167987543,0
82751,0.892616376835,0
82752,1.02862780279,0
82753,0.95533840096,0
82754,0.820160677071,0
82755,0.786414631245,0
82756,0.859887550155,0
82757,0.827186334501,0
82758,0.743239264686,0
82759,0.563503693332,0
82760,0.805268734216,0
82761,0.536878167892,0
82762,0.704092864015,0
82763,0.503954493856,0
82764,0.805335485263,0
82765,0.512625938578,0
82766,0.712959728081,0
82767,0.505892800086,0
82768,0.507782780305,0
82769,0.714288958715,0
82770,0.351507936558,0
82771,0.459642667403,0
82772,0.296739379818,0
82773,0.597300584423,0
82774,0.308429189997,0
82775,0.195166252009,0
82776,0.455341459843,0
82777,0.539123333577,0
82778,0.241905126657,0
82779,0.440210400646,0
82780,0.236185890268,0
82781,0.391412569726,0
82782,0.320268803457,0
82783,-0.0965423390767,0
82784,0.198365834229,0
82785,0.244740531118,0
82786,-0.18160369717,0
82787,-0.22419275814,0
82788,0.0919877975714,0
82789,0.0696757017492,0
82790,-0.243138364984,0
82791,-0.217593864614,0
82792,-0.454144984438,0
82793,-0.434947676043,0
82794,-0.183780323811,0
82795,-0.183290220141,0
82796,-0.357163365617,0
82797,-0.275683190774,0
82798,-0.649234517058,0
82799,-0.356518617848,0
82800,-0.863445593305,0
82801,-0.797723298769,0
82802,-0.583462302507,0
82803,-0.780975084043,0
82804,-0.958140512861,0
82805,-1.10879043695,0
82806,-0.832826580249,0
82807,-1.19985805008,0
82808,-1.12861017025,0
82809,-1.08692271483,0
82810,-0.945256763263,0
82811,-1.20073776266,0
82812,-1.11437393837,0
82813,-1.33429166047,0
82814,-1.43940181579,0
82815,-1.16350532423,0
82816,-1.41163188984,0
82817,-1.62549107832,0
82818,-1.62110529217,0
82819,-1.45516811611,0
82820,-1.34296951327,0
82821,-1.70953097575,0
82822,-1.61045830683,0
82823,-1.84040182788,0
82824,-1.87251442504,0
82825,-1.52252658781,0
82826,-1.58610527179,0
82827,-1.54532516691,0
82828,-1.6172042161,0
82829,-1.65309274876,0
82830,-1.84421661306,0
82831,-1.96155170519,0
82832,-1.97071291501,0
82833,-1.75613904734,0
82834,-2.13604193508,0
82835,-2.15723949818,0
82836,-1.76230604444,0
82837,-2.05437655398,0
82838,-2.11036378767,0
82839,-2.21693186825,0
82840,-2.24239744554,0
82841,-1.83878087729,0
82842,-2.21077920227,0
82843,-2.25398176032,0
82844,-1.97069062275,0
82845,-1.95094664462,0
82846,-2.06154696529,0
82847,-1.93340971782,0
82848,-2.13523622485,0
82849,-2.27309080236,0
82850,-2.14384105668,0
82851,-1.89146038447,0
82852,-2.30755570854,0
82853,-2.16207642659,0
82854,-2.27902570297,0
82855,-2.01984495985,0
82856,-2.28156465025,0
82857,-1.89029782204,0
82858,-2.00781917821,0
82859,-2.16036168308,0
82860,-2.23788322019,0
82861,-1.92086779415,0
82862,-1.80317086082,0
82863,-1.79123967073,0
82864,-1.81502467213,0
82865,-1.84026744416,0
82866,-1.98286816081,0
82867,-1.81168570549,0
82868,-1.68888880641,0
82869,-1.89961828405,0
82870,-1.99880734915,0
82871,-1.68179664383,0
82872,-1.656551479,0
82873,-1.65669271633,0
82874,-1.81200135794,0
82875,-1.87725827164,0
82876,-1.65706750802,0
82877,-1.63063401326,0
82878,-1.50243523506,0
82879,-1.63809811481,0
82880,-1.70973184847,0
82881,-1.68123191966,0
82882,-1.27137419115,0
82883,-1.21490600927,0
82884,-1.56030439017,0
82885,-1.11037639501,0
82886,-1.16967662983,0
82887,-1.03411251048,0
82888,-1.07701660653,0
82889,-0.952985586786,0
82890,-0.933402466599,0
82891,-1.27821924232,0
82892,-1.05922596296,0
82893,-0.966498028938,0
82894,-1.12907749423,0
82895,-1.00668198813,0
82896,-1.06434631139,0
82897,-0.712717370275,0
82898,-0.579683576878,0
82899,-0.709891374491,0
82900,-0.828023154935,0
82901,-0.595213541187,0
82902,-0.57408590818,0
82903,-0.690979189239,0
82904,-0.685756049707,0
82905,-0.332501623569,0
82906,-0.220005133935,0
82907,-0.504457666012,0
82908,-0.128683141899,0
82909,-0.497209702475,0
82910,-0.0424265563624,0
82911,-0.290613657135,0
82912,-0.159402059786,0
82913,-0.264098384966,0
82914,-0.0822317227097,0
82915,0.0378544906086,0
82916,0.144869127233,0
82917,-0.130710883429,0
82918,0.241509764016,0
82919,0.0117288838725,0
82920,0.0301608090086,0
82921,0.00950402098019,0
82922,0.283469621647,0
82923,0.089122701337,0
82924,0.119028861796,0
82925,0.137798609601,0
82926,0.201451932233,0
82927,0.32145902057,0
82928,0.592419195737,0
82929,0.445614504889,0
82930,0.321631286316,0
82931,0.664828428541,0
82932,0.64782753548,0
82933,0.339110944089,0
82934,0.635602237542,0
82935,0.769354309168,0
82936,0.771479671218,0
82937,0.471604378184,0
82938,0.819723093306,0
82939,0.466040256144,0
82940,0.795632279252,0
82941,0.858327333682,0
82942,0.688933165233,0
82943,0.714627970622,0
82944,0.490704678751,0
82945,0.576193352485,0
82946,0.901585073268,0
82947,0.83980896124,0
82948,0.763122515292,0
82949,0.499853740903,0
82950,0.517293355442,0
82951,0.755741744734,0
82952,0.891753170692,0
82953,0.818463768858,0
82954,0.683286044969,0
82955,0.649539999143,0
82956,0.723012918053,0
82957,0.6903117024,0
82958,0.606364632584,0
82959,0.426629061231,0
82960,0.668394102114,0
82961,0.400003535791,0
82962,0.567218231913,0
82963,0.367079861755,0
82964,0.668460853161,0
82965,0.375751306477,0
82966,0.57608509598,0
82967,0.369018167984,0
82968,0.370908148204,0
82969,0.577414326614,0
82970,0.214633304456,0
82971,0.322768035301,0
82972,0.159864747717,0
82973,0.460425952322,0
82974,0.171554557895,0
82975,0.0582916199074,0
82976,0.318466827741,0
82977,0.402248701476,0
82978,0.105030494555,0
82979,0.303335768544,0
82980,0.0993112581668,0
82981,0.254537937624,0
82982,0.183394171355,0
82983,-0.233416971178,0
82984,0.0614912021275,0
82985,0.107865899017,0
82986,-0.318478329271,0
82987,-0.361067390242,0
82988,-0.04488683453,0
82989,-0.0671989303522,0
82990,0.647593676045,1
82991,0.62039551971,1
82992,0.590737973577,1
82993,0.558676234684,1
82994,0.524269974624,1
82995,0.487583228488,1
82996,0.448684275683,1
82997,0.407645512859,1
82998,0.364543319165,1
82999,0.319457914099,1
83000,0.188253420164,1
83001,0.139456858858,1
83002,0.0889392596907,1
83003,0.0367946433144,1
83004,-0.016879941501,1
83005,-0.0719845984908,1
83006,-0.128416769816,1
83007,-0.186071426939,1
83008,-0.244841266098,1
83009,-0.304616908013,1
83010,-0.365287101458,1
83011,-0.426738930315,1
83012,-0.488858023729,1
83013,-0.551528768968,1
83014,-0.614634526594,1
83015,-0.678057847548,1
83016,-0.74168069174,1
83017,-0.805384647735,1
83018,-0.869051153141,1
83019,-0.932561715265,1
83020,-0.995798131646,1
83021,-1.05864271005,1
83022,-1.12097848751,1
83023,-1.18268944802,1
83024,-1.24366073843,1
83025,-1.30377888225,1
83026,-1.3629319908,1
83027,-1.42100997148,1
83028,-1.47790473266,1
83029,-1.53351038486,1
83030,-1.58772343781,1
83031,-1.64044299309,1
83032,-1.69157093186,1
83033,-1.74101209756,1
83034,-1.78867447292,1
83035,-1.8344693513,1
83036,-1.8783115017,1
83037,-1.92011932746,1
83038,-1.95981501811,1
83039,-1.99732469414,1
83040,-2.03257854454,1
83041,-2.06551095675,1
83042,-2.09606063872,1
83043,-2.124170733,1
83044,-2.14978892261,1
83045,-2.17286752834,1
83046,-2.19336359752,1
83047,-2.21123898396,1
83048,-2.22646041895,1
83049,-2.23899957318,1
83050,-2.24883310943,1
83051,-2.25594272606,1
83052,-2.26031519103,1
83053,-2.26194236654,1
83054,-2.26082122417,1
83055,-2.25695385055,1
83056,-2.25034744342,1
83057,-2.24101429826,1
83058,-2.22897178544,1
83059,-2.21424231782,1
83060,-2.19685330911,1
83061,-2.1768371228,1
83062,-2.15423101195,1
83063,-2.12907704983,1
83064,-2.10142205166,1
83065,-2.07131748744,1
83066,-2.03881938617,1
83067,-2.00398823159,1
83068,-1.96688884956,1
83069,-1.92759028748,1
83070,-1.88616568572,1
83071,-1.84269214155,1
83072,-1.79725056558,1
83073,-1.74992553126,1
83074,-1.7008051174,1
83075,-1.64998074429,1
83076,-1.59754700353,1
83077,-1.543601482,1
83078,-1.48824458021,1
83079,-1.43157932547,1
83080,-1.37371118011,1
83081,-1.31474784523,1
83082,-1.25479906024,1
83083,-1.1939763986,1
83084,-1.1323930602,1
83085,-1.07016366065,1
83086,-1.00740401799,1
83087,-0.94423093709,1
83088,-0.88076199232,1
83089,-0.81711530868,1
83090,-0.753409341972,1
83091,-0.689762658332,1
83092,-0.626293713561,1
83093,-0.563120632664,1
83094,-0.500360989998,1
83095,-0.438131590452,1
83096,-0.376548252053,1
83097,-0.315725590415,1
83098,-0.255776805423,1
83099,-0.196813470545,1
83100,-0.138945325186,1
83101,-0.0822800704421,1
83102,-0.0269231686517,1
83103,0.0270223528813,1
83104,0.0794560936391,1
83105,0.130280466749,1
83106,0.179400880608,1
83107,0.226725914931,1
83108,0.272167490895,1
83109,0.315641035071,1
83110,0.357065636826,1
83111,0.396364198907,1
83112,0.433463580934,1
83113,0.468294735521,1
83114,0.500792836789,1
83115,0.53089740101,1
83116,0.55855239918,1
83117,0.583706361296,1
83118,0.606312472151,1
83119,0.62632865846,1
83120,0.643717667168,1
83121,0.658447134784,1
83122,0.670489647609,1
83123,0.679822792765,1
83124,0.6864291999,1
83125,0.690296573522,1
83126,0.691417715884,1
83127,0.689790540375,1
83128,0.685418075407,1
83129,0.678308458778,1
83130,0.668474922526,1
83131,0.655935768301,1
83132,0.640714333308,1
83133,0.622838946866,1
83134,0.602342877689,1
83135,0.579264271962,1
83136,0.553646082353,1
83137,0.525535988064,1
83138,0.494986306099,1
83139,0.462053893892,1
83140,0.426800043485,1
83141,0.389290367458,1
83142,0.349594676813,1
83143,0.307786851046,1
83144,0.263944700644,1
83145,0.218149822272,1
83146,0.170487446906,1
83147,0.121046281209,1
83148,0.0699183424336,1
83149,0.0171987871622,1
83150,-0.0370142657895,1
83151,-0.0926199179886,1
83152,-0.149514679171,1
83153,-0.207592659851,1
83154,-0.2667457684,1
83155,-0.326863912217,1
83156,-0.387835202631,1
83157,-0.449546163138,1
83158,-0.5118819406,1
83159,-0.574726519005,1
83160,-0.637962935387,1
83161,-0.70147349751,1
83162,-0.765140002916,1
83163,-0.828843958912,1
83164,-0.892466803103,1
83165,-0.955890124058,1
83166,-1.01899588168,1
83167,-1.08166662692,1
83168,-1.14378572034,1
83169,-1.20523754919,1
83170,-1.26590774264,1
83171,-1.32568338455,1
83172,-1.38445322371,1
83173,-1.44210788084,1
83174,-1.49854005216,1
83175,-1.55364470915,1
83176,-1.60731929397,1
83177,-1.65946391034,1
83178,-1.70998150951,1
83179,-1.75877807082,1
83180,-1.80576277671,1
83181,-1.85084818178,1
83182,-1.89395037547,1
83183,-1.9349891383,1
83184,-1.9738880911,1
83185,-2.01057483724,1
83186,-2.0449810973,1
83187,-2.07704283619,1
83188,-2.10670038232,1
83189,-2.13389853866,1
83190,-0.464232785123,0
83191,-0.438688284753,0
83192,-0.675239404577,0
83193,-0.656042096182,0
83194,-0.40487474395,0
83195,-0.40438464028,0
83196,-0.578257785756,0
83197,-0.496777610913,0
83198,-0.870328937197,0
83199,-0.577613037987,0
83200,-0.804661311722,0
83201,-0.738939017186,0
83202,-0.524678020924,0
83203,-0.722190802459,0
83204,-0.899356231278,0
83205,-1.05000615537,0
83206,-0.774042298666,0
83207,-1.1410737685,0
83208,-1.06982588867,0
83209,-1.02813843324,0
83210,-0.886472481679,0
83211,-1.14195348107,0
83212,-1.05558965679,0
83213,-1.27550737888,0
83214,-1.38061753421,0
83215,-1.10472104265,0
83216,-1.35284760826,0
83217,-1.56670679674,0
83218,-1.56232101059,0
83219,-1.39638383452,0
83220,-1.28418523169,0
83221,-1.65074669417,0
83222,-1.55167402525,0
83223,-1.7816175463,0
83224,-1.81373014345,0
83225,-1.46374230623,0
83226,-1.5273209902,0
83227,-1.48654088533,0
83228,-1.55841993452,0
83229,-1.59430846718,0
83230,-1.78543233148,0
83231,-1.90276742361,0
83232,-1.91192863343,0
83233,-1.69735476576,0
83234,-2.07725765349,0
83235,-2.0984552166,0
83236,-1.70352176286,0
83237,-1.9955922724,0
83238,-2.05157950609,0
83239,-2.15814758666,0
83240,-2.18361316396,0
83241,-1.77999659571,0
83242,-2.15199492068,0
83243,-2.19519747873,0
83244,-1.91190634116,0
83245,-1.89216236303,0
83246,-2.00276268371,0
83247,-1.87462543624,0
83248,-2.07645194327,0
83249,-2.21430652078,0
83250,-2.08505677509,0
83251,-1.83267610289,0
83252,-2.24877142696,0
83253,-2.10329214501,0
83254,-2.22024142139,0
83255,-1.96106067827,0
83256,-2.22278036866,0
83257,-1.83151354046,0
83258,-1.94903489663,0
83259,-2.1015774015,0
83260,-2.1790989386,0
83261,-1.86208351257,0
83262,-1.74438657924,0
83263,-1.73245538915,0
83264,-1.75624039055,0
83265,-1.78148316258,0
83266,-1.92408387923,0
83267,-1.75290142391,0
83268,-1.63010452482,0
83269,-1.84083400247,0
83270,-1.94002306756,0
83271,-1.62301236225,0
83272,-1.59776719742,0
83273,-1.59790843474,0
83274,-1.75321707635,0
83275,-1.81847399006,0
83276,-1.59828322643,0
83277,-1.57184973167,0
83278,-1.44365095348,0
83279,-1.57931383323,0
83280,-1.65094756689,0
83281,-1.62244763808,0
83282,-1.21258990956,0
83283,-1.15612172768,0
83284,-1.50152010859,0
83285,-1.05159211343,0
83286,-1.11089234824,0
83287,-0.975328228898,0
83288,-1.01823232494,0
83289,-0.894201305203,0
83290,-0.874618185016,0
83291,-1.21943496074,0
83292,-1.00044168138,0
83293,-0.907713747355,0
83294,-1.07029321265,0
83295,-0.947897706547,0
83296,-1.00556202981,0
83297,-0.653933088692,0
83298,-0.520899295295,0
83299,-0.651107092908,0
83300,-0.769238873351,0
83301,-0.536429259604,0
83302,-0.515301626597,0
83303,-0.632194907656,0
83304,-0.626971768124,0
83305,-0.273717341986,0
83306,-0.161220852352,0
83307,-0.445673384428,0
83308,-0.0698988603154,0
83309,-0.438425420892,0
83310,0.0163577252209,0
83311,-0.231829375552,0
83312,-0.100617778203,0
83313,-0.205314103383,0
83314,-0.0234474411264,0
83315,0.0966387721919,0
83316,0.203653408816,0
83317,-0.0719266018455,0
83318,0.300294045599,0
83319,0.0705131654558,0
83320,0.0889450905919,0
83321,0.0682883025635,0
83322,0.34225390323,0
83323,0.14790698292,0
83324,0.177813143379,0
83325,0.196582891184,0
83326,0.260236213816,0
83327,0.380243302153,0
83328,0.65120347732,0
83329,0.504398786472,0
83330,0.380415567899,0
83331,0.723612710124,0
83332,0.706611817063,0
83333,0.397895225673,0
83334,0.694386519126,0
83335,0.828138590751,0
83336,0.830263952801,0
83337,0.530388659768,0
83338,0.87850737489,0
83339,0.524824537727,0
83340,0.854416560835,0
83341,0.917111615265,0
83342,0.747717446817,0
83343,0.773412252205,0
83344,0.549488960335,0
83345,0.634977634069,0
83346,0.960369354851,0
83347,0.898593242823,0
83348,0.821906796875,0
83349,0.558638022486,0
83350,0.576077637025,0
83351,0.814526026317,0
83352,0.950537452275,0
83353,0.877248050442,0
83354,0.742070326553,0
83355,0.708324280726,0
83356,0.781797199636,0
83357,0.749095983983,0
83358,0.665148914167,0
83359,0.485413342814,0
83360,0.727178383697,0
83361,0.458787817374,0
83362,0.626002513497,0
83363,0.425864143338,0
83364,0.727245134744,0
83365,0.43453558806,0
83366,0.634869377563,0
83367,0.427802449568,0
83368,0.429692429787,0
83369,0.636198608197,0
83370,0.27341758604,0
83371,0.381552316885,0
83372,0.2186490293,0
83373,0.519210233905,0
83374,0.230338839478,0
83375,0.117075901491,0
83376,0.377251109325,0
83377,0.461032983059,0
83378,0.163814776139,0
83379,0.362120050128,0
83380,0.15809553975,0
83381,0.313322219208,0
83382,0.242178452939,0
83383,-0.174632689595,0
83384,0.120275483711,0
83385,0.1666501806,0
83386,-0.259694047688,0
83387,-0.302283108658,0
83388,0.0138974470532,0
83389,-0.00841464876892,0
83390,-0.321228715503,0
83391,-0.295684215132,0
83392,-0.532235334956,0
83393,-0.513038026561,0
83394,-0.261870674329,0
83395,-0.26138057066,0
83396,-0.435253716135,0
83397,-0.353773541292,0
83398,-0.727324867576,0
83399,-0.434608968366,0
83400,-0.800827625186,0
83401,-0.73510533065,0
83402,-0.520844334388,0
83403,-0.718357115923,0
83404,-0.895522544742,0
83405,-1.04617246883,0
83406,-0.77020861213,0
83407,-1.13724008196,0
83408,-1.06599220213,0
83409,-1.02430474671,0
83410,-0.882638795144,0
83411,-1.13811979454,0
83412,-1.05175597025,0
83413,-1.27167369235,0
83414,-1.37678384767,0
83415,-1.10088735611,0
83416,-1.34901392172,0
83417,-1.5628731102,0
83418,-1.55848732406,0
83419,-1.39255014799,0
83420,-1.28035154515,0
83421,-1.64691300763,0
83422,-1.54784033872,0
83423,-1.77778385976,0
83424,-1.80989645692,0
83425,-1.45990861969,0
83426,-1.52348730367,0
83427,-1.48270719879,0
83428,-1.55458624799,0
83429,-1.59047478064,0
83430,-1.78159864494,0
83431,-1.89893373707,0
83432,-1.9080949469,0
83433,-1.69352107922,0
83434,-2.07342396696,0
83435,-2.09462153006,0
83436,-1.69968807632,0
83437,-1.99175858586,0
83438,-2.04774581955,0
83439,-2.15431390013,0
83440,-2.17977947742,0
83441,-1.77616290917,0
83442,-2.14816123415,0
83443,-2.1913637922,0
83444,-1.90807265463,0
83445,-1.8883286765,0
83446,-1.99892899717,0
83447,-1.8707917497,0
83448,-2.07261825673,0
83449,-2.21047283424,0
83450,-2.08122308856,0
83451,-1.82884241635,0
83452,-2.24493774042,0
83453,-2.09945845847,0
83454,-2.21640773485,0
83455,-1.95722699173,0
83456,-2.21894668213,0
83457,-1.82767985392,0
83458,-1.94520121009,0
83459,-2.09774371496,0
83460,-2.17526525207,0
83461,-1.85824982603,0
83462,-1.7405528927,0
83463,-1.72862170261,0
83464,-1.75240670401,0
83465,-1.77764947605,0
83466,-1.92025019269,0
83467,-1.74906773737,0
83468,-1.62627083829,0
83469,-1.83700031593,0
83470,-1.93618938103,0
83471,-1.61917867571,0
83472,-1.59393351088,0
83473,-1.59407474821,0
83474,-1.74938338982,0
83475,-1.81464030352,0
83476,-1.5944495399,0
83477,-1.56801604514,0
83478,-1.43981726694,0
83479,-1.57548014669,0
83480,-1.64711388035,0
83481,-1.61861395154,0
83482,-1.20875622303,0
83483,-1.15228804115,0
83484,-1.49768642205,0
83485,-1.04775842689,0
83486,-1.10705866171,0
83487,-0.971494542362,0
83488,-1.01439863841,0
83489,-0.890367618667,0
83490,-0.87078449848,0
83491,-1.2156012742,0
83492,-0.996607994844,0
83493,-0.903880060819,0
83494,-1.06645952611,0
83495,-0.944064020011,0
83496,-1.00172834327,0
83497,-0.650099402156,0
83498,-0.517065608759,0
83499,-0.647273406372,0
83500,-0.765405186815,0
83501,-0.532595573068,0
83502,-0.511467940061,0
83503,-0.62836122112,0
83504,-0.623138081588,0
83505,-0.26988365545,0
83506,-0.157387165816,0
83507,-0.441839697892,0
83508,-0.0660651737796,0
83509,-0.434591734356,0
83510,0.0201914117567,0
83511,-0.227995689016,0
83512,-0.0967840916672,0
83513,-0.201480416847,0
83514,-0.0196137545906,0
83515,0.100472458728,0
83516,0.207487095352,0
83517,-0.0680929153096,0
83518,0.304127732135,0
83519,0.0743468519916,0
83520,0.0927787771278,0
83521,0.0721219890993,0
83522,0.346087589766,0
83523,0.151740669456,0
83524,0.181646829915,0
83525,0.20041657772,0
83526,0.264069900352,0
83527,0.384076988689,0
83528,0.655037163856,0
83529,0.508232473008,0
83530,0.384249254435,0
83531,0.72744639666,0
83532,0.710445503599,0
83533,0.401728912209,0
83534,0.698220205661,0
83535,0.831972277287,0
83536,0.834097639337,0
83537,0.534222346304,0
83538,0.882341061425,0
83539,0.528658224263,0
83540,0.858250247371,0
83541,0.920945301801,0
83542,0.751551133352,0
83543,0.777245938741,0
83544,0.55332264687,0
83545,0.638811320605,0
83546,0.964203041387,0
83547,0.902426929359,0
83548,0.825740483411,0
83549,0.562471709022,0
83550,0.579911323561,0
83551,0.818359712853,0
83552,0.954371138811,0
83553,0.881081736977,0
83554,0.745904013089,0
83555,0.712157967262,0
83556,0.785630886172,0
83557,0.752929670519,0
83558,0.668982600703,0
83559,0.48924702935,0
83560,0.731012070233,0
83561,0.46262150391,0
83562,0.629836200033,0
83563,0.429697829874,0
83564,0.73107882128,0
83565,0.438369274596,0
83566,0.638703064099,0
83567,0.431636136104,0
83568,0.433526116323,0
83569,0.640032294733,0
83570,0.277251272575,0
83571,0.38538600342,0
83572,0.222482715836,0
83573,0.523043920441,0
83574,0.234172526014,0
83575,0.120909588027,0
83576,0.381084795861,0
83577,0.464866669595,0
83578,0.167648462675,0
83579,0.365953736664,0
83580,0.161929226286,0
83581,0.317155905744,0
83582,0.246012139475,0
83583,-0.170799003059,0
83584,0.124109170247,0
83585,0.170483867136,0
83586,-0.255860361152,0
83587,-0.298449422123,0
83588,0.0177311335891,0
83589,-0.00458096223307,0
83590,-0.317395028967,0
83591,-0.291850528596,0
83592,-0.52840164842,0
83593,-0.509204340025,0
83594,-0.258036987793,0
83595,-0.257546884124,0
83596,-0.431420029599,0
83597,-0.349939854756,0
83598,-0.72349118104,0
83599,-0.43077528183,0
83600,-0.716338548822,0
83601,-0.650616254286,0
83602,-0.436355258024,0
83603,-0.63386803956,0
83604,-0.811033468378,0
83605,-0.961683392469,0
83606,-0.685719535766,0
83607,-1.0527510056,0
83608,-0.981503125767,0
83609,-0.939815670345,0
83610,-0.79814971878,0
83611,-1.05363071817,0
83612,-0.967266893889,0
83613,-1.18718461599,0
83614,-1.29229477131,0
83615,-1.01639827975,0
83616,-1.26452484536,0
83617,-1.47838403384,0
83618,-1.47399824769,0
83619,-1.30806107162,0
83620,-1.19586246879,0
83621,-1.56242393127,0
83622,-1.46335126235,0
83623,-1.6932947834,0
83624,-1.72540738055,0
83625,-1.37541954333,0
83626,-1.4389982273,0
83627,-1.39821812243,0
83628,-1.47009717162,0
83629,-1.50598570428,0
83630,-1.69710956858,0
83631,-1.81444466071,0
83632,-1.82360587053,0
83633,-1.60903200286,0
83634,-1.98893489059,0
83635,-2.0101324537,0
83636,-1.61519899996,0
83637,-1.9072695095,0
83638,-1.96325674319,0
83639,-2.06982482376,0
83640,-2.09529040106,0
83641,-1.69167383281,0
83642,-2.06367215778,0
83643,-2.10687471583,0
83644,-1.82358357827,0
83645,-1.80383960013,0
83646,-1.91443992081,0
83647,-1.78630267334,0
83648,-1.98812918037,0
83649,-2.12598375788,0
83650,-1.99673401219,0
83651,-1.74435333999,0
83652,-2.16044866406,0
83653,-2.01496938211,0
83654,-2.13191865849,0
83655,-1.87273791537,0
83656,-2.13445760576,0
83657,-1.74319077756,0
83658,-1.86071213373,0
83659,-2.0132546386,0
83660,-2.0907761757,0
83661,-1.77376074967,0
83662,-1.65606381634,0
83663,-1.64413262625,0
83664,-1.66791762765,0
83665,-1.69316039968,0
83666,-1.83576111633,0
83667,-1.66457866101,0
83668,-1.54178176192,0
83669,-1.75251123957,0
83670,-1.85170030466,0
83671,-1.53468959935,0
83672,-1.50944443452,0
83673,-1.50958567184,0
83674,-1.66489431345,0
83675,-1.73015122716,0
83676,-1.50996046353,0
83677,-1.48352696877,0
83678,-1.35532819058,0
83679,-1.49099107033,0
83680,-1.56262480399,0
83681,-1.53412487518,0
83682,-1.12426714666,0
83683,-1.06779896478,0
83684,-1.41319734569,0
83685,-0.963269350531,0
83686,-1.02256958535,0
83687,-0.887005465998,0
83688,-0.929909562043,0
83689,-0.805878542303,0
83690,-0.786295422117,0
83691,-1.13111219784,0
83692,-0.912118918481,0
83693,-0.819390984455,0
83694,-0.981970449748,0
83695,-0.859574943647,0
83696,-0.917239266908,0
83697,-0.565610325792,0
83698,-0.432576532395,0
83699,-0.562784330008,0
83700,-0.680916110452,0
83701,-0.448106496704,0
83702,-0.426978863698,0
83703,-0.543872144756,0
83704,-0.538649005224,0
83705,-0.185394579086,0
83706,-0.0728980894518,0
83707,-0.357350621529,0
83708,0.0184239025843,0
83709,-0.350102657992,0
83710,0.104680488121,0
83711,-0.143506612652,0
83712,-0.0122950153033,0
83713,-0.116991340483,0
83714,0.0648753217733,0
83715,0.184961535092,0
83716,0.291976171716,0
83717,0.0163961610542,0
83718,0.388616808499,0
83719,0.158835928356,0
83720,0.177267853492,0
83721,0.156611065463,0
83722,0.43057666613,0
83723,0.23622974582,0
83724,0.266135906279,0
83725,0.284905654084,0
83726,0.348558976716,0
83727,0.468566065053,0
83728,0.73952624022,0
83729,0.592721549372,0
83730,0.468738330799,0
83731,0.811935473024,0
83732,0.794934579963,0
83733,0.486217988572,0
83734,0.782709282025,0
83735,0.916461353651,0
83736,0.918586715701,0
83737,0.618711422667,0
83738,0.966830137789,0
83739,0.613147300627,0
83740,0.942739323735,0
83741,1.00543437817,0
83742,0.836040209716,0
83743,0.861735015105,0
83744,0.637811723234,0
83745,0.723300396968,0
83746,1.04869211775,0
83747,0.986916005723,0
83748,0.910229559775,0
83749,0.646960785386,0
83750,0.664400399925,0
83751,0.902848789217,0
83752,1.03886021517,0
83753,0.965570813341,0
83754,0.830393089452,0
83755,0.796647043626,0
83756,0.870119962536,0
83757,0.837418746883,0
83758,0.753471677067,0
83759,0.573736105714,0
83760,0.815501146597,0
83761,0.547110580274,0
83762,0.714325276396,0
83763,0.514186906238,0
83764,0.815567897644,0
83765,0.52285835096,0
83766,0.723192140463,0
83767,0.516125212467,0
83768,0.518015192687,0
83769,0.724521371097,0
83770,0.361740348939,0
83771,0.469875079784,0
83772,0.3069717922,0
83773,0.607532996805,0
83774,0.318661602378,0
83775,0.20539866439,0
83776,0.465573872224,0
83777,0.549355745959,0
83778,0.252137539038,0
83779,0.450442813027,0
83780,0.24641830265,0
83781,0.401644982107,0
83782,0.330501215838,0
83783,-0.0863099266951,0
83784,0.20859824661,0
83785,0.2549729435,0
83786,-0.171371284788,0
83787,-0.213960345759,0
83788,0.102220209953,0
83789,0.0799081141308,0
83790,-0.232905952603,0
83791,-0.207361452233,0
83792,-0.443912572056,0
83793,-0.424715263661,0
83794,-0.173547911429,0
83795,-0.17305780776,0
83796,-0.346930953235,0
83797,-0.265450778392,0
83798,-0.639002104676,0
83799,-0.346286205467,0
83800,-0.792525384484,0
83801,-0.726803089948,0
83802,-0.512542093686,0
83803,-0.710054875222,0
83804,-0.88722030404,0
83805,-1.03787022813,0
83806,-0.761906371429,0
83807,-1.12893784126,0
83808,-1.05768996143,0
83809,-1.01600250601,0
83810,-0.874336554442,0
83811,-1.12981755383,0
83812,-1.04345372955,0
83813,-1.26337145165,0
83814,-1.36848160697,0
83815,-1.09258511541,0
83816,-1.34071168102,0
83817,-1.5545708695,0
83818,-1.55018508335,0
83819,-1.38424790729,0
83820,-1.27204930445,0
83821,-1.63861076693,0
83822,-1.53953809801,0
83823,-1.76948161906,0
83824,-1.80159421622,0
83825,-1.45160637899,0
83826,-1.51518506297,0
83827,-1.47440495809,0
83828,-1.54628400728,0
83829,-1.58217253994,0
83830,-1.77329640424,0
83831,-1.89063149637,0
83832,-1.89979270619,0
83833,-1.68521883852,0
83834,-2.06512172626,0
83835,-2.08631928936,0
83836,-1.69138583562,0
83837,-1.98345634516,0
83838,-2.03944357885,0
83839,-2.14601165943,0
83840,-2.17147723672,0
83841,-1.76786066847,0
83842,-2.13985899345,0
83843,-2.1830615515,0
83844,-1.89977041393,0
83845,-1.8800264358,0
83846,-1.99062675647,0
83847,-1.862489509,0
83848,-2.06431601603,0
83849,-2.20217059354,0
83850,-2.07292084786,0
83851,-1.82054017565,0
83852,-2.23663549972,0
83853,-2.09115621777,0
83854,-2.20810549415,0
83855,-1.94892475103,0
83856,-2.21064444143,0
83857,-1.81937761322,0
83858,-1.93689896939,0
83859,-2.08944147426,0
83860,-2.16696301137,0
83861,-1.84994758533,0
83862,-1.732250652,0
83863,-1.72031946191,0
83864,-1.74410446331,0
83865,-1.76934723534,0
83866,-1.91194795199,0
83867,-1.74076549667,0
83868,-1.61796859758,0
83869,-1.82869807523,0
83870,-1.92788714033,0
83871,-1.61087643501,0
83872,-1.58563127018,0
83873,-1.58577250751,0
83874,-1.74108114912,0
83875,-1.80633806282,0
83876,-1.5861472992,0
83877,-1.55971380444,0
83878,-1.43151502624,0
83879,-1.56717790599,0
83880,-1.63881163965,0
83881,-1.61031171084,0
83882,-1.20045398233,0
83883,-1.14398580044,0
83884,-1.48938418135,0
83885,-1.03945618619,0
83886,-1.09875642101,0
83887,-0.963192301661,0
83888,-1.00609639771,0
83889,-0.882065377965,0
83890,-0.862482257779,0
83891,-1.2072990335,0
83892,-0.988305754143,0
83893,-0.895577820118,0
83894,-1.05815728541,0
83895,-0.93576177931,0
83896,-0.993426102571,0
83897,-0.641797161454,0
83898,-0.508763368058,0
83899,-0.638971165671,0
83900,-0.757102946114,0
83901,-0.524293332367,0
83902,-0.50316569936,0
83903,-0.620058980418,0
83904,-0.614835840886,0
83905,-0.261581414749,0
83906,-0.149084925114,0
83907,-0.433537457191,0
83908,-0.0577629330781,0
83909,-0.426289493654,0
83910,0.0284936524582,0
83911,-0.219693448315,0
83912,-0.0884818509657,0
83913,-0.193178176146,0
83914,-0.0113115138891,0
83915,0.108774699429,0
83916,0.215789336053,0
83917,-0.0597906746081,0
83918,0.312429972836,0
83919,0.0826490926932,0
83920,0.101081017829,0
83921,0.0804242298008,0
83922,0.354389830468,0
83923,0.160042910158,0
83924,0.189949070616,0
83925,0.208718818421,0
83926,0.272372141054,0
83927,0.392379229391,0
83928,0.663339404557,0
83929,0.516534713709,0
83930,0.392551495136,0
83931,0.735748637361,0
83932,0.7187477443,0
83933,0.41003115291,0
83934,0.706522446363,0
83935,0.840274517989,0
83936,0.842399880039,0
83937,0.542524587005,0
83938,0.890643302127,0
83939,0.536960464965,0
83940,0.866552488073,0
83941,0.929247542503,0
83942,0.759853374054,0
83943,0.785548179442,0
83944,0.561624887572,0
83945,0.647113561306,0
83946,0.972505282088,0
83947,0.91072917006,0
83948,0.834042724112,0
83949,0.570773949723,0
83950,0.588213564262,0
83951,0.826661953554,0
83952,0.962673379512,0
83953,0.889383977679,0
83954,0.75420625379,0
83955,0.720460207964,0
83956,0.793933126874,0
83957,0.76123191122,0
83958,0.677284841405,0
83959,0.497549270051,0
83960,0.739314310935,0
83961,0.470923744611,0
83962,0.638138440734,0
83963,0.438000070575,0
83964,0.739381061982,0
83965,0.446671515297,0
83966,0.6470053048,0
83967,0.439938376805,0
83968,0.441828357024,0
83969,0.648334535434,0
83970,0.285553513277,0
83971,0.393688244122,0
83972,0.230784956537,0
83973,0.531346161142,0
83974,0.242474766716,0
83975,0.129211828728,0
83976,0.389387036562,0
83977,0.473168910297,0
83978,0.175950703376,0
83979,0.374255977365,0
83980,0.170231466987,0
83981,0.325458146445,0
83982,0.254314380176,0
83983,-0.162496762357,0
83984,0.132411410948,0
83985,0.178786107837,0
83986,-0.247558120451,0
83987,-0.290147181421,0
83988,0.0260333742906,0
83989,0.00372127846844,0
83990,-0.309092788265,0
83991,-0.283548287895,0
83992,-0.520099407719,0
83993,-0.500902099323,0
83994,-0.249734747092,0
83995,-0.249244643422,0
83996,-0.423117788898,0
83997,-0.341637614054,0
83998,-0.715188940339,0
83999,-0.422473041129,0
84000,-0.716091565185,0
84001,-0.650369270649,0
84002,-0.436108274387,0
84003,-0.633621055923,0
84004,-0.810786484741,0
84005,-0.961436408832,0
84006,-0.68547255213,0
84007,-1.05250402196,0
84008,-0.98125614213,0
84009,-0.939568686709,0
84010,-0.797902735143,0
84011,-1.05338373454,0
84012,-0.967019910253,0
84013,-1.18693763235,0
84014,-1.29204778767,0
84015,-1.01615129611,0
84016,-1.26427786172,0
84017,-1.4781370502,0
84018,-1.47375126406,0
84019,-1.30781408799,0
84020,-1.19561548515,0
84021,-1.56217694763,0
84022,-1.46310427871,0
84023,-1.69304779976,0
84024,-1.72516039692,0
84025,-1.37517255969,0
84026,-1.43875124367,0
84027,-1.39797113879,0
84028,-1.46985018798,0
84029,-1.50573872064,0
84030,-1.69686258494,0
84031,-1.81419767707,0
84032,-1.8233588869,0
84033,-1.60878501922,0
84034,-1.98868790696,0
84035,-2.00988547006,0
84036,-1.61495201632,0
84037,-1.90702252586,0
84038,-1.96300975955,0
84039,-2.06957784013,0
84040,-2.09504341742,0
84041,-1.69142684917,0
84042,-2.06342517415,0
84043,-2.1066277322,0
84044,-1.82333659463,0
84045,-1.8035926165,0
84046,-1.91419293717,0
84047,-1.7860556897,0
84048,-1.98788219673,0
84049,-2.12573677424,0
84050,-1.99648702856,0
84051,-1.74410635635,0
84052,-2.16020168042,0
84053,-2.01472239847,0
84054,-2.13167167485,0
84055,-1.87249093173,0
84056,-2.13421062213,0
84057,-1.74294379392,0
84058,-1.86046515009,0
84059,-2.01300765496,0
84060,-2.09052919207,0
84061,-1.77351376603,0
84062,-1.6558168327,0
84063,-1.64388564261,0
84064,-1.66767064401,0
84065,-1.69291341604,0
84066,-1.83551413269,0
84067,-1.66433167737,0
84068,-1.54153477829,0
84069,-1.75226425593,0
84070,-1.85145332103,0
84071,-1.53444261571,0
84072,-1.50919745088,0
84073,-1.50933868821,0
84074,-1.66464732982,0
84075,-1.72990424352,0
84076,-1.5097134799,0
84077,-1.48327998514,0
84078,-1.35508120694,0
84079,-1.49074408669,0
84080,-1.56237782035,0
84081,-1.53387789154,0
84082,-1.12402016303,0
84083,-1.06755198115,0
84084,-1.41295036205,0
84085,-0.963022366894,0
84086,-1.02232260171,0
84087,-0.886758482362,0
84088,-0.929662578406,0
84089,-0.805631558667,0
84090,-0.78604843848,0
84091,-1.1308652142,0
84092,-0.911871934844,0
84093,-0.819144000819,0
84094,-0.981723466112,0
84095,-0.859327960011,0
84096,-0.916992283272,0
84097,-0.565363342155,0
84098,-0.432329548759,0
84099,-0.562537346372,0
84100,-0.680669126815,0
84101,-0.447859513068,0
84102,-0.426731880061,0
84103,-0.543625161119,0
84104,-0.538402021587,0
84105,-0.18514759545,0
84106,-0.0726511058152,0
84107,-0.357103637892,0
84108,0.0186708862209,0
84109,-0.349855674355,0
84110,0.104927471757,0
84111,-0.143259629016,0
84112,-0.0120480316667,0
84113,-0.116744356847,0
84114,0.0651223054099,0
84115,0.185208518728,0
84116,0.292223155352,0
84117,0.0166431446909,0
84118,0.388863792135,0
84119,0.159082911992,0
84120,0.177514837128,0
84121,0.1568580491,0
84122,0.430823649767,0
84123,0.236476729457,0
84124,0.266382889915,0
84125,0.28515263772,0
84126,0.348805960352,0
84127,0.46881304869,0
84128,0.739773223856,0
84129,0.592968533008,0
84130,0.468985314435,0
84131,0.81218245666,0
84132,0.795181563599,0
84133,0.486464972209,0
84134,0.782956265662,0
84135,0.916708337288,0
84136,0.918833699338,0
84137,0.618958406304,0
84138,0.967077121426,0
84139,0.613394284264,0
84140,0.942986307371,0
84141,1.0056813618,0
84142,0.836287193353,0
84143,0.861981998741,0
84144,0.638058706871,0
84145,0.723547380605,0
84146,1.04893910139,0
84147,0.987162989359,0
84148,0.910476543411,0
84149,0.647207769022,0
84150,0.664647383561,0
84151,0.903095772853,0
84152,1.03910719881,0
84153,0.965817796978,0
84154,0.830640073089,0
84155,0.796894027263,0
84156,0.870366946173,0
84157,0.837665730519,0
84158,0.753718660704,0
84159,0.57398308935,0
84160,0.815748130234,0
84161,0.54735756391,0
84162,0.714572260033,0
84163,0.514433889874,0
84164,0.815814881281,0
84165,0.523105334596,0
84166,0.723439124099,0
84167,0.516372196104,0
84168,0.518262176323,0
84169,0.724768354733,0
84170,0.361987332576,0
84171,0.470122063421,0
84172,0.307218775836,0
84173,0.607779980441,0
84174,0.318908586015,0
84175,0.205645648027,0
84176,0.465820855861,0
84177,0.549602729596,0
84178,0.252384522675,0
84179,0.450689796664,0
84180,0.246665286286,0
84181,0.401891965744,0
84182,0.330748199475,0
84183,-0.0860629430585,0
84184,0.208845230247,0
84185,0.255219927136,0
84186,-0.171124301152,0
84187,-0.213713362122,0
84188,0.10246719359,0
84189,0.0801550977674,0
84190,-0.232658968966,0
84191,-0.207114468596,0
84192,-0.44366558842,0
84193,-0.424468280024,0
84194,-0.173300927793,0
84195,-0.172810824123,0
84196,-0.346683969599,0
84197,-0.265203794755,0
84198,-0.63875512104,0
84199,-0.34603922183,0
84200,-0.56378643998,0
84201,-0.498064145444,0
84202,-0.283803149182,0
84203,-0.481315930718,0
84204,-0.658481359536,0
84205,-0.809131283627,0
84206,-0.533167426924,0
84207,-0.900198896757,0
84208,-0.828951016925,0
84209,-0.787263561503,0
84210,-0.645597609938,0
84211,-0.90107860933,0
84212,-0.814714785048,0
84213,-1.03463250714,0
84214,-1.13974266247,0
84215,-0.863846170906,0
84216,-1.11197273652,0
84217,-1.32583192499,0
84218,-1.32144613885,0
84219,-1.15550896278,0
84220,-1.04331035995,0
84221,-1.40987182242,0
84222,-1.31079915351,0
84223,-1.54074267456,0
84224,-1.57285527171,0
84225,-1.22286743449,0
84226,-1.28644611846,0
84227,-1.24566601359,0
84228,-1.31754506278,0
84229,-1.35343359543,0
84230,-1.54455745974,0
84231,-1.66189255187,0
84232,-1.67105376169,0
84233,-1.45647989401,0
84234,-1.83638278175,0
84235,-1.85758034485,0
84236,-1.46264689111,0
84237,-1.75471740066,0
84238,-1.81070463434,0
84239,-1.91727271492,0
84240,-1.94273829222,0
84241,-1.53912172396,0
84242,-1.91112004894,0
84243,-1.95432260699,0
84244,-1.67103146942,0
84245,-1.65128749129,0
84246,-1.76188781197,0
84247,-1.63375056449,0
84248,-1.83557707152,0
84249,-1.97343164904,0
84250,-1.84418190335,0
84251,-1.59180123114,0
84252,-2.00789655522,0
84253,-1.86241727327,0
84254,-1.97936654965,0
84255,-1.72018580653,0
84256,-1.98190549692,0
84257,-1.59063866872,0
84258,-1.70816002488,0
84259,-1.86070252976,0
84260,-1.93822406686,0
84261,-1.62120864083,0
84262,-1.5035117075,0
84263,-1.4915805174,0
84264,-1.51536551881,0
84265,-1.54060829084,0
84266,-1.68320900748,0
84267,-1.51202655217,0
84268,-1.38922965308,0
84269,-1.59995913073,0
84270,-1.69914819582,0
84271,-1.38213749051,0
84272,-1.35689232567,0
84273,-1.357033563,0
84274,-1.51234220461,0
84275,-1.57759911832,0
84276,-1.35740835469,0
84277,-1.33097485993,0
84278,-1.20277608173,0
84279,-1.33843896149,0
84280,-1.41007269514,0
84281,-1.38157276634,0
84282,-0.971715037823,0
84283,-0.91524685594,0
84284,-1.26064523685,0
84285,-0.810717241689,0
84286,-0.870017476503,0
84287,-0.734453357156,0
84288,-0.777357453201,0
84289,-0.653326433461,0
84290,-0.633743313275,0
84291,-0.978560088994,0
84292,-0.759566809639,0
84293,-0.666838875614,0
84294,-0.829418340906,0
84295,-0.707022834806,0
84296,-0.764687158067,0
84297,-0.41305821695,0
84298,-0.280024423553,0
84299,-0.410232221166,0
84300,-0.52836400161,0
84301,-0.295554387862,0
84302,-0.274426754856,0
84303,-0.391320035914,0
84304,-0.386096896382,0
84305,-0.0328424702442,0
84306,0.0796540193901,0
84307,-0.204798512687,0
84308,0.170976011426,0
84309,-0.19755054915,0
84310,0.257232596962,0
84311,0.00904549618954,0
84312,0.140257093539,0
84313,0.0355607683585,0
84314,0.217427430615,0
84315,0.337513643933,0
84316,0.444528280558,0
84317,0.168948269896,0
84318,0.54116891734,0
84319,0.311388037197,0
84320,0.329819962334,0
84321,0.309163174305,0
84322,0.583128774972,0
84323,0.388781854662,0
84324,0.418688015121,0
84325,0.437457762926,0
84326,0.501111085558,0
84327,0.621118173895,0
84328,0.892078349062,0
84329,0.745273658214,0
84330,0.621290439641,0
84331,0.964487581866,0
84332,0.947486688805,0
84333,0.638770097414,0
84334,0.935261390867,0
84335,1.06901346249,0
84336,1.07113882454,0
84337,0.771263531509,0
84338,1.11938224663,0
84339,0.765699409469,0
84340,1.09529143258,0
84341,1.15798648701,0
84342,0.988592318558,0
84343,1.01428712395,0
84344,0.790363832076,0
84345,0.87585250581,0
84346,1.20124422659,0
84347,1.13946811456,0
84348,1.06278166862,0
84349,0.799512894228,0
84350,0.816952508767,0
84351,1.05540089806,0
84352,1.19141232402,0
84353,1.11812292218,0
84354,0.982945198294,0
84355,0.949199152468,0
84356,1.02267207138,0
84357,0.989970855725,0
84358,0.906023785909,0
84359,0.726288214556,0
84360,0.968053255439,0
84361,0.699662689115,0
84362,0.866877385238,0
84363,0.666739015079,0
84364,0.968120006486,0
84365,0.675410459802,0
84366,0.875744249305,0
84367,0.668677321309,0
84368,0.670567301528,0
84369,0.877073479938,0
84370,0.514292457781,0
84371,0.622427188626,0
84372,0.459523901041,0
84373,0.760085105647,0
84374,0.47121371122,0
84375,0.357950773232,0
84376,0.618125981066,0
84377,0.701907854801,0
84378,0.40468964788,0
84379,0.602994921869,0
84380,0.398970411492,0
84381,0.554197090949,0
84382,0.48305332468,0
84383,0.0662421821468,0
84384,0.361150355452,0
84385,0.407525052342,0
84386,-0.0188191759465,0
84387,-0.0614082369168,0
84388,0.254772318795,0
84389,0.232460222973,0
84390,-0.080353843761,0
84391,-0.0548093433906,0
84392,-0.291360463214,0
84393,-0.272163154819,0
84394,-0.0209958025876,0
84395,-0.0205056989179,0
84396,-0.194378844394,0
84397,-0.11289866955,0
84398,-0.486449995834,0
84399,-0.193734096625,0
84400,-0.708570532639,0
84401,-0.642848238102,0
84402,-0.42858724184,0
84403,-0.626100023376,0
84404,-0.803265452195,0
84405,-0.953915376285,0
84406,-0.677951519583,0
84407,-1.04498298942,0
84408,-0.973735109583,0
84409,-0.932047654162,0
84410,-0.790381702596,0
84411,-1.04586270199,0
84412,-0.959498877706,0
84413,-1.1794165998,0
84414,-1.28452675512,0
84415,-1.00863026356,0
84416,-1.25675682918,0
84417,-1.47061601765,0
84418,-1.46623023151,0
84419,-1.30029305544,0
84420,-1.1880944526,0
84421,-1.55465591508,0
84422,-1.45558324617,0
84423,-1.68552676722,0
84424,-1.71763936437,0
84425,-1.36765152714,0
84426,-1.43123021112,0
84427,-1.39045010624,0
84428,-1.46232915544,0
84429,-1.49821768809,0
84430,-1.6893415524,0
84431,-1.80667664453,0
84432,-1.81583785435,0
84433,-1.60126398667,0
84434,-1.98116687441,0
84435,-2.00236443751,0
84436,-1.60743098377,0
84437,-1.89950149332,0
84438,-1.955488727,0
84439,-2.06205680758,0
84440,-2.08752238488,0
84441,-1.68390581662,0
84442,-2.0559041416,0
84443,-2.09910669965,0
84444,-1.81581556208,0
84445,-1.79607158395,0
84446,-1.90667190463,0
84447,-1.77853465715,0
84448,-1.98036116418,0
84449,-2.1182157417,0
84450,-1.98896599601,0
84451,-1.7365853238,0
84452,-2.15268064787,0
84453,-2.00720136592,0
84454,-2.12415064231,0
84455,-1.86496989919,0
84456,-2.12668958958,0
84457,-1.73542276137,0
84458,-1.85294411754,0
84459,-2.00548662241,0
84460,-2.08300815952,0
84461,-1.76599273349,0
84462,-1.64829580016,0
84463,-1.63636461006,0
84464,-1.66014961146,0
84465,-1.6853923835,0
84466,-1.82799310014,0
84467,-1.65681064483,0
84468,-1.53401374574,0
84469,-1.74474322338,0
84470,-1.84393228848,0
84471,-1.52692158316,0
84472,-1.50167641833,0
84473,-1.50181765566,0
84474,-1.65712629727,0
84475,-1.72238321098,0
84476,-1.50219244735,0
84477,-1.47575895259,0
84478,-1.34756017439,0
84479,-1.48322305414,0
84480,-1.5548567878,0
84481,-1.526356859,0
84482,-1.11649913048,0
84483,-1.0600309486,0
84484,-1.40542932951,0
84485,-0.955501334347,0
84486,-1.01480156916,0
84487,-0.879237449815,0
84488,-0.922141545859,0
84489,-0.79811052612,0
84490,-0.778527405933,0
84491,-1.12334418165,0
84492,-0.904350902297,0
84493,-0.811622968272,0
84494,-0.974202433565,0
84495,-0.851806927464,0
84496,-0.909471250725,0
84497,-0.557842309608,0
84498,-0.424808516212,0
84499,-0.555016313825,0
84500,-0.673148094268,0
84501,-0.440338480521,0
84502,-0.419210847514,0
84503,-0.536104128572,0
84504,-0.53088098904,0
84505,-0.177626562903,0
84506,-0.0651300732683,0
84507,-0.349582605345,0
84508,0.0261919187678,0
84509,-0.342334641808,0
84510,0.112448504304,0
84511,-0.135738596469,0
84512,-0.00452699911978,0
84513,-0.1092233243,0
84514,0.0726433379568,0
84515,0.192729551275,0
84516,0.299744187899,0
84517,0.0241641772378,0
84518,0.396384824682,0
84519,0.166603944539,0
84520,0.185035869675,0
84521,0.164379081647,0
84522,0.438344682314,0
84523,0.243997762004,0
84524,0.273903922462,0
84525,0.292673670267,0
84526,0.356326992899,0
84527,0.476334081237,0
84528,0.747294256403,0
84529,0.600489565555,0
84530,0.476506346982,0
84531,0.819703489207,0
84532,0.802702596146,0
84533,0.493986004756,0
84534,0.790477298209,0
84535,0.924229369834,0
84536,0.926354731885,0
84537,0.626479438851,0
84538,0.974598153973,0
84539,0.620915316811,0
84540,0.950507339918,0
84541,1.01320239435,0
84542,0.8438082259,0
84543,0.869503031288,0
84544,0.645579739418,0
84545,0.731068413152,0
84546,1.05646013393,0
84547,0.994684021906,0
84548,0.917997575958,0
84549,0.654728801569,0
84550,0.672168416108,0
84551,0.9106168054,0
84552,1.04662823136,0
84553,0.973338829525,0
84554,0.838161105636,0
84555,0.80441505981,0
84556,0.87788797872,0
84557,0.845186763066,0
84558,0.761239693251,0
84559,0.581504121897,0
84560,0.823269162781,0
84561,0.554878596457,0
84562,0.72209329258,0
84563,0.521954922421,0
84564,0.823335913828,0
84565,0.530626367143,0
84566,0.730960156646,0
84567,0.523893228651,0
84568,0.52578320887,0
84569,0.73228938728,0
84570,0.369508365123,0
84571,0.477643095968,0
84572,0.314739808383,0
84573,0.615301012988,0
84574,0.326429618562,0
84575,0.213166680574,0
84576,0.473341888408,0
84577,0.557123762143,0
84578,0.259905555222,0
84579,0.458210829211,0
84580,0.254186318833,0
84581,0.409412998291,0
84582,0.338269232022,0
84583,-0.0785419105116,0
84584,0.216366262794,0
84585,0.262740959683,0
84586,-0.163603268605,0
84587,-0.206192329575,0
84588,0.109988226136,0
84589,0.0876761303143,0
84590,-0.225137936419,0
84591,-0.199593436049,0
84592,-0.436144555873,0
84593,-0.416947247478,0
84594,-0.165779895246,0
84595,-0.165289791576,0
84596,-0.339162937052,0
84597,-0.257682762208,0
84598,-0.631234088493,0
84599,-0.338518189283,0
84600,-0.878966393201,0
84601,-0.813244098665,0
84602,-0.598983102403,0
84603,-0.796495883939,0
84604,-0.973661312757,0
84605,-1.12431123685,0
84606,-0.848347380145,0
84607,-1.21537884998,0
84608,-1.14413097015,0
84609,-1.10244351472,0
84610,-0.960777563159,0
84611,-1.21625856255,0
84612,-1.12989473827,0
84613,-1.34981246036,0
84614,-1.45492261569,0
84615,-1.17902612413,0
84616,-1.42715268974,0
84617,-1.64101187822,0
84618,-1.63662609207,0
84619,-1.470688916,0
84620,-1.35849031317,0
84621,-1.72505177564,0
84622,-1.62597910673,0
84623,-1.85592262778,0
84624,-1.88803522493,0
84625,-1.53804738771,0
84626,-1.60162607168,0
84627,-1.56084596681,0
84628,-1.632725016,0
84629,-1.66861354865,0
84630,-1.85973741296,0
84631,-1.97707250509,0
84632,-1.98623371491,0
84633,-1.77165984723,0
84634,-2.15156273497,0
84635,-2.17276029808,0
84636,-1.77782684434,0
84637,-2.06989735388,0
84638,-2.12588458757,0
84639,-2.23245266814,0
84640,-2.25791824544,0
84641,-1.85430167719,0
84642,-2.22630000216,0
84643,-2.26950256021,0
84644,-1.98621142264,0
84645,-1.96646744451,0
84646,-2.07706776519,0
84647,-1.94893051772,0
84648,-2.15075702475,0
84649,-2.28861160226,0
84650,-2.15936185657,0
84651,-1.90698118437,0
84652,-2.32307650844,0
84653,-2.17759722649,0
84654,-2.29454650287,0
84655,-2.03536575975,0
84656,-2.29708545014,0
84657,-1.90581862194,0
84658,-2.02333997811,0
84659,-2.17588248298,0
84660,-2.25340402008,0
84661,-1.93638859405,0
84662,-1.81869166072,0
84663,-1.80676047062,0
84664,-1.83054547203,0
84665,-1.85578824406,0
84666,-1.9983889607,0
84667,-1.82720650539,0
84668,-1.7044096063,0
84669,-1.91513908395,0
84670,-2.01432814904,0
84671,-1.69731744373,0
84672,-1.67207227889,0
84673,-1.67221351622,0
84674,-1.82752215783,0
84675,-1.89277907154,0
84676,-1.67258830791,0
84677,-1.64615481315,0
84678,-1.51795603495,0
84679,-1.65361891471,0
84680,-1.72525264836,0
84681,-1.69675271956,0
84682,-1.28689499104,0
84683,-1.23042680916,0
84684,-1.57582519007,0
84685,-1.12589719491,0
84686,-1.18519742972,0
84687,-1.04963331038,0
84688,-1.09253740642,0
84689,-0.968506386682,0
84690,-0.948923266496,0
84691,-1.29374004222,0
84692,-1.07474676286,0
84693,-0.982018828835,0
84694,-1.14459829413,0
84695,-1.02220278803,0
84696,-1.07986711129,0
84697,-0.728238170171,0
84698,-0.595204376774,0
84699,-0.725412174387,0
84700,-0.843543954831,0
84701,-0.610734341083,0
84702,-0.589606708077,0
84703,-0.706499989135,0
84704,-0.701276849603,0
84705,-0.348022423465,0
84706,-0.235525933831,0
84707,-0.519978465908,0
84708,-0.144203941795,0
84709,-0.512730502371,0
84710,-0.0579473562585,0
84711,-0.306134457031,0
84712,-0.174922859682,0
84713,-0.279619184862,0
84714,-0.0977525226058,0
84715,0.0223336907125,0
84716,0.129348327337,0
84717,-0.146231683325,0
84718,0.22598896412,0
84719,-0.00379191602356,0
84720,0.0146400091126,0
84721,-0.0060167789159,0
84722,0.267948821751,0
84723,0.0736019014409,0
84724,0.1035080619,0
84725,0.122277809705,0
84726,0.185931132337,0
84727,0.305938220674,0
84728,0.576898395841,0
84729,0.430093704993,0
84730,0.30611048642,0
84731,0.649307628645,0
84732,0.632306735584,0
84733,0.323590144193,0
84734,0.620081437646,0
84735,0.753833509272,0
84736,0.755958871322,0
84737,0.456083578288,0
84738,0.80420229341,0
84739,0.450519456248,0
84740,0.780111479356,0
84741,0.842806533786,0
84742,0.673412365337,0
84743,0.699107170726,0
84744,0.475183878855,0
84745,0.560672552589,0
84746,0.886064273372,0
84747,0.824288161344,0
84748,0.747601715396,0
84749,0.484332941007,0
84750,0.501772555546,0
84751,0.740220944838,0
84752,0.876232370796,0
84753,0.802942968962,0
84754,0.667765245073,0
84755,0.634019199247,0
84756,0.707492118157,0
84757,0.674790902504,0
84758,0.590843832688,0
84759,0.411108261335,0
84760,0.652873302218,0
84761,0.384482735894,0
84762,0.551697432017,0
84763,0.351559061858,0
84764,0.652940053265,0
84765,0.360230506581,0
84766,0.560564296084,0
84767,0.353497368088,0
84768,0.355387348308,0
84769,0.561893526718,0
84770,0.19911250456,0
84771,0.307247235405,0
84772,0.14434394782,0
84773,0.444905152426,0
84774,0.156033757999,0
84775,0.0427708200113,0
84776,0.302946027845,0
84777,0.38672790158,0
84778,0.0895096946593,0
84779,0.287814968648,0
84780,0.0837904582708,0
84781,0.239017137728,0
84782,0.167873371459,0
84783,-0.248937771074,0
84784,0.0459704022314,0
84785,0.0923450991206,0
84786,-0.333999129167,0
84787,-0.376588190138,0
84788,-0.0604076344261,0
84789,-0.0827197302483,0
84790,-0.395533796982,0
84791,-0.369989296612,0
84792,-0.606540416435,0
84793,-0.58734310804,0
84794,-0.336175755809,0
84795,-0.335685652139,0
84796,-0.509558797615,0
84797,-0.428078622771,0
84798,-0.801629949055,0
84799,-0.508914049846,0
84800,-0.800761799151,0
84801,-0.735039504614,0
84802,-0.520778508353,0
84803,-0.718291289888,0
84804,-0.895456718707,0
84805,-1.0461066428,0
84806,-0.770142786095,0
84807,-1.13717425593,0
84808,-1.0659263761,0
84809,-1.02423892067,0
84810,-0.882572969108,0
84811,-1.1380539685,0
84812,-1.05169014422,0
84813,-1.27160786631,0
84814,-1.37671802164,0
84815,-1.10082153008,0
84816,-1.34894809569,0
84817,-1.56280728416,0
84818,-1.55842149802,0
84819,-1.39248432195,0
84820,-1.28028571912,0
84821,-1.64684718159,0
84822,-1.54777451268,0
84823,-1.77771803373,0
84824,-1.80983063088,0
84825,-1.45984279366,0
84826,-1.52342147763,0
84827,-1.48264137276,0
84828,-1.55452042195,0
84829,-1.5904089546,0
84830,-1.78153281891,0
84831,-1.89886791104,0
84832,-1.90802912086,0
84833,-1.69345525318,0
84834,-2.07335814092,0
84835,-2.09455570403,0
84836,-1.69962225029,0
84837,-1.99169275983,0
84838,-2.04767999352,0
84839,-2.15424807409,0
84840,-2.17971365139,0
84841,-1.77609708313,0
84842,-2.14809540811,0
84843,-2.19129796616,0
84844,-1.90800682859,0
84845,-1.88826285046,0
84846,-1.99886317114,0
84847,-1.87072592367,0
84848,-2.0725524307,0
84849,-2.21040700821,0
84850,-2.08115726252,0
84851,-1.82877659032,0
84852,-2.24487191439,0
84853,-2.09939263244,0
84854,-2.21634190882,0
84855,-1.9571611657,0
84856,-2.21888085609,0
84857,-1.82761402789,0
84858,-1.94513538406,0
84859,-2.09767788893,0
84860,-2.17519942603,0
84861,-1.858184,0
84862,-1.74048706667,0
84863,-1.72855587657,0
84864,-1.75234087798,0
84865,-1.77758365001,0
84866,-1.92018436665,0
84867,-1.74900191134,0
84868,-1.62620501225,0
84869,-1.8369344899,0
84870,-1.93612355499,0
84871,-1.61911284968,0
84872,-1.59386768484,0
84873,-1.59400892217,0
84874,-1.74931756378,0
84875,-1.81457447749,0
84876,-1.59438371386,0
84877,-1.5679502191,0
84878,-1.4397514409,0
84879,-1.57541432066,0
84880,-1.64704805431,0
84881,-1.61854812551,0
84882,-1.20869039699,0
84883,-1.15222221511,0
84884,-1.49762059602,0
84885,-1.04769260086,0
84886,-1.10699283567,0
84887,-0.971428716327,0
84888,-1.01433281237,0
84889,-0.890301792632,0
84890,-0.870718672445,0
84891,-1.21553544816,0
84892,-0.996542168809,0
84893,-0.903814234784,0
84894,-1.06639370008,0
84895,-0.943998193976,0
84896,-1.00166251724,0
84897,-0.65003357612,0
84898,-0.516999782724,0
84899,-0.647207580337,0
84900,-0.76533936078,0
84901,-0.532529747033,0
84902,-0.511402114026,0
84903,-0.628295395084,0
84904,-0.623072255552,0
84905,-0.269817829415,0
84906,-0.15732133978,0
84907,-0.441773871857,0
84908,-0.0659993477443,0
84909,-0.43452590832,0
84910,0.020257237792,0
84911,-0.227929862981,0
84912,-0.0967182656319,0
84913,-0.201414590812,0
84914,-0.0195479285553,0
84915,0.100538284763,0
84916,0.207552921387,0
84917,-0.0680270892743,0
84918,0.30419355817,0
84919,0.074412678027,0
84920,0.0928446031631,0
84921,0.0721878151346,0
84922,0.346153415801,0
84923,0.151806495491,0
84924,0.18171265595,0
84925,0.200482403755,0
84926,0.264135726387,0
84927,0.384142814724,0
84928,0.655102989891,0
84929,0.508298299043,0
84930,0.38431508047,0
84931,0.727512222695,0
84932,0.710511329634,0
84933,0.401794738244,0
84934,0.698286031697,0
84935,0.832038103322,0
84936,0.834163465373,0
84937,0.534288172339,0
84938,0.882406887461,0
84939,0.528724050298,0
84940,0.858316073406,0
84941,0.921011127836,0
84942,0.751616959388,0
84943,0.777311764776,0
84944,0.553388472906,0
84945,0.63887714664,0
84946,0.964268867422,0
84947,0.902492755394,0
84948,0.825806309446,0
84949,0.562537535057,0
84950,0.579977149596,0
84951,0.818425538888,0
84952,0.954436964846,0
84953,0.881147563013,0
84954,0.745969839124,0
84955,0.712223793298,0
84956,0.785696712208,0
84957,0.752995496554,0
84958,0.669048426739,0
84959,0.489312855385,0
84960,0.731077896269,0
84961,0.462687329945,0
84962,0.629902026068,0
84963,0.429763655909,0
84964,0.731144647315,0
84965,0.438435100631,0
84966,0.638768890134,0
84967,0.431701962139,0
84968,0.433591942358,0
84969,0.640098120768,0
84970,0.277317098611,0
84971,0.385451829456,0
84972,0.222548541871,0
84973,0.523109746476,0
84974,0.23423835205,0
84975,0.120975414062,0
84976,0.381150621896,0
84977,0.46493249563,0
84978,0.16771428871,0
84979,0.366019562699,0
84980,0.161995052321,0
84981,0.317221731779,0
84982,0.24607796551,0
84983,-0.170733177024,0
84984,0.124174996282,0
84985,0.170549693171,0
84986,-0.255794535117,0
84987,-0.298383596087,0
84988,0.0177969596244,0
84989,-0.00451513619776,0
84990,-0.317329202931,0
84991,-0.291784702561,0
84992,-0.528335822385,0
84993,-0.50913851399,0
84994,-0.257971161758,0
84995,-0.257481058088,0
84996,-0.431354203564,0
84997,-0.349874028721,0
84998,-0.723425355005,0
84999,-0.430709455795,0
85000,-0.787749460815,0
85001,-0.722027166279,0
85002,-0.507766170017,0
85003,-0.705278951553,0
85004,-0.882444380371,0
85005,-1.03309430446,0
85006,-0.757130447759,0
85007,-1.12416191759,0
85008,-1.05291403776,0
85009,-1.01122658234,0
85010,-0.869560630773,0
85011,-1.12504163017,0
85012,-1.03867780588,0
85013,-1.25859552798,0
85014,-1.3637056833,0
85015,-1.08780919174,0
85016,-1.33593575735,0
85017,-1.54979494583,0
85018,-1.54540915968,0
85019,-1.37947198362,0
85020,-1.26727338078,0
85021,-1.63383484326,0
85022,-1.53476217434,0
85023,-1.76470569539,0
85024,-1.79681829255,0
85025,-1.44683045532,0
85026,-1.5104091393,0
85027,-1.46962903442,0
85028,-1.54150808361,0
85029,-1.57739661627,0
85030,-1.76852048057,0
85031,-1.8858555727,0
85032,-1.89501678252,0
85033,-1.68044291485,0
85034,-2.06034580259,0
85035,-2.08154336569,0
85036,-1.68660991195,0
85037,-1.97868042149,0
85038,-2.03466765518,0
85039,-2.14123573576,0
85040,-2.16670131305,0
85041,-1.7630847448,0
85042,-2.13508306978,0
85043,-2.17828562783,0
85044,-1.89499449026,0
85045,-1.87525051213,0
85046,-1.9858508328,0
85047,-1.85771358533,0
85048,-2.05954009236,0
85049,-2.19739466987,0
85050,-2.06814492419,0
85051,-1.81576425198,0
85052,-2.23185957605,0
85053,-2.0863802941,0
85054,-2.20332957048,0
85055,-1.94414882736,0
85056,-2.20586851776,0
85057,-1.81460168955,0
85058,-1.93212304572,0
85059,-2.08466555059,0
85060,-2.1621870877,0
85061,-1.84517166166,0
85062,-1.72747472833,0
85063,-1.71554353824,0
85064,-1.73932853964,0
85065,-1.76457131167,0
85066,-1.90717202832,0
85067,-1.735989573,0
85068,-1.61319267392,0
85069,-1.82392215156,0
85070,-1.92311121666,0
85071,-1.60610051134,0
85072,-1.58085534651,0
85073,-1.58099658384,0
85074,-1.73630522545,0
85075,-1.80156213915,0
85076,-1.58137137553,0
85077,-1.55493788077,0
85078,-1.42673910257,0
85079,-1.56240198232,0
85080,-1.63403571598,0
85081,-1.60553578717,0
85082,-1.19567805866,0
85083,-1.13920987678,0
85084,-1.48460825768,0
85085,-1.03468026252,0
85086,-1.09398049734,0
85087,-0.958416377991,0
85088,-1.00132047404,0
85089,-0.877289454296,0
85090,-0.857706334109,0
85091,-1.20252310983,0
85092,-0.983529830474,0
85093,-0.890801896448,0
85094,-1.05338136174,0
85095,-0.93098585564,0
85096,-0.988650178901,0
85097,-0.637021237785,0
85098,-0.503987444388,0
85099,-0.634195242001,0
85100,-0.752327022445,0
85101,-0.519517408697,0
85102,-0.49838977569,0
85103,-0.615283056749,0
85104,-0.610059917217,0
85105,-0.256805491079,0
85106,-0.144309001445,0
85107,-0.428761533521,0
85108,-0.0529870094087,0
85109,-0.421513569985,0
85110,0.0332695761276,0
85111,-0.214917524645,0
85112,-0.0837059272963,0
85113,-0.188402252476,0
85114,-0.0065355902197,0
85115,0.113550623099,0
85116,0.220565259723,0
85117,-0.0550147509387,0
85118,0.317205896506,0
85119,0.0874250163625,0
85120,0.105856941499,0
85121,0.0852001534702,0
85122,0.359165754137,0
85123,0.164818833827,0
85124,0.194724994286,0
85125,0.213494742091,0
85126,0.277148064723,0
85127,0.39715515306,0
85128,0.668115328227,0
85129,0.521310637379,0
85130,0.397327418806,0
85131,0.740524561031,0
85132,0.72352366797,0
85133,0.414807076579,0
85134,0.711298370032,0
85135,0.845050441658,0
85136,0.847175803708,0
85137,0.547300510674,0
85138,0.895419225796,0
85139,0.541736388634,0
85140,0.871328411742,0
85141,0.934023466172,0
85142,0.764629297723,0
85143,0.790324103112,0
85144,0.566400811241,0
85145,0.651889484975,0
85146,0.977281205758,0
85147,0.91550509373,0
85148,0.838818647782,0
85149,0.575549873393,0
85150,0.592989487932,0
85151,0.831437877224,0
85152,0.967449303182,0
85153,0.894159901348,0
85154,0.758982177459,0
85155,0.725236131633,0
85156,0.798709050543,0
85157,0.76600783489,0
85158,0.682060765074,0
85159,0.502325193721,0
85160,0.744090234604,0
85161,0.475699668281,0
85162,0.642914364403,0
85163,0.442775994245,0
85164,0.744156985651,0
85165,0.451447438967,0
85166,0.65178122847,0
85167,0.444714300475,0
85168,0.446604280694,0
85169,0.653110459104,0
85170,0.290329436946,0
85171,0.398464167791,0
85172,0.235560880207,0
85173,0.536122084812,0
85174,0.247250690385,0
85175,0.133987752397,0
85176,0.394162960231,0
85177,0.477944833966,0
85178,0.180726627045,0
85179,0.379031901035,0
85180,0.175007390657,0
85181,0.330234070114,0
85182,0.259090303845,0
85183,-0.157720838688,0
85184,0.137187334618,0
85185,0.183562031507,0
85186,-0.242782196781,0
85187,-0.285371257752,0
85188,0.03080929796,0
85189,0.00849720213783,0
85190,-0.304316864596,0
85191,-0.278772364225,0
85192,-0.515323484049,0
85193,-0.496126175654,0
85194,-0.244958823422,0
85195,-0.244468719753,0
85196,-0.418341865228,0
85197,-0.336861690385,0
85198,-0.710413016669,0
85199,-0.41769711746,0
85200,-0.840149705007,0
85201,-0.774427410471,0
85202,-0.560166414209,0
85203,-0.757679195744,0
85204,-0.934844624563,0
85205,-1.08549454865,0
85206,-0.809530691951,0
85207,-1.17656216178,0
85208,-1.10531428195,0
85209,-1.06362682653,0
85210,-0.921960874964,0
85211,-1.17744187436,0
85212,-1.09107805007,0
85213,-1.31099577217,0
85214,-1.41610592749,0
85215,-1.14020943593,0
85216,-1.38833600155,0
85217,-1.60219519002,0
85218,-1.59780940388,0
85219,-1.43187222781,0
85220,-1.31967362497,0
85221,-1.68623508745,0
85222,-1.58716241854,0
85223,-1.81710593958,0
85224,-1.84921853674,0
85225,-1.49923069951,0
85226,-1.56280938349,0
85227,-1.52202927861,0
85228,-1.59390832781,0
85229,-1.62979686046,0
85230,-1.82092072477,0
85231,-1.9382558169,0
85232,-1.94741702672,0
85233,-1.73284315904,0
85234,-2.11274604678,0
85235,-2.13394360988,0
85236,-1.73901015614,0
85237,-2.03108066568,0
85238,-2.08706789937,0
85239,-2.19363597995,0
85240,-2.21910155724,0
85241,-1.81548498899,0
85242,-2.18748331397,0
85243,-2.23068587202,0
85244,-1.94739473445,0
85245,-1.92765075632,0
85246,-2.038251077,0
85247,-1.91011382952,0
85248,-2.11194033655,0
85249,-2.24979491406,0
85250,-2.12054516838,0
85251,-1.86816449617,0
85252,-2.28425982024,0
85253,-2.13878053829,0
85254,-2.25572981467,0
85255,-1.99654907155,0
85256,-2.25826876195,0
85257,-1.86700193374,0
85258,-1.98452328991,0
85259,-2.13706579478,0
85260,-2.21458733189,0
85261,-1.89757190585,0
85262,-1.77987497252,0
85263,-1.76794378243,0
85264,-1.79172878383,0
85265,-1.81697155587,0
85266,-1.95957227251,0
85267,-1.78838981719,0
85268,-1.66559291811,0
85269,-1.87632239575,0
85270,-1.97551146085,0
85271,-1.65850075553,0
85272,-1.6332555907,0
85273,-1.63339682803,0
85274,-1.78870546964,0
85275,-1.85396238334,0
85276,-1.63377161972,0
85277,-1.60733812496,0
85278,-1.47913934676,0
85279,-1.61480222651,0
85280,-1.68643596017,0
85281,-1.65793603136,0
85282,-1.24807830285,0
85283,-1.19161012097,0
85284,-1.53700850188,0
85285,-1.08708050672,0
85286,-1.14638074153,0
85287,-1.01081662218,0
85288,-1.05372071823,0
85289,-0.929689698488,0
85290,-0.910106578301,0
85291,-1.25492335402,0
85292,-1.03593007467,0
85293,-0.94320214064,0
85294,-1.10578160593,0
85295,-0.983386099832,0
85296,-1.04105042309,0
85297,-0.689421481977,0
85298,-0.55638768858,0
85299,-0.686595486193,0
85300,-0.804727266636,0
85301,-0.571917652889,0
85302,-0.550790019882,0
85303,-0.667683300941,0
85304,-0.662460161409,0
85305,-0.309205735271,0
85306,-0.196709245637,0
85307,-0.481161777713,0
85308,-0.1053872536,0
85309,-0.473913814177,0
85310,-0.0191306680641,0
85311,-0.267317768837,0
85312,-0.136106171488,0
85313,-0.240802496668,0
85314,-0.0589358344114,0
85315,0.0611503789069,0
85316,0.168165015531,0
85317,-0.10741499513,0
85318,0.264805652314,0
85319,0.0350247721708,0
85320,0.0534566973069,0
85321,0.0327999092785,0
85322,0.306765509945,0
85323,0.112418589635,0
85324,0.142324750094,0
85325,0.161094497899,0
85326,0.224747820531,0
85327,0.344754908868,0
85328,0.615715084035,0
85329,0.468910393187,0
85330,0.344927174614,0
85331,0.688124316839,0
85332,0.671123423778,0
85333,0.362406832388,0
85334,0.658898125841,0
85335,0.792650197466,0
85336,0.794775559516,0
85337,0.494900266483,0
85338,0.843018981605,0
85339,0.489336144442,0
85340,0.81892816755,0
85341,0.88162322198,0
85342,0.712229053532,0
85343,0.73792385892,0
85344,0.51400056705,0
85345,0.599489240784,0
85346,0.924880961566,0
85347,0.863104849538,0
85348,0.78641840359,0
85349,0.523149629201,0
85350,0.54058924374,0
85351,0.779037633032,0
85352,0.91504905899,0
85353,0.841759657157,0
85354,0.706581933268,0
85355,0.672835887441,0
85356,0.746308806351,0
85357,0.713607590698,0
85358,0.629660520882,0
85359,0.449924949529,0
85360,0.691689990412,0
85361,0.423299424089,0
85362,0.590514120212,0
85363,0.390375750053,0
85364,0.691756741459,0
85365,0.399047194775,0
85366,0.599380984278,0
85367,0.392314056283,0
85368,0.394204036502,0
85369,0.600710214912,0
85370,0.237929192755,0
85371,0.3460639236,0
85372,0.183160636015,0
85373,0.48372184062,0
85374,0.194850446193,0
85375,0.0815875082057,0
85376,0.34176271604,0
85377,0.425544589774,0
85378,0.128326382854,0
85379,0.326631656843,0
85380,0.122607146465,0
85381,0.277833825923,0
85382,0.206690059654,0
85383,-0.21012108288,0
85384,0.0847870904258,0
85385,0.131161787315,0
85386,-0.295182440973,0
85387,-0.337771501943,0
85388,-0.0215909462318,0
85389,-0.0439030420539,0
85390,-0.356717108788,0
85391,-0.331172608417,0
85392,-0.567723728241,0
85393,-0.548526419846,0
85394,-0.297359067614,0
85395,-0.296868963945,0
85396,-0.47074210942,0
85397,-0.389261934577,0
85398,-0.762813260861,0
85399,-0.470097361651,0
85400,-0.995050878481,0
85401,-0.929328583945,0
85402,-0.715067587683,0
85403,-0.912580369218,0
85404,-1.08974579804,0
85405,-1.24039572213,0
85406,-0.964431865425,0
85407,-1.33146333526,0
85408,-1.26021545543,0
85409,-1.218528,0
85410,-1.07686204844,0
85411,-1.33234304783,0
85412,-1.24597922355,0
85413,-1.46589694564,0
85414,-1.57100710097,0
85415,-1.29511060941,0
85416,-1.54323717502,0
85417,-1.75709636349,0
85418,-1.75271057735,0
85419,-1.58677340128,0
85420,-1.47457479845,0
85421,-1.84113626092,0
85422,-1.74206359201,0
85423,-1.97200711306,0
85424,-2.00411971021,0
85425,-1.65413187299,0
85426,-1.71771055696,0
85427,-1.67693045209,0
85428,-1.74880950128,0
85429,-1.78469803393,0
85430,-1.97582189824,0
85431,-2.09315699037,0
85432,-2.10231820019,0
85433,-1.88774433251,0
85434,-2.26764722025,0
85435,-2.28884478336,0
85436,-1.89391132962,0
85437,-2.18598183916,0
85438,-2.24196907285,0
85439,-2.34853715342,0
85440,-2.37400273072,0
85441,-1.97038616246,0
85442,-2.34238448744,0
85443,-2.38558704549,0
85444,-2.10229590792,0
85445,-2.08255192979,0
85446,-2.19315225047,0
85447,-2.065015003,0
85448,-2.26684151003,0
85449,-2.40469608754,0
85450,-2.27544634185,0
85451,-2.02306566965,0
85452,-2.43916099372,0
85453,-2.29368171177,0
85454,-2.41063098815,0
85455,-2.15145024503,0
85456,-2.41316993542,0
85457,-2.02190310722,0
85458,-2.13942446339,0
85459,-2.29196696826,0
85460,-2.36948850536,0
85461,-2.05247307933,0
85462,-1.934776146,0
85463,-1.9228449559,0
85464,-1.94662995731,0
85465,-1.97187272934,0
85466,-2.11447344598,0
85467,-1.94329099067,0
85468,-1.82049409158,0
85469,-2.03122356923,0
85470,-2.13041263432,0
85471,-1.81340192901,0
85472,-1.78815676417,0
85473,-1.7882980015,0
85474,-1.94360664311,0
85475,-2.00886355682,0
85476,-1.78867279319,0
85477,-1.76223929843,0
85478,-1.63404052023,0
85479,-1.76970339999,0
85480,-1.84133713364,0
85481,-1.81283720484,0
85482,-1.40297947632,0
85483,-1.34651129444,0
85484,-1.69190967535,0
85485,-1.24198168019,0
85486,-1.301281915,0
85487,-1.16571779566,0
85488,-1.2086218917,0
85489,-1.08459087196,0
85490,-1.06500775178,0
85491,-1.40982452749,0
85492,-1.19083124814,0
85493,-1.09810331411,0
85494,-1.26068277941,0
85495,-1.13828727331,0
85496,-1.19595159657,0
85497,-0.844322655451,0
85498,-0.711288862054,0
85499,-0.841496659667,0
85500,-0.95962844011,0
85501,-0.726818826363,0
85502,-0.705691193356,0
85503,-0.822584474414,0
85504,-0.817361334883,0
85505,-0.464106908745,0
85506,-0.35161041911,0
85507,-0.636062951187,0
85508,-0.260288427074,0
85509,-0.62881498765,0
85510,-0.174031841538,0
85511,-0.422218942311,0
85512,-0.291007344962,0
85513,-0.395703670142,0
85514,-0.213837007885,0
85515,-0.093750794567,0
85516,0.0132638420572,0
85517,-0.262316168604,0
85518,0.10990447884,0
85519,-0.119876401303,0
85520,-0.101444476167,0
85521,-0.122101264195,0
85522,0.151864336471,0
85523,-0.0424825838386,0
85524,-0.01257642338,0
85525,0.00619332442511,0
85526,0.0698466470573,0
85527,0.189853735394,0
85528,0.460813910561,0
85529,0.314009219713,0
85530,0.19002600114,0
85531,0.533223143365,0
85532,0.516222250304,0
85533,0.207505658914,0
85534,0.503996952367,0
85535,0.637749023992,0
85536,0.639874386042,0
85537,0.339999093009,0
85538,0.688117808131,0
85539,0.334434970968,0
85540,0.664026994076,0
85541,0.726722048506,0
85542,0.557327880058,0
85543,0.583022685446,0
85544,0.359099393576,0
85545,0.44458806731,0
85546,0.769979788092,0
85547,0.708203676064,0
85548,0.631517230116,0
85549,0.368248455727,0
85550,0.385688070266,0
85551,0.624136459558,0
85552,0.760147885516,0
85553,0.686858483683,0
85554,0.551680759794,0
85555,0.517934713968,0
85556,0.591407632878,0
85557,0.558706417224,0
85558,0.474759347409,0
85559,0.295023776055,0
85560,0.536788816938,0
85561,0.268398250615,0
85562,0.435612946738,0
85563,0.235474576579,0
85564,0.536855567985,0
85565,0.244146021301,0
85566,0.444479810804,0
85567,0.237412882809,0
85568,0.239302863028,0
85569,0.445809041438,0
85570,0.0830280192806,0
85571,0.191162750126,0
85572,0.0282594625409,0
85573,0.328820667146,0
85574,0.0399492727195,0
85575,-0.0733136652682,0
85576,0.186861542566,0
85577,0.2706434163,0
85578,-0.0265747906202,0
85579,0.171730483369,0
85580,-0.0322940270088,0
85581,0.122932652449,0
85582,0.0517888861798,0
85583,-0.365022256354,0
85584,-0.0701140830481,0
85585,-0.0237393861589,0
85586,-0.450083614447,0
85587,-0.492672675417,0
85588,-0.176492119706,0
85589,-0.198804215528,0
85590,-0.511618282262,0
85591,-0.486073781891,0
85592,-0.722624901715,0
85593,-0.70342759332,0
85594,-0.452260241088,0
85595,-0.451770137418,0
85596,-0.625643282894,0
85597,-0.544163108051,0
85598,-0.917714434335,0
85599,-0.624998535125,0
85600,-1.00540841473,0
85601,-0.939686120195,0
85602,-0.725425123933,0
85603,-0.922937905469,0
85604,-1.10010333429,0
85605,-1.25075325838,0
85606,-0.974789401675,0
85607,-1.34182087151,0
85608,-1.27057299168,0
85609,-1.22888553625,0
85610,-1.08721958469,0
85611,-1.34270058408,0
85612,-1.2563367598,0
85613,-1.47625448189,0
85614,-1.58136463722,0
85615,-1.30546814566,0
85616,-1.55359471127,0
85617,-1.76745389975,0
85618,-1.7630681136,0
85619,-1.59713093753,0
85620,-1.4849323347,0
85621,-1.85149379717,0
85622,-1.75242112826,0
85623,-1.98236464931,0
85624,-2.01447724646,0
85625,-1.66448940924,0
85626,-1.72806809321,0
85627,-1.68728798834,0
85628,-1.75916703753,0
85629,-1.79505557018,0
85630,-1.98617943449,0
85631,-2.10351452662,0
85632,-2.11267573644,0
85633,-1.89810186876,0
85634,-2.2780047565,0
85635,-2.29920231961,0
85636,-1.90426886587,0
85637,-2.19633937541,0
85638,-2.2523266091,0
85639,-2.35889468967,0
85640,-2.38436026697,0
85641,-1.98074369872,0
85642,-2.35274202369,0
85643,-2.39594458174,0
85644,-2.11265344417,0
85645,-2.09290946604,0
85646,-2.20350978672,0
85647,-2.07537253925,0
85648,-2.27719904628,0
85649,-2.41505362379,0
85650,-2.2858038781,0
85651,-2.0334232059,0
85652,-2.44951852997,0
85653,-2.30403924802,0
85654,-2.4209885244,0
85655,-2.16180778128,0
85656,-2.42352747167,0
85657,-2.03226064347,0
85658,-2.14978199964,0
85659,-2.30232450451,0
85660,-2.37984604161,0
85661,-2.06283061558,0
85662,-1.94513368225,0
85663,-1.93320249215,0
85664,-1.95698749356,0
85665,-1.98223026559,0
85666,-2.12483098223,0
85667,-1.95364852692,0
85668,-1.83085162783,0
85669,-2.04158110548,0
85670,-2.14077017057,0
85671,-1.82375946526,0
85672,-1.79851430042,0
85673,-1.79865553775,0
85674,-1.95396417936,0
85675,-2.01922109307,0
85676,-1.79903032944,0
85677,-1.77259683468,0
85678,-1.64439805648,0
85679,-1.78006093624,0
85680,-1.85169466989,0
85681,-1.82319474109,0
85682,-1.41333701257,0
85683,-1.35686883069,0
85684,-1.7022672116,0
85685,-1.25233921644,0
85686,-1.31163945125,0
85687,-1.17607533191,0
85688,-1.21897942795,0
85689,-1.09494840821,0
85690,-1.07536528803,0
85691,-1.42018206375,0
85692,-1.20118878439,0
85693,-1.10846085036,0
85694,-1.27104031566,0
85695,-1.14864480956,0
85696,-1.20630913282,0
85697,-0.854680191701,0
85698,-0.721646398304,0
85699,-0.851854195917,0
85700,-0.969985976361,0
85701,-0.737176362613,0
85702,-0.716048729606,0
85703,-0.832942010665,0
85704,-0.827718871133,0
85705,-0.474464444995,0
85706,-0.361967955361,0
85707,-0.646420487437,0
85708,-0.270645963325,0
85709,-0.639172523901,0
85710,-0.184389377788,0
85711,-0.432576478561,0
85712,-0.301364881212,0
85713,-0.406061206392,0
85714,-0.224194544136,0
85715,-0.104108330817,0
85716,0.00290630580685,0
85717,-0.272673704855,0
85718,0.0995469425897,0
85719,-0.130233937553,0
85720,-0.111802012417,0
85721,-0.132458800446,0
85722,0.141506800221,0
85723,-0.0528401200889,0
85724,-0.0229339596303,0
85725,-0.0041642118252,0
85726,0.0594891108069,0
85727,0.179496199144,0
85728,0.450456374311,0
85729,0.303651683463,0
85730,0.17966846489,0
85731,0.522865607115,0
85732,0.505864714054,0
85733,0.197148122663,0
85734,0.493639416116,0
85735,0.627391487742,0
85736,0.629516849792,0
85737,0.329641556758,0
85738,0.67776027188,0
85739,0.324077434718,0
85740,0.653669457826,0
85741,0.716364512256,0
85742,0.546970343807,0
85743,0.572665149196,0
85744,0.348741857325,0
85745,0.434230531059,0
85746,0.759622251842,0
85747,0.697846139814,0
85748,0.621159693866,0
85749,0.357890919477,0
85750,0.375330534016,0
85751,0.613778923308,0
85752,0.749790349266,0
85753,0.676500947432,0
85754,0.541323223543,0
85755,0.507577177717,0
85756,0.581050096627,0
85757,0.548348880974,0
85758,0.464401811158,0
85759,0.284666239805,0
85760,0.526431280688,0
85761,0.258040714365,0
85762,0.425255410487,0
85763,0.225117040329,0
85764,0.526498031735,0
85765,0.233788485051,0
85766,0.434122274554,0
85767,0.227055346559,0
85768,0.228945326778,0
85769,0.435451505188,0
85770,0.0726704830303,0
85771,0.180805213875,0
85772,0.0179019262906,0
85773,0.318463130896,0
85774,0.0295917364692,0
85775,-0.0836712015185,0
85776,0.176504006315,0
85777,0.26028588005,0
85778,-0.0369323268705,0
85779,0.161372947119,0
85780,-0.0426515632591,0
85781,0.112575116198,0
85782,0.0414313499295,0
85783,-0.375379792604,0
85784,-0.0804716192984,0
85785,-0.0340969224092,0
85786,-0.460441150697,0
85787,-0.503030211668,0
85788,-0.186849655956,0
85789,-0.209161751778,0
85790,-0.521975818512,0
85791,-0.496431318141,0
85792,-0.732982437965,0
85793,-0.71378512957,0
85794,-0.462617777338,0
85795,-0.462127673669,0
85796,-0.636000819144,0
85797,-0.554520644301,0
85798,-0.928071970585,0
85799,-0.635356071376,0
85800,-1.03886599322,0
85801,-0.973143698688,0
85802,-0.758882702426,0
85803,-0.956395483962,0
85804,-1.13356091278,0
85805,-1.28421083687,0
85806,-1.00824698017,0
85807,-1.37527845,0
85808,-1.30403057017,0
85809,-1.26234311475,0
85810,-1.12067716318,0
85811,-1.37615816257,0
85812,-1.28979433829,0
85813,-1.50971206039,0
85814,-1.61482221571,0
85815,-1.33892572415,0
85816,-1.58705228976,0
85817,-1.80091147824,0
85818,-1.79652569209,0
85819,-1.63058851603,0
85820,-1.51838991319,0
85821,-1.88495137567,0
85822,-1.78587870675,0
85823,-2.0158222278,0
85824,-2.04793482496,0
85825,-1.69794698773,0
85826,-1.76152567171,0
85827,-1.72074556683,0
85828,-1.79262461602,0
85829,-1.82851314868,0
85830,-2.01963701298,0
85831,-2.13697210511,0
85832,-2.14613331493,0
85833,-1.93155944726,0
85834,-2.311462335,0
85835,-2.3326598981,0
85836,-1.93772644436,0
85837,-2.2297969539,0
85838,-2.28578418759,0
85839,-2.39235226817,0
85840,-2.41781784546,0
85841,-2.01420127721,0
85842,-2.38619960219,0
85843,-2.42940216024,0
85844,-2.14611102267,0
85845,-2.12636704454,0
85846,-2.23696736521,0
85847,-2.10883011774,0
85848,-2.31065662477,0
85849,-2.44851120228,0
85850,-2.3192614566,0
85851,-2.06688078439,0
85852,-2.48297610846,0
85853,-2.33749682651,0
85854,-2.45444610289,0
85855,-2.19526535977,0
85856,-2.45698505017,0
85857,-2.06571822196,0
85858,-2.18323957813,0
85859,-2.335782083,0
85860,-2.41330362011,0
85861,-2.09628819407,0
85862,-1.97859126074,0
85863,-1.96666007065,0
85864,-1.99044507205,0
85865,-2.01568784408,0
85866,-2.15828856073,0
85867,-1.98710610541,0
85868,-1.86430920632,0
85869,-2.07503868397,0
85870,-2.17422774907,0
85871,-1.85721704375,0
85872,-1.83197187892,0
85873,-1.83211311625,0
85874,-1.98742175786,0
85875,-2.05267867156,0
85876,-1.83248790794,0
85877,-1.80605441318,0
85878,-1.67785563498,0
85879,-1.81351851473,0
85880,-1.88515224839,0
85881,-1.85665231958,0
85882,-1.44679459107,0
85883,-1.39032640918,0
85884,-1.73572479009,0
85885,-1.28579679493,0
85886,-1.34509702975,0
85887,-1.2095329104,0
85888,-1.25243700645,0
85889,-1.12840598671,0
85890,-1.10882286652,0
85891,-1.45363964224,0
85892,-1.23464636288,0
85893,-1.14191842886,0
85894,-1.30449789415,0
85895,-1.18210238805,0
85896,-1.23976671131,0
85897,-0.888137770194,0
85898,-0.755103976797,0
85899,-0.88531177441,0
85900,-1.00344355485,0
85901,-0.770633941106,0
85902,-0.7495063081,0
85903,-0.866399589158,0
85904,-0.861176449626,0
85905,-0.507922023488,0
85906,-0.395425533854,0
85907,-0.679878065931,0
85908,-0.304103541818,0
85909,-0.672630102394,0
85910,-0.217846956281,0
85911,-0.466034057054,0
85912,-0.334822459705,0
85913,-0.439518784885,0
85914,-0.257652122629,0
85915,-0.13756590931,0
85916,-0.0305512726863,0
85917,-0.306131283348,0
85918,0.0660893640965,0
85919,-0.163691516047,0
85920,-0.14525959091,0
85921,-0.165916378939,0
85922,0.108049221728,0
85923,-0.086297698582,0
85924,-0.0563915381234,0
85925,-0.0376217903183,0
85926,0.0260315323138,0
85927,0.146038620651,0
85928,0.416998795818,0
85929,0.27019410497,0
85930,0.146210886397,0
85931,0.489408028622,0
85932,0.472407135561,0
85933,0.16369054417,0
85934,0.460181837623,0
85935,0.593933909249,0
85936,0.596059271299,0
85937,0.296183978265,0
85938,0.644302693387,0
85939,0.290619856225,0
85940,0.620211879333,0
85941,0.682906933763,0
85942,0.513512765314,0
85943,0.539207570703,0
85944,0.315284278832,0
85945,0.400772952566,0
85946,0.726164673349,0
85947,0.664388561321,0
85948,0.587702115373,0
85949,0.324433340984,0
85950,0.341872955523,0
85951,0.580321344815,0
85952,0.716332770773,0
85953,0.643043368939,0
85954,0.50786564505,0
85955,0.474119599224,0
85956,0.547592518134,0
85957,0.514891302481,0
85958,0.430944232665,0
85959,0.251208661312,0
85960,0.492973702195,0
85961,0.224583135871,0
85962,0.391797831994,0
85963,0.191659461836,0
85964,0.493040453242,0
85965,0.200330906558,0
85966,0.400664696061,0
85967,0.193597768065,0
85968,0.195487748285,0
85969,0.401993926695,0
85970,0.0392129045372,0
85971,0.147347635382,0
85972,-0.0155556522026,0
85973,0.285005552403,0
85974,-0.00386584202393,0
85975,-0.117128780012,0
85976,0.143046427822,0
85977,0.226828301557,0
85978,-0.0703899053637,0
85979,0.127915368625,0
85980,-0.0761091417522,0
85981,0.0791175377053,0
85982,0.00797377143638,0
85983,-0.408837371097,0
85984,-0.113929197792,0
85985,-0.0675545009024,0
85986,-0.49389872919,0
85987,-0.536487790161,0
85988,-0.220307234449,0
85989,-0.242619330271,0
85990,-0.555433397005,0
85991,-0.529888896635,0
85992,-0.766440016458,0
85993,-0.747242708063,0
85994,-0.496075355832,0
85995,-0.495585252162,0
85996,-0.669458397638,0
85997,-0.587978222794,0
85998,-0.961529549078,0
85999,-0.668813649869,0
86000,-0.977638532099,0
86001,-0.911916237563,0
86002,-0.697655241301,0
86003,-0.895168022836,0
86004,-1.07233345165,0
86005,-1.22298337575,0
86006,-0.947019519043,0
86007,-1.31405098888,0
86008,-1.24280310904,0
86009,-1.20111565362,0
86010,-1.05944970206,0
86011,-1.31493070145,0
86012,-1.22856687717,0
86013,-1.44848459926,0
86014,-1.55359475459,0
86015,-1.27769826302,0
86016,-1.52582482864,0
86017,-1.73968401711,0
86018,-1.73529823097,0
86019,-1.5693610549,0
86020,-1.45716245206,0
86021,-1.82372391454,0
86022,-1.72465124563,0
86023,-1.95459476668,0
86024,-1.98670736383,0
86025,-1.6367195266,0
86026,-1.70029821058,0
86027,-1.6595181057,0
86028,-1.7313971549,0
86029,-1.76728568755,0
86030,-1.95840955186,0
86031,-2.07574464399,0
86032,-2.08490585381,0
86033,-1.87033198613,0
86034,-2.25023487387,0
86035,-2.27143243697,0
86036,-1.87649898323,0
86037,-2.16856949278,0
86038,-2.22455672646,0
86039,-2.33112480704,0
86040,-2.35659038434,0
86041,-1.95297381608,0
86042,-2.32497214106,0
86043,-2.36817469911,0
86044,-2.08488356154,0
86045,-2.06513958341,0
86046,-2.17573990409,0
86047,-2.04760265661,0
86048,-2.24942916364,0
86049,-2.38728374116,0
86050,-2.25803399547,0
86051,-2.00565332326,0
86052,-2.42174864733,0
86053,-2.27626936539,0
86054,-2.39321864177,0
86055,-2.13403789865,0
86056,-2.39575758904,0
86057,-2.00449076083,0
86058,-2.122012117,0
86059,-2.27455462187,0
86060,-2.35207615898,0
86061,-2.03506073295,0
86062,-1.91736379962,0
86063,-1.90543260952,0
86064,-1.92921761092,0
86065,-1.95446038296,0
86066,-2.0970610996,0
86067,-1.92587864429,0
86068,-1.8030817452,0
86069,-2.01381122284,0
86070,-2.11300028794,0
86071,-1.79598958262,0
86072,-1.77074441779,0
86073,-1.77088565512,0
86074,-1.92619429673,0
86075,-1.99145121044,0
86076,-1.77126044681,0
86077,-1.74482695205,0
86078,-1.61662817385,0
86079,-1.7522910536,0
86080,-1.82392478726,0
86081,-1.79542485846,0
86082,-1.38556712994,0
86083,-1.32909894806,0
86084,-1.67449732897,0
86085,-1.22456933381,0
86086,-1.28386956862,0
86087,-1.14830544928,0
86088,-1.19120954532,0
86089,-1.06717852558,0
86090,-1.04759540539,0
86091,-1.39241218111,0
86092,-1.17341890176,0
86093,-1.08069096773,0
86094,-1.24327043303,0
86095,-1.12087492692,0
86096,-1.17853925019,0
86097,-0.826910309069,0
86098,-0.693876515672,0
86099,-0.824084313285,0
86100,-0.942216093728,0
86101,-0.709406479981,0
86102,-0.688278846974,0
86103,-0.805172128033,0
86104,-0.799948988501,0
86105,-0.446694562363,0
86106,-0.334198072729,0
86107,-0.618650604805,0
86108,-0.242876080692,0
86109,-0.611402641269,0
86110,-0.156619495156,0
86111,-0.404806595929,0
86112,-0.27359499858,0
86113,-0.37829132376,0
86114,-0.196424661504,0
86115,-0.0763384481852,0
86116,0.030676188439,0
86117,-0.244903822223,0
86118,0.127316825222,0
86119,-0.102464054921,0
86120,-0.0840321297852,0
86121,-0.104688917814,0
86122,0.169276682853,0
86123,-0.0250702374568,0
86124,0.00483592300187,0
86125,0.023605670807,0
86126,0.0872589934391,0
86127,0.207266081776,0
86128,0.478226256943,0
86129,0.331421566095,0
86130,0.207438347522,0
86131,0.550635489747,0
86132,0.533634596686,0
86133,0.224918005296,0
86134,0.521409298749,0
86135,0.655161370374,0
86136,0.657286732424,0
86137,0.357411439391,0
86138,0.705530154513,0
86139,0.35184731735,0
86140,0.681439340458,0
86141,0.744134394888,0
86142,0.57474022644,0
86143,0.600435031828,0
86144,0.376511739957,0
86145,0.462000413692,0
86146,0.787392134474,0
86147,0.725616022446,0
86148,0.648929576498,0
86149,0.385660802109,0
86150,0.403100416648,0
86151,0.64154880594,0
86152,0.777560231898,0
86153,0.704270830064,0
86154,0.569093106176,0
86155,0.535347060349,0
86156,0.608819979259,0
86157,0.576118763606,0
86158,0.49217169379,0
86159,0.312436122437,0
86160,0.55420116332,0
86161,0.285810596997,0
86162,0.45302529312,0
86163,0.252886922961,0
86164,0.554267914367,0
86165,0.261558367683,0
86166,0.461892157186,0
86167,0.254825229191,0
86168,0.25671520941,0
86169,0.46322138782,0
86170,0.100440365662,0
86171,0.208575096507,0
86172,0.0456718089227,0
86173,0.346233013528,0
86174,0.0573616191014,0
86175,-0.0559013188864,0
86176,0.204273888948,0
86177,0.288055762682,0
86178,-0.00916244423837,0
86179,0.189142829751,0
86180,-0.0148816806269,0
86181,0.140344998831,0
86182,0.0692012325617,0
86183,-0.347609909972,0
86184,-0.0527017366663,0
86185,-0.00632703977707,0
86186,-0.432671268065,0
86187,-0.475260329035,0
86188,-0.159079773324,0
86189,-0.181391869146,0
86190,-0.49420593588,0
86191,-0.468661435509,0
86192,-0.705212555333,0
86193,-0.686015246938,0
86194,-0.434847894706,0
86195,-0.434357791037,0
86196,-0.608230936512,0
86197,-0.526750761669,0
86198,-0.900302087953,0
86199,-0.607586188743,0
86200,-0.98333982838,0
86201,-0.917617533844,0
86202,-0.703356537582,0
86203,-0.900869319118,0
86204,-1.07803474794,0
86205,-1.22868467203,0
86206,-0.952720815324,0
86207,-1.31975228516,0
86208,-1.24850440533,0
86209,-1.2068169499,0
86210,-1.06515099834,0
86211,-1.32063199773,0
86212,-1.23426817345,0
86213,-1.45418589554,0
86214,-1.55929605087,0
86215,-1.28339955931,0
86216,-1.53152612492,0
86217,-1.74538531339,0
86218,-1.74099952725,0
86219,-1.57506235118,0
86220,-1.46286374835,0
86221,-1.82942521082,0
86222,-1.73035254191,0
86223,-1.96029606296,0
86224,-1.99240866011,0
86225,-1.64242082289,0
86226,-1.70599950686,0
86227,-1.66521940199,0
86228,-1.73709845118,0
86229,-1.77298698383,0
86230,-1.96411084814,0
86231,-2.08144594027,0
86232,-2.09060715009,0
86233,-1.87603328241,0
86234,-2.25593617015,0
86235,-2.27713373326,0
86236,-1.88220027951,0
86237,-2.17427078906,0
86238,-2.23025802275,0
86239,-2.33682610332,0
86240,-2.36229168062,0
86241,-1.95867511236,0
86242,-2.33067343734,0
86243,-2.37387599539,0
86244,-2.09058485782,0
86245,-2.07084087969,0
86246,-2.18144120037,0
86247,-2.05330395289,0
86248,-2.25513045993,0
86249,-2.39298503744,0
86250,-2.26373529175,0
86251,-2.01135461955,0
86252,-2.42744994362,0
86253,-2.28197066167,0
86254,-2.39891993805,0
86255,-2.13973919493,0
86256,-2.40145888532,0
86257,-2.01019205712,0
86258,-2.12771341328,0
86259,-2.28025591816,0
86260,-2.35777745526,0
86261,-2.04076202923,0
86262,-1.9230650959,0
86263,-1.9111339058,0
86264,-1.93491890721,0
86265,-1.96016167924,0
86266,-2.10276239588,0
86267,-1.93157994057,0
86268,-1.80878304148,0
86269,-2.01951251913,0
86270,-2.11870158422,0
86271,-1.80169087891,0
86272,-1.77644571407,0
86273,-1.7765869514,0
86274,-1.93189559301,0
86275,-1.99715250672,0
86276,-1.77696174309,0
86277,-1.75052824833,0
86278,-1.62232947013,0
86279,-1.75799234989,0
86280,-1.82962608354,0
86281,-1.80112615474,0
86282,-1.39126842622,0
86283,-1.33480024434,0
86284,-1.68019862525,0
86285,-1.23027063009,0
86286,-1.2895708649,0
86287,-1.15400674556,0
86288,-1.1969108416,0
86289,-1.07287982186,0
86290,-1.05329670167,0
86291,-1.39811347739,0
86292,-1.17912019804,0
86293,-1.08639226401,0
86294,-1.24897172931,0
86295,-1.12657622321,0
86296,-1.18424054647,0
86297,-0.83261160535,0
86298,-0.699577811954,0
86299,-0.829785609566,0
86300,-0.94791739001,0
86301,-0.715107776263,0
86302,-0.693980143256,0
86303,-0.810873424314,0
86304,-0.805650284782,0
86305,-0.452395858644,0
86306,-0.33989936901,0
86307,-0.624351901087,0
86308,-0.248577376974,0
86309,-0.61710393755,0
86310,-0.162320791438,0
86311,-0.410507892211,0
86312,-0.279296294862,0
86313,-0.383992620042,0
86314,-0.202125957785,0
86315,-0.0820397444667,0
86316,0.0249748921575,0
86317,-0.250605118504,0
86318,0.12161552894,0
86319,-0.108165351203,0
86320,-0.0897334260666,0
86321,-0.110390214095,0
86322,0.163575386572,0
86323,-0.0307715337383,0
86324,-0.000865373279624,0
86325,0.0179043745255,0
86326,0.0815576971576,0
86327,0.201564785495,0
86328,0.472524960661,0
86329,0.325720269814,0
86330,0.20173705124,0
86331,0.544934193465,0
86332,0.527933300404,0
86333,0.219216709014,0
86334,0.515708002467,0
86335,0.649460074093,0
86336,0.651585436143,0
86337,0.351710143109,0
86338,0.699828858231,0
86339,0.346146021069,0
86340,0.675738044177,0
86341,0.738433098607,0
86342,0.569038930158,0
86343,0.594733735547,0
86344,0.370810443676,0
86345,0.45629911741,0
86346,0.781690838192,0
86347,0.719914726164,0
86348,0.643228280217,0
86349,0.379959505827,0
86350,0.397399120366,0
86351,0.635847509658,0
86352,0.771858935616,0
86353,0.698569533783,0
86354,0.563391809894,0
86355,0.529645764068,0
86356,0.603118682978,0
86357,0.570417467325,0
86358,0.486470397509,0
86359,0.306734826155,0
86360,0.548499867039,0
86361,0.280109300715,0
86362,0.447323996838,0
86363,0.247185626679,0
86364,0.548566618086,0
86365,0.255857071402,0
86366,0.456190860904,0
86367,0.249123932909,0
86368,0.251013913128,0
86369,0.457520091538,0
86370,0.094739069381,0
86371,0.202873800226,0
86372,0.0399705126412,0
86373,0.340531717247,0
86374,0.0516603228199,0
86375,-0.0616026151679,0
86376,0.198572592666,0
86377,0.282354466401,0
86378,-0.0148637405199,0
86379,0.183441533469,0
86380,-0.0205829769084,0
86381,0.134643702549,0
86382,0.0634999362802,0
86383,-0.353311206253,0
86384,-0.0584030329478,0
86385,-0.0120283360586,0
86386,-0.438372564347,0
86387,-0.480961625317,0
86388,-0.164781069605,0
86389,-0.187093165427,0
86390,-0.499907232161,0
86391,-0.474362731791,0
86392,-0.710913851615,0
86393,-0.691716543219,0
86394,-0.440549190988,0
86395,-0.440059087318,0
86396,-0.613932232794,0
86397,-0.53245205795,0
86398,-0.906003384235,0
86399,-0.613287485025,0
86400,-0.985218318462,0
86401,-0.919496023926,0
86402,-0.705235027664,0
86403,-0.9027478092,0
86404,-1.07991323802,0
86405,-1.23056316211,0
86406,-0.954599305407,0
86407,-1.32163077524,0
86408,-1.25038289541,0
86409,-1.20869543999,0
86410,-1.06702948842,0
86411,-1.32251048781,0
86412,-1.23614666353,0
86413,-1.45606438563,0
86414,-1.56117454095,0
86415,-1.28527804939,0
86416,-1.533404615,0
86417,-1.74726380348,0
86418,-1.74287801733,0
86419,-1.57694084126,0
86420,-1.46474223843,0
86421,-1.83130370091,0
86422,-1.73223103199,0
86423,-1.96217455304,0
86424,-1.9942871502,0
86425,-1.64429931297,0
86426,-1.70787799695,0
86427,-1.66709789207,0
86428,-1.73897694126,0
86429,-1.77486547392,0
86430,-1.96598933822,0
86431,-2.08332443035,0
86432,-2.09248564017,0
86433,-1.8779117725,0
86434,-2.25781466024,0
86435,-2.27901222334,0
86436,-1.8840787696,0
86437,-2.17614927914,0
86438,-2.23213651283,0
86439,-2.3387045934,0
86440,-2.3641701707,0
86441,-1.96055360245,0
86442,-2.33255192742,0
86443,-2.37575448547,0
86444,-2.09246334791,0
86445,-2.07271936978,0
86446,-2.18331969045,0
86447,-2.05518244298,0
86448,-2.25700895001,0
86449,-2.39486352752,0
86450,-2.26561378183,0
86451,-2.01323310963,0
86452,-2.4293284337,0
86453,-2.28384915175,0
86454,-2.40079842813,0
86455,-2.14161768501,0
86456,-2.4033373754,0
86457,-2.0120705472,0
86458,-2.12959190337,0
86459,-2.28213440824,0
86460,-2.35965594534,0
86461,-2.04264051931,0
86462,-1.92494358598,0
86463,-1.91301239589,0
86464,-1.93679739729,0
86465,-1.96204016932,0
86466,-2.10464088597,0
86467,-1.93345843065,0
86468,-1.81066153156,0
86469,-2.02139100921,0
86470,-2.1205800743,0
86471,-1.80356936899,0
86472,-1.77832420416,0
86473,-1.77846544148,0
86474,-1.93377408309,0
86475,-1.9990309968,0
86476,-1.77884023317,0
86477,-1.75240673841,0
86478,-1.62420796022,0
86479,-1.75987083997,0
86480,-1.83150457363,0
86481,-1.80300464482,0
86482,-1.3931469163,0
86483,-1.33667873442,0
86484,-1.68207711533,0
86485,-1.23214912017,0
86486,-1.29144935499,0
86487,-1.15588523564,0
86488,-1.19878933168,0
86489,-1.07475831194,0
86490,-1.05517519176,0
86491,-1.39999196748,0
86492,-1.18099868812,0
86493,-1.0882707541,0
86494,-1.25085021939,0
86495,-1.12845471329,0
86496,-1.18611903655,0
86497,-0.834490095432,0
86498,-0.701456302036,0
86499,-0.831664099649,0
86500,-0.949795880092,0
86501,-0.716986266345,0
86502,-0.695858633338,0
86503,-0.812751914396,0
86504,-0.807528774864,0
86505,-0.454274348726,0
86506,-0.341777859092,0
86507,-0.626230391169,0
86508,-0.250455867056,0
86509,-0.618982427632,0
86510,-0.16419928152,0
86511,-0.412386382293,0
86512,-0.281174784944,0
86513,-0.385871110124,0
86514,-0.204004447867,0
86515,-0.0839182345487,0
86516,0.0230964020755,0
86517,-0.252483608586,0
86518,0.119737038858,0
86519,-0.110043841285,0
86520,-0.0916119161487,0
86521,-0.112268704177,0
86522,0.16169689649,0
86523,-0.0326500238203,0
86524,-0.00274386336168,0
86525,0.0160258844434,0
86526,0.0796792070755,0
86527,0.199686295413,0
86528,0.470646470579,0
86529,0.323841779732,0
86530,0.199858561158,0
86531,0.543055703383,0
86532,0.526054810322,0
86533,0.217338218932,0
86534,0.513829512385,0
86535,0.647581584011,0
86536,0.649706946061,0
86537,0.349831653027,0
86538,0.697950368149,0
86539,0.344267530987,0
86540,0.673859554095,0
86541,0.736554608525,0
86542,0.567160440076,0
86543,0.592855245464,0
86544,0.368931953594,0
86545,0.454420627328,0
86546,0.77981234811,0
86547,0.718036236082,0
86548,0.641349790134,0
86549,0.378081015745,0
86550,0.395520630284,0
86551,0.633969019576,0
86552,0.769980445534,0
86553,0.696691043701,0
86554,0.561513319812,0
86555,0.527767273986,0
86556,0.601240192896,0
86557,0.568538977243,0
86558,0.484591907427,0
86559,0.304856336073,0
86560,0.546621376957,0
86561,0.278230810633,0
86562,0.445445506756,0
86563,0.245307136597,0
86564,0.546688128004,0
86565,0.25397858132,0
86566,0.454312370822,0
86567,0.247245442827,0
86568,0.249135423046,0
86569,0.455641601456,0
86570,0.0928605792989,0
86571,0.200995310144,0
86572,0.0380920225592,0
86573,0.338653227164,0
86574,0.0497818327378,0
86575,-0.0634811052499,0
86576,0.196694102584,0
86577,0.280475976319,0
86578,-0.0167422306019,0
86579,0.181563043387,0
86580,-0.0224614669905,0
86581,0.132765212467,0
86582,0.0616214461981,0
86583,-0.355189696335,0
86584,-0.0602815230298,0
86585,-0.0139068261406,0
86586,-0.440251054429,0
86587,-0.482840115399,0
86588,-0.166659559687,0
86589,-0.18897165551,0
86590,-0.501785722243,0
86591,-0.476241221873,0
86592,-0.712792341697,0
86593,-0.693595033301,0
86594,-0.44242768107,0
86595,-0.4419375774,0
86596,-0.615810722876,0
86597,-0.534330548032,0
86598,-0.907881874317,0
86599,-0.615165975107,0
86600,-1.03542127872,0
86601,-0.969698984179,0
86602,-0.755437987917,0
86603,-0.952950769453,0
86604,-1.13011619827,0
86605,-1.28076612236,0
86606,-1.00480226566,0
86607,-1.37183373549,0
86608,-1.30058585566,0
86609,-1.25889840024,0
86610,-1.11723244867,0
86611,-1.37271344807,0
86612,-1.28634962378,0
86613,-1.50626734588,0
86614,-1.6113775012,0
86615,-1.33548100964,0
86616,-1.58360757525,0
86617,-1.79746676373,0
86618,-1.79308097758,0
86619,-1.62714380152,0
86620,-1.51494519868,0
86621,-1.88150666116,0
86622,-1.78243399224,0
86623,-2.01237751329,0
86624,-2.04449011045,0
86625,-1.69450227322,0
86626,-1.7580809572,0
86627,-1.71730085232,0
86628,-1.78917990151,0
86629,-1.82506843417,0
86630,-2.01619229847,0
86631,-2.1335273906,0
86632,-2.14268860042,0
86633,-1.92811473275,0
86634,-2.30801762049,0
86635,-2.32921518359,0
86636,-1.93428172985,0
86637,-2.22635223939,0
86638,-2.28233947308,0
86639,-2.38890755366,0
86640,-2.41437313095,0
86641,-2.0107565627,0
86642,-2.38275488768,0
86643,-2.42595744573,0
86644,-2.14266630816,0
86645,-2.12292233003,0
86646,-2.2335226507,0
86647,-2.10538540323,0
86648,-2.30721191026,0
86649,-2.44506648777,0
86650,-2.31581674209,0
86651,-2.06343606988,0
86652,-2.47953139395,0
86653,-2.334052112,0
86654,-2.45100138838,0
86655,-2.19182064526,0
86656,-2.45354033566,0
86657,-2.06227350745,0
86658,-2.17979486362,0
86659,-2.33233736849,0
86660,-2.4098589056,0
86661,-2.09284347956,0
86662,-1.97514654623,0
86663,-1.96321535614,0
86664,-1.98700035754,0
86665,-2.01224312957,0
86666,-2.15484384622,0
86667,-1.9836613909,0
86668,-1.86086449182,0
86669,-2.07159396946,0
86670,-2.17078303456,0
86671,-1.85377232924,0
86672,-1.82852716441,0
86673,-1.82866840174,0
86674,-1.98397704335,0
86675,-2.04923395705,0
86676,-1.82904319343,0
86677,-1.80260969867,0
86678,-1.67441092047,0
86679,-1.81007380022,0
86680,-1.88170753388,0
86681,-1.85320760507,0
86682,-1.44334987656,0
86683,-1.38688169468,0
86684,-1.73228007558,0
86685,-1.28235208042,0
86686,-1.34165231524,0
86687,-1.20608819589,0
86688,-1.24899229194,0
86689,-1.1249612722,0
86690,-1.10537815201,0
86691,-1.45019492773,0
86692,-1.23120164837,0
86693,-1.13847371435,0
86694,-1.30105317964,0
86695,-1.17865767354,0
86696,-1.2363219968,0
86697,-0.884693055685,0
86698,-0.751659262288,0
86699,-0.881867059901,0
86700,-0.999998840345,0
86701,-0.767189226597,0
86702,-0.746061593591,0
86703,-0.862954874649,0
86704,-0.857731735117,0
86705,-0.504477308979,0
86706,-0.391980819345,0
86707,-0.676433351422,0
86708,-0.300658827309,0
86709,-0.669185387885,0
86710,-0.214402241772,0
86711,-0.462589342545,0
86712,-0.331377745196,0
86713,-0.436074070376,0
86714,-0.25420740812,0
86715,-0.134121194801,0
86716,-0.0271065581773,0
86717,-0.302686568839,0
86718,0.0695340786055,0
86719,-0.160246801538,0
86720,-0.141814876401,0
86721,-0.16247166443,0
86722,0.111493936237,0
86723,-0.082852984073,0
86724,-0.0529468236144,0
86725,-0.0341770758093,0
86726,0.0294762468228,0
86727,0.14948333516,0
86728,0.420443510327,0
86729,0.273638819479,0
86730,0.149655600906,0
86731,0.492852743131,0
86732,0.47585185007,0
86733,0.167135258679,0
86734,0.463626552132,0
86735,0.597378623758,0
86736,0.599503985808,0
86737,0.299628692774,0
86738,0.647747407896,0
86739,0.294064570734,0
86740,0.623656593842,0
86741,0.686351648272,0
86742,0.516957479823,0
86743,0.542652285212,0
86744,0.318728993341,0
86745,0.404217667075,0
86746,0.729609387858,0
86747,0.66783327583,0
86748,0.591146829882,0
86749,0.327878055493,0
86750,0.345317670032,0
86751,0.583766059324,0
86752,0.719777485282,0
86753,0.646488083448,0
86754,0.511310359559,0
86755,0.477564313733,0
86756,0.551037232643,0
86757,0.51833601699,0
86758,0.434388947174,0
86759,0.254653375821,0
86760,0.496418416704,0
86761,0.228027850381,0
86762,0.395242546503,0
86763,0.195104176345,0
86764,0.496485167751,0
86765,0.203775621067,0
86766,0.40410941057,0
86767,0.197042482574,0
86768,0.198932462794,0
86769,0.405438641204,0
86770,0.0426576190462,0
86771,0.150792349891,0
86772,-0.0121109376935,0
86773,0.288450266912,0
86774,-0.000421127514916,0
86775,-0.113684065503,0
86776,0.146491142331,0
86777,0.230273016066,0
86778,-0.0669451908546,0
86779,0.131360083134,0
86780,-0.0726644272432,0
86781,0.0825622522143,0
86782,0.0114184859454,0
86783,-0.405392656588,0
86784,-0.110484483283,0
86785,-0.0641097863933,0
86786,-0.490454014681,0
86787,-0.533043075652,0
86788,-0.21686251994,0
86789,-0.239174615762,0
86790,-0.551988682496,0
86791,-0.526444182126,0
86792,-0.762995301949,0
86793,-0.743797993554,0
86794,-0.492630641323,0
86795,-0.492140537653,0
86796,-0.666013683128,0
86797,-0.584533508285,0
86798,-0.958084834569,0
86799,-0.66536893536,0
86800,-1.02646784988,0
86801,-0.960745555343,0
86802,-0.746484559081,0
86803,-0.943997340617,0
86804,-1.12116276944,0
86805,-1.27181269353,0
86806,-0.995848836823,0
86807,-1.36288030666,0
86808,-1.29163242682,0
86809,-1.2499449714,0
86810,-1.10827901984,0
86811,-1.36376001923,0
86812,-1.27739619495,0
86813,-1.49731391704,0
86814,-1.60242407237,0
86815,-1.3265275808,0
86816,-1.57465414642,0
86817,-1.78851333489,0
86818,-1.78412754875,0
86819,-1.61819037268,0
86820,-1.50599176984,0
86821,-1.87255323232,0
86822,-1.77348056341,0
86823,-2.00342408446,0
86824,-2.03553668161,0
86825,-1.68554884438,0
86826,-1.74912752836,0
86827,-1.70834742348,0
86828,-1.78022647268,0
86829,-1.81611500533,0
86830,-2.00723886964,0
86831,-2.12457396177,0
86832,-2.13373517159,0
86833,-1.91916130391,0
86834,-2.29906419165,0
86835,-2.32026175475,0
86836,-1.92532830101,0
86837,-2.21739881056,0
86838,-2.27338604424,0
86839,-2.37995412482,0
86840,-2.40541970212,0
86841,-2.00180313386,0
86842,-2.37380145884,0
86843,-2.41700401689,0
86844,-2.13371287932,0
86845,-2.11396890119,0
86846,-0.282879566071,1
86847,-0.210886109862,1
86848,-0.141146678637,1
86849,-0.0739019330656,1
86850,-0.0093839250215,1
86851,0.0521847031996,1
86852,0.110591487184,1
86853,0.165634873584,1
86854,0.217124915649,1
86855,0.264883928707,1
86856,0.308747103324,1
86857,0.34856307404,1
86858,0.384194441711,1
86859,0.415518247651,1
86860,0.442426397945,1
86861,0.464826036464,1
86862,0.482639865303,1
86863,0.49580641152,1
86864,0.504280239271,1
86865,0.508032106606,1
86866,0.507049066374,1
86867,0.501334510903,1
86868,0.490908160298,1
86869,0.475805994382,1
86870,0.456080128543,1
86871,0.431798633884,1
86872,0.403045302325,1
86873,0.369919357446,1
86874,0.332535112082,1
86875,0.291021573848,1
86876,0.245521999947,1
86877,0.196193402815,1
86878,0.143206008293,1
86879,0.0867426682001,1
86880,0.0269982293414,1
86881,-0.0358211388827,1
86882,-0.101498655936,1
86883,-0.169807678225,1
86884,-0.240512481211,1
86885,-0.313369072868,1
86886,-0.388126035654,1
86887,-0.464525394124,1
86888,-0.542303505164,1
86889,-0.621191967783,1
86890,-0.70091854933,1
86891,-0.781208124924,1
86892,-0.861783626875,1
86893,-0.942367000804,1
86894,-1.02268016516,1
86895,-1.10244597086,1
86896,-1.18138915766,1
86897,-1.25923730407,1
86898,-1.33572176741,1
86899,-1.41057861088,1
86900,-1.48354951437,1
86901,-1.55438266586,1
86902,-1.62283363042,1
86903,-1.68866619367,1
86904,-1.75165317699,1
86905,-1.81157722142,1
86906,-1.86823153777,1
86907,-1.92142062021,1
86908,-1.97096092092,1
86909,-2.01668148349,1
86910,-2.0584245329,1
86911,-2.09604601994,1
86912,-2.12941611829,1
86913,-2.15841967259,1
86914,-2.18295659577,1
86915,-2.20294221447,1
86916,-2.21830756122,1
86917,-2.22899961242,1
86918,-2.23498147136,1
86919,-2.23623249551,1
86920,-2.23274836778,1
86921,-2.22454111137,1
86922,-2.21163904834,1
86923,-2.19408670184,1
86924,-2.17194464247,1
86925,-2.14528927928,1
86926,-2.11421259606,1
86927,-2.07882183393,1
86928,-2.0392391213,1
86929,-1.99560105236,1
86930,-1.94805821577,1
86931,-1.89677467496,1
86932,-1.84192740201,1
86933,-1.78370566691,1
86934,-1.72231038442,1
86935,-1.65795342077,1
86936,-1.59085686251,1
86937,-1.52125225015,1
86938,-1.44937977911,1
86939,-1.37548747088,1
86940,-1.29983031711,1
86941,-1.22266939966,1
86942,-1.14427098968,1
86943,-1.06490562873,1
86944,-0.984847195155,1
86945,-0.904371959022,1
86946,-0.823757628703,1
86947,-0.743282392569,1
86948,-0.663223959,1
86949,-0.583858598046,1
86950,-0.505460188069,1
86951,-0.428299270619,1
86952,-0.352642116842,1
86953,-0.27874980861,1
86954,-0.206877337573,1
86955,-0.137272725211,1
86956,-0.0701761669554,1
86957,-0.0058192033057,1
86958,0.0555760791829,1
86959,0.113797814288,1
86960,0.168645087238,1
86961,0.219928628042,1
86962,0.267471464634,1
86963,0.311109533573,1
86964,0.350692246208,1
86965,0.386083008333,1
86966,0.417159691556,1
86967,0.443815054748,1
86968,0.465957114113,1
86969,0.483509460612,1
86970,0.496411523641,1
86971,0.504618780051,1
86972,0.50810290779,1
86973,0.506851883636,1
86974,0.500870024693,1
86975,0.49017797349,1
86976,0.474812626746,1
86977,0.454827008046,1
86978,0.430290084863,1
86979,0.401286530564,1
86980,0.367916432212,1
86981,0.33029494518,1
86982,0.288551895768,1
86983,0.242831333191,1
86984,0.193291032485,1
86985,0.140101950047,1
86986,0.0834476336942,1
86987,0.0235235892618,1
86988,-0.0394633940567,1
86989,-0.105295957309,1
86990,-0.173746921861,1
86991,-0.244580073352,1
86992,-0.317550976841,1
86993,-0.392407820315,1
86994,-0.468892283655,1
86995,-0.546740430062,1
86996,-0.625683616863,1
86997,-0.705449422562,1
86998,-0.785762586921,1
86999,-0.866345960849,1
87000,-1.0040051478,1
87001,-1.0842947234,1
87002,-1.16402130494,1
87003,-1.24290976756,1
87004,-1.3206878786,1
87005,-1.39708723707,1
87006,-1.47184419986,1
87007,-1.54470079151,1
87008,-1.6154055945,1
87009,-1.68371461679,1
87010,-1.74939213384,1
87011,-1.81221150207,1
87012,-1.87195594093,1
87013,-1.92841928102,1
87014,-1.98140667554,1
87015,-2.03073527267,1
87016,-2.07623484657,1
87017,-2.11774838481,1
87018,-2.15513263017,1
87019,-2.18825857505,1
87020,-2.21701190661,1
87021,-2.24129340127,1
87022,-2.26101926711,1
87023,-2.27612143302,1
87024,-2.28654778363,1
87025,-2.2922623391,1
87026,-2.29324537933,1
87027,-2.289493512,1
87028,-2.28101968425,1
87029,-2.26785313803,1
87030,-2.25003930919,1
87031,-2.22763967067,1
87032,-2.20073152038,1
87033,-2.16940771444,1
87034,-2.13377634677,1
87035,-2.09396037605,1
87036,-2.05009720143,1
87037,-2.00233818838,1
87038,-1.95084814631,1
87039,-1.89580475991,1
87040,-1.83739797593,1
87041,-1.7758293477,1
87042,-1.71131133966,1
87043,-1.64406659409,1
87044,-1.57432716286,1
87045,-1.50233370666,1
87046,-2.28165290687,0
87047,-2.1535156594,0
87048,-2.35534216643,0
87049,-2.49319674394,0
87050,-2.36394699825,0
87051,-2.11156632605,0
87052,-2.52766165012,0
87053,-2.38218236817,0
87054,-2.49913164455,0
87055,-2.23995090143,0
87056,-2.50167059182,0
87057,-2.11040376362,0
87058,-2.22792511979,0
87059,-2.38046762466,0
87060,-2.45798916176,0
87061,-2.14097373573,0
87062,-2.0232768024,0
87063,-2.0113456123,0
87064,-2.03513061371,0
87065,-2.06037338574,0
87066,-2.20297410238,0
87067,-2.03179164707,0
87068,-1.90899474798,0
87069,-2.11972422563,0
87070,-2.21891329072,0
87071,-1.90190258541,0
87072,-1.87665742057,0
87073,-1.8767986579,0
87074,-2.03210729951,0
87075,-2.09736421322,0
87076,-1.87717344959,0
87077,-1.85073995483,0
87078,-1.72254117663,0
87079,-1.85820405639,0
87080,-1.92983779004,0
87081,-1.90133786124,0
87082,-1.49148013272,0
87083,-1.43501195084,0
87084,-1.78041033175,0
87085,-1.33048233659,0
87086,-1.3897825714,0
87087,-1.25421845206,0
87088,-1.2971225481,0
87089,-1.17309152836,0
87090,-1.15350840818,0
87091,-1.49832518389,0
87092,-1.27933190454,0
87093,-1.18660397051,0
87094,-1.34918343581,0
87095,-1.22678792971,0
87096,-1.28445225297,0
87097,-0.932823311851,0
87098,-0.799789518454,0
87099,-0.929997316067,0
87100,-1.04812909651,0
87101,-0.815319482763,0
87102,-0.794191849756,0
87103,-0.911085130815,0
87104,-0.905861991283,0
87105,-0.552607565145,0
87106,-0.440111075511,0
87107,-0.724563607587,0
87108,-0.348789083474,0
87109,-0.717315644051,0
87110,-0.262532497938,0
87111,-0.510719598711,0
87112,-0.379508001362,0
87113,-0.484204326542,0
87114,-0.302337664285,0
87115,-0.182251450967,0
87116,-0.0752368143429,0
87117,-0.350816825004,0
87118,0.0214038224399,0
87119,-0.208377057703,0
87120,-0.189945132567,0
87121,-0.210601920596,0
87122,0.0633636800713,0
87123,-0.130983240239,0
87124,-0.10107707978,0
87125,-0.082307331975,0
87126,-0.0186540093428,0
87127,0.101353078994,0
87128,0.372313254161,0
87129,0.225508563313,0
87130,0.10152534474,0
87131,0.444722486965,0
87132,0.427721593904,0
87133,0.119005002514,0
87134,0.415496295967,0
87135,0.549248367592,0
87136,0.551373729642,0
87137,0.251498436609,0
87138,0.599617151731,0
87139,0.245934314568,0
87140,0.575526337676,0
87141,0.638221392106,0
87142,0.468827223658,0
87143,0.494522029046,0
87144,0.270598737176,0
87145,0.35608741091,0
87146,0.681479131692,0
87147,0.619703019664,0
87148,0.543016573716,0
87149,0.279747799327,0
87150,0.297187413866,0
87151,0.535635803158,0
87152,0.671647229116,0
87153,0.598357827283,0
87154,0.463180103394,0
87155,0.429434057567,0
87156,0.502906976477,0
87157,0.470205760824,0
87158,0.386258691008,0
87159,0.206523119655,0
87160,0.448288160538,0
87161,0.179897594215,0
87162,0.347112290338,0
87163,0.146973920179,0
87164,0.448354911585,0
87165,0.155645364901,0
87166,0.355979154404,0
87167,0.148912226409,0
87168,0.150802206628,0
87169,0.357308385038,0
87170,-0.00547263711947,0
87171,0.102662093726,0
87172,-0.0602411938592,0
87173,0.240320010746,0
87174,-0.0485513836806,0
87175,-0.161814321668,0
87176,0.0983608861657,0
87177,0.1821427599,0
87178,-0.11507544702,0
87179,0.0832298269688,0
87180,-0.120794683409,0
87181,0.0344319960487,0
87182,-0.0367117702203,0
87183,-0.453522912754,0
87184,-0.158614739448,0
87185,-0.112240042559,0
87186,-0.538584270847,0
87187,-0.581173331817,0
87188,-0.264992776106,0
87189,-0.287304871928,0
87190,-0.600118938662,0
87191,-0.574574438291,0
87192,-0.811125558115,0
87193,-0.79192824972,0
87194,-0.540760897488,0
87195,-0.540270793819,0
87196,-0.714143939294,0
87197,-0.632663764451,0
87198,-1.00621509074,0
87199,-0.713499191525,0
87200,-1.26069538009,0
87201,-1.19497308555,0
87202,-0.98071208929,0
87203,-1.17822487083,0
87204,-1.35539029964,0
87205,-1.50604022373,0
87206,-1.23007636703,0
87207,-1.59710783686,0
87208,-1.52585995703,0
87209,-1.48417250161,0
87210,-1.34250655005,0
87211,-1.59798754944,0
87212,-1.51162372516,0
87213,-1.73154144725,0
87214,-1.83665160257,0
87215,-1.56075511101,0
87216,-1.80888167663,0
87217,-2.0227408651,0
87218,-2.01835507896,0
87219,-1.85241790289,0
87220,-1.74021930005,0
87221,-2.10678076253,0
87222,-2.00770809362,0
87223,-2.23765161466,0
87224,-2.26976421182,0
87225,-1.91977637459,0
87226,-1.98335505857,0
87227,-1.94257495369,0
87228,-2.01445400289,0
87229,-2.05034253554,0
87230,-2.24146639985,0
87231,-2.35880149198,0
87232,-2.3679627018,0
87233,-2.15338883412,0
87234,-2.53329172186,0
87235,-2.55448928496,0
87236,-2.15955583122,0
87237,-2.45162634077,0
87238,-2.50761357445,0
87239,-2.61418165503,0
87240,-2.63964723233,0
87241,-2.23603066407,0
87242,-2.60802898905,0
87243,-2.6512315471,0
87244,-2.36794040953,0
87245,-2.3481964314,0
87246,-2.45879675208,0
87247,-2.3306595046,0
87248,-2.53248601163,0
87249,-2.67034058915,0
87250,-2.54109084346,0
87251,-2.28871017125,0
87252,-2.70480549532,0
87253,-2.55932621337,0
87254,-2.67627548975,0
87255,-2.41709474663,0
87256,-2.67881443703,0
87257,-2.28754760882,0
87258,-2.40506896499,0
87259,-2.55761146986,0
87260,-2.63513300697,0
87261,-2.31811758093,0
87262,-2.20042064761,0
87263,-2.18848945751,0
87264,-2.21227445891,0
87265,-2.23751723095,0
87266,-2.38011794759,0
87267,-2.20893549228,0
87268,-2.08613859319,0
87269,-2.29686807083,0
87270,-2.39605713593,0
87271,-2.07904643061,0
87272,-2.05380126578,0
87273,-2.05394250311,0
87274,-2.20925114472,0
87275,-2.27450805843,0
87276,-2.0543172948,0
87277,-2.02788380004,0
87278,-1.89968502184,0
87279,-2.03534790159,0
87280,-2.10698163525,0
87281,-2.07848170645,0
87282,-1.66862397793,0
87283,-1.61215579605,0
87284,-1.95755417696,0
87285,-1.5076261818,0
87286,-1.56692641661,0
87287,-1.43136229726,0
87288,-1.47426639331,0
87289,-1.35023537357,0
87290,-1.33065225338,0
87291,-1.6754690291,0
87292,-1.45647574975,0
87293,-1.36374781572,0
87294,-1.52632728101,0
87295,-1.40393177491,0
87296,-1.46159609817,0
87297,-1.10996715706,0
87298,-0.976933363661,0
87299,-1.10714116127,0
87300,-1.22527294172,0
87301,-0.99246332797,0
87302,-0.971335694963,0
87303,-1.08822897602,0
87304,-1.08300583649,0
87305,-0.729751410352,0
87306,-0.617254920718,0
87307,-0.901707452794,0
87308,-0.525932928682,0
87309,-0.894459489258,0
87310,-0.439676343145,0
87311,-0.687863443918,0
87312,-0.556651846569,0
87313,-0.661348171749,0
87314,-0.479481509493,0
87315,-0.359395296174,0
87316,-0.25238065955,0
87317,-0.527960670212,0
87318,-0.155740022767,0
87319,-0.38552090291,0
87320,-0.367088977774,0
87321,-0.387745765803,0
87322,-0.113780165136,0
87323,-0.308127085446,0
87324,-0.278220924987,0
87325,-0.259451177182,0
87326,-0.19579785455,0
87327,-0.0757907662129,0
87328,0.195169408954,0
87329,0.0483647181059,0
87330,-0.0756185004673,0
87331,0.267578641758,0
87332,0.250577748697,0
87333,-0.0581388426935,0
87334,0.238352450759,0
87335,0.372104522385,0
87336,0.374229884435,0
87337,0.0743545914015,0
87338,0.422473306523,0
87339,0.0687904693611,0
87340,0.398382492469,0
87341,0.461077546899,0
87342,0.29168337845,0
87343,0.317378183839,0
87344,0.0934548919683,0
87345,0.178943565702,0
87346,0.504335286485,0
87347,0.442559174457,0
87348,0.365872728509,0
87349,0.10260395412,0
87350,0.120043568659,0
87351,0.358491957951,0
87352,0.494503383909,0
87353,0.421213982075,0
87354,0.286036258186,0
87355,0.25229021236,0
87356,0.32576313127,0
87357,0.293061915617,0
87358,0.209114845801,0
87359,0.0293792744478,0
87360,0.271144315331,0
87361,0.00275374900763,0
87362,0.16996844513,0
87363,-0.0301699250284,0
87364,0.271211066378,0
87365,-0.0214984803061,0
87366,0.178835309197,0
87367,-0.0282316187984,0
87368,-0.0263416385793,0
87369,0.180164539831,0
87370,-0.182616482327,0
87371,-0.0744817514817,0
87372,-0.237385039066,0
87373,0.0631761655389,0
87374,-0.225695228888,0
87375,-0.338958166876,0
87376,-0.0787829590416,0
87377,0.00499891469305,0
87378,-0.292219292228,0
87379,-0.0939140182385,0
87380,-0.297938528616,0
87381,-0.142711849159,0
87382,-0.213855615427,0
87383,-0.630666757961,0
87384,-0.335758584655,0
87385,-0.289383887766,0
87386,-0.715728116054,0
87387,-0.758317177025,0
87388,-0.442136621313,0
87389,-0.464448717135,0
87390,-0.777262783869,0
87391,-0.751718283498,0
87392,-0.988269403322,0
87393,-0.969072094927,0
87394,-0.717904742695,0
87395,-0.717414639026,0
87396,-0.891287784501,0
87397,-0.809807609658,0
87398,-1.18335893594,0
87399,-0.890643036733,0
87400,-1.28434651137,0
87401,-1.21862421683,0
87402,-1.00436322057,0
87403,-1.20187600211,0
87404,-1.37904143093,0
87405,-1.52969135502,0
87406,-1.25372749831,0
87407,-1.62075896815,0
87408,-1.54951108832,0
87409,-1.50782363289,0
87410,-1.36615768133,0
87411,-1.62163868072,0
87412,-1.53527485644,0
87413,-1.75519257853,0
87414,-1.86030273386,0
87415,-1.5844062423,0
87416,-1.83253280791,0
87417,-2.04639199638,0
87418,-2.04200621024,0
87419,-1.87606903417,0
87420,-1.76387043134,0
87421,-2.13043189381,0
87422,-2.0313592249,0
87423,-2.26130274595,0
87424,-2.2934153431,0
87425,-1.94342750588,0
87426,-2.00700618985,0
87427,-1.96622608498,0
87428,-2.03810513417,0
87429,-2.07399366682,0
87430,-2.26511753113,0
87431,-2.38245262326,0
87432,-2.39161383308,0
87433,-2.1770399654,0
87434,-2.55694285314,0
87435,-2.57814041624,0
87436,-2.1832069625,0
87437,-2.47527747205,0
87438,-2.53126470574,0
87439,-2.63783278631,0
87440,-2.66329836361,0
87441,-2.25968179535,0
87442,-2.63168012033,0
87443,-2.67488267838,0
87444,-2.39159154081,0
87445,-2.37184756268,0
87446,-2.48244788336,0
87447,-2.35431063588,0
87448,-2.55613714291,0
87449,-2.69399172043,0
87450,-2.56474197474,0
87451,-2.31236130254,0
87452,-2.72845662661,0
87453,-2.58297734466,0
87454,-2.69992662104,0
87455,-2.44074587792,0
87456,-2.70246556831,0
87457,-2.31119874011,0
87458,-2.42872009627,0
87459,-2.58126260115,0
87460,-2.65878413825,0
87461,-2.34176871222,0
87462,-2.22407177889,0
87463,-2.21214058879,0
87464,-2.2359255902,0
87465,-2.26116836223,0
87466,-2.40376907887,0
87467,-2.23258662356,0
87468,-2.10978972447,0
87469,-2.32051920212,0
87470,-2.41970826721,0
87471,-2.1026975619,0
87472,-2.07745239706,0
87473,-2.07759363439,0
87474,-2.232902276,0
87475,-2.29815918971,0
87476,-2.07796842608,0
87477,-2.05153493132,0
87478,-1.92333615312,0
87479,-2.05899903288,0
87480,-2.13063276653,0
87481,-2.10213283773,0
87482,-1.69227510921,0
87483,-1.63580692733,0
87484,-1.98120530824,0
87485,-1.53127731308,0
87486,-1.59057754789,0
87487,-1.45501342855,0
87488,-1.49791752459,0
87489,-1.37388650485,0
87490,-1.35430338466,0
87491,-1.69912016038,0
87492,-1.48012688103,0
87493,-1.387398947,0
87494,-1.5499784123,0
87495,-1.4275829062,0
87496,-1.48524722946,0
87497,-1.13361828834,0
87498,-1.00058449494,0
87499,-1.13079229256,0
87500,-1.248924073,0
87501,-1.01611445925,0
87502,-0.994986826246,0
87503,-1.1118801073,0
87504,-1.10665696777,0
87505,-0.753402541634,0
87506,-0.640906052,0
87507,-0.925358584077,0
87508,-0.549584059964,0
87509,-0.91811062054,0
87510,-0.463327474428,0
87511,-0.711514575201,0
87512,-0.580302977851,0
87513,-0.684999303032,0
87514,-0.503132640775,0
87515,-0.383046427457,0
87516,-0.276031790832,0
87517,-0.551611801494,0
87518,-0.17939115405,0
87519,-0.409172034193,0
87520,-0.390740109057,0
87521,-0.411396897085,0
87522,-0.137431296418,0
87523,-0.331778216728,0
87524,-0.30187205627,0
87525,-0.283102308464,0
87526,-0.219448985832,0
87527,-0.0994418974952,0
87528,0.171518277671,0
87529,0.0247135868237,0
87530,-0.0992696317495,0
87531,0.243927510476,0
87532,0.226926617414,0
87533,-0.0817899739758,0
87534,0.214701319477,0
87535,0.348453391103,0
87536,0.350578753153,0
87537,0.0507034601192,0
87538,0.398822175241,0
87539,0.0451393380788,0
87540,0.374731361187,0
87541,0.437426415617,0
87542,0.268032247168,0
87543,0.293727052557,0
87544,0.0698037606861,0
87545,0.15529243442,0
87546,0.480684155202,0
87547,0.418908043174,0
87548,0.342221597227,0
87549,0.0789528228375,0
87550,0.0963924373766,0
87551,0.334840826668,0
87552,0.470852252627,0
87553,0.397562850793,0
87554,0.262385126904,0
87555,0.228639081078,0
87556,0.302111999988,0
87557,0.269410784335,0
87558,0.185463714519,0
87559,0.00572814316556,0
87560,0.247493184049,0
87561,-0.0208973822746,0
87562,0.146317313848,0
87563,-0.0538210563106,0
87564,0.247559935096,0
87565,-0.0451496115883,0
87566,0.155184177914,0
87567,-0.0518827500807,0
87568,-0.0499927698616,0
87569,0.156513408548,0
87570,-0.206267613609,0
87571,-0.0981328827639,0
87572,-0.261036170349,0
87573,0.0395250342567,0
87574,-0.24934636017,0
87575,-0.362609298158,0
87576,-0.102434090324,0
87577,-0.0186522165892,0
87578,-0.31587042351,0
87579,-0.117565149521,0
87580,-0.321589659898,0
87581,-0.166362980441,0
87582,-0.23750674671,0
87583,-0.654317889243,0
87584,-0.359409715938,0
87585,-0.313035019048,0
87586,-0.739379247337,0
87587,-0.781968308307,0
87588,-0.465787752595,0
87589,-0.488099848417,0
87590,-0.800913915151,0
87591,-0.775369414781,0
87592,-1.0119205346,0
87593,-0.992723226209,0
87594,-0.741555873978,0
87595,-0.741065770308,0
87596,-0.914938915784,0
87597,-0.83345874094,0
87598,-1.20701006722,0
87599,-0.914294168015,0
87600,-1.21944856876,0
87601,-1.15372627422,0
87602,-0.939465277957,0
87603,-1.13697805949,0
87604,-1.31414348831,0
87605,-1.4647934124,0
87606,-1.1888295557,0
87607,-1.55586102553,0
87608,-1.4846131457,0
87609,-1.44292569028,0
87610,-1.30125973871,0
87611,-1.55674073811,0
87612,-1.47037691382,0
87613,-1.69029463592,0
87614,-1.79540479124,0
87615,-1.51950829968,0
87616,-1.76763486529,0
87617,-1.98149405377,0
87618,-1.97710826763,0
87619,-1.81117109156,0
87620,-1.69897248872,0
87621,-2.0655339512,0
87622,-1.96646128228,0
87623,-2.19640480333,0
87624,-2.22851740049,0
87625,-1.87852956326,0
87626,-1.94210824724,0
87627,-1.90132814236,0
87628,-1.97320719155,0
87629,-2.00909572421,0
87630,-2.20021958851,0
87631,-2.31755468064,0
87632,-2.32671589047,0
87633,-2.11214202279,0
87634,-2.49204491053,0
87635,-2.51324247363,0
87636,-2.11830901989,0
87637,-2.41037952943,0
87638,-2.46636676312,0
87639,-2.5729348437,0
87640,-2.59840042099,0
87641,-2.19478385274,0
87642,-2.56678217772,0
87643,-2.60998473577,0
87644,-2.3266935982,0
87645,-2.30694962007,0
87646,-2.41754994074,0
87647,-2.28941269327,0
87648,-2.4912392003,0
87649,-2.62909377781,0
87650,-2.49984403213,0
87651,-2.24746335992,0
87652,-2.66355868399,0
87653,-2.51807940204,0
87654,-2.63502867842,0
87655,-2.3758479353,0
87656,-2.6375676257,0
87657,-2.24630079749,0
87658,-2.36382215366,0
87659,-2.51636465853,0
87660,-2.59388619564,0
87661,-2.2768707696,0
87662,-2.15917383627,0
87663,-2.14724264618,0
87664,-2.17102764758,0
87665,-2.19627041961,0
87666,-2.33887113626,0
87667,-2.16768868094,0
87668,-2.04489178186,0
87669,-2.2556212595,0
87670,-2.3548103246,0
87671,-2.03779961928,0
87672,-2.01255445445,0
87673,-2.01269569178,0
87674,-2.16800433339,0
87675,-2.23326124709,0
87676,-2.01307048347,0
87677,-1.98663698871,0
87678,-1.85843821051,0
87679,-1.99410109026,0
87680,-2.06573482392,0
87681,-2.03723489511,0
87682,-1.6273771666,0
87683,-1.57090898472,0
87684,-1.91630736562,0
87685,-1.46637937046,0
87686,-1.52567960528,0
87687,-1.39011548593,0
87688,-1.43301958198,0
87689,-1.30898856224,0
87690,-1.28940544205,0
87691,-1.63422221777,0
87692,-1.41522893841,0
87693,-1.32250100439,0
87694,-1.48508046968,0
87695,-1.36268496358,0
87696,-1.42034928684,0
87697,-1.06872034573,0
87698,-0.935686552329,0
87699,-1.06589434994,0
87700,-1.18402613038,0
87701,-0.951216516638,0
87702,-0.930088883631,0
87703,-1.04698216469,0
87704,-1.04175902516,0
87705,-0.688504599019,0
87706,-0.576008109385,0
87707,-0.860460641462,0
87708,-0.484686117349,0
87709,-0.853212677925,0
87710,-0.398429531813,0
87711,-0.646616632586,0
87712,-0.515405035237,0
87713,-0.620101360417,0
87714,-0.43823469816,0
87715,-0.318148484842,0
87716,-0.211133848217,0
87717,-0.486713858879,0
87718,-0.114493211435,0
87719,-0.344274091578,0
87720,-0.325842166442,0
87721,-0.34649895447,0
87722,-0.0725333538033,0
87723,-0.266880274113,0
87724,-0.236974113655,0
87725,-0.21820436585,0
87726,-0.154551043217,0
87727,-0.0345439548803,0
87728,0.236416220286,0
87729,0.0896115294386,0
87730,-0.0343716891346,0
87731,0.30882545309,0
87732,0.291824560029,0
87733,-0.0168920313609,0
87734,0.279599262092,0
87735,0.413351333718,0
87736,0.415476695768,0
87737,0.115601402734,0
87738,0.463720117856,0
87739,0.110037280694,0
87740,0.439629303802,0
87741,0.502324358232,0
87742,0.332930189783,0
87743,0.358624995172,0
87744,0.134701703301,0
87745,0.220190377035,0
87746,0.545582097817,0
87747,0.483805985789,0
87748,0.407119539842,0
87749,0.143850765452,0
87750,0.161290379991,0
87751,0.399738769283,0
87752,0.535750195241,0
87753,0.462460793408,0
87754,0.327283069519,0
87755,0.293537023693,0
87756,0.367009942603,0
87757,0.33430872695,0
87758,0.250361657134,0
87759,0.0706260857805,0
87760,0.312391126664,0
87761,0.0440005603403,0
87762,0.211215256463,0
87763,0.0110768863043,0
87764,0.312457877711,0
87765,0.0197483310266,0
87766,0.220082120529,0
87767,0.0130151925342,0
87768,0.0149051727533,0
87769,0.221411351163,0
87770,-0.141369670994,0
87771,-0.033234940149,0
87772,-0.196138227734,0
87773,0.104422976872,0
87774,-0.184448417555,0
87775,-0.297711355543,0
87776,-0.0375361477089,0
87777,0.0462457260257,0
87778,-0.250972480895,0
87779,-0.0526672069058,0
87780,-0.256691717283,0
87781,-0.101465037826,0
87782,-0.172608804095,0
87783,-0.589419946628,0
87784,-0.294511773323,0
87785,-0.248137076434,0
87786,-0.674481304722,0
87787,-0.717070365692,0
87788,-0.40088980998,0
87789,-0.423201905802,0
87790,-0.736015972536,0
87791,-0.710471472166,0
87792,-0.94702259199,0
87793,-0.927825283594,0
87794,-0.676657931363,0
87795,-0.676167827693,0
87796,-0.850040973169,0
87797,-0.768560798325,0
87798,-1.14211212461,0
87799,-0.8493962254,0
87800,-0.947162165783,0
87801,-0.881439871247,0
87802,-0.667178874985,0
87803,-0.864691656521,0
87804,-1.04185708534,0
87805,-1.19250700943,0
87806,-0.916543152728,0
87807,-1.28357462256,0
87808,-1.21232674273,0
87809,-1.17063928731,0
87810,-1.02897333574,0
87811,-1.28445433513,0
87812,-1.19809051085,0
87813,-1.41800823295,0
87814,-1.52311838827,0
87815,-1.24722189671,0
87816,-1.49534846232,0
87817,-1.7092076508,0
87818,-1.70482186465,0
87819,-1.53888468859,0
87820,-1.42668608575,0
87821,-1.79324754823,0
87822,-1.69417487931,0
87823,-1.92411840036,0
87824,-1.95623099752,0
87825,-1.60624316029,0
87826,-1.66982184427,0
87827,-1.62904173939,0
87828,-1.70092078858,0
87829,-1.73680932124,0
87830,-1.92793318554,0
87831,-2.04526827767,0
87832,-2.05442948749,0
87833,-1.83985561982,0
87834,-2.21975850756,0
87835,-2.24095607066,0
87836,-1.84602261692,0
87837,-2.13809312646,0
87838,-2.19408036015,0
87839,-2.30064844073,0
87840,-2.32611401802,0
87841,-1.92249744977,0
87842,-2.29449577474,0
87843,-2.3376983328,0
87844,-2.05440719523,0
87845,-2.0346632171,0
87846,-2.14526353777,0
87847,-2.0171262903,0
87848,-2.21895279733,0
87849,-2.35680737484,0
87850,-2.22755762915,0
87851,-1.97517695695,0
87852,-2.39127228102,0
87853,-2.24579299907,0
87854,-2.36274227545,0
87855,-2.10356153233,0
87856,-2.36528122272,0
87857,-1.97401439452,0
87858,-2.09153575069,0
87859,-2.24407825556,0
87860,-2.32159979266,0
87861,-2.00458436663,0
87862,-1.8868874333,0
87863,-1.87495624321,0
87864,-1.89874124461,0
87865,-1.92398401664,0
87866,-2.06658473329,0
87867,-1.89540227797,0
87868,-1.77260537888,0
87869,-1.98333485653,0
87870,-2.08252392163,0
87871,-1.76551321631,0
87872,-1.74026805148,0
87873,-1.74040928881,0
87874,-1.89571793042,0
87875,-1.96097484412,0
87876,-1.7407840805,0
87877,-1.71435058574,0
87878,-1.58615180754,0
87879,-1.72181468729,0
87880,-1.79344842095,0
87881,-1.76494849214,0
87882,-1.35509076363,0
87883,-1.29862258174,0
87884,-1.64402096265,0
87885,-1.19409296749,0
87886,-1.25339320231,0
87887,-1.11782908296,0
87888,-1.160733179,0
87889,-1.03670215926,0
87890,-1.01711903908,0
87891,-1.3619358148,0
87892,-1.14294253544,0
87893,-1.05021460142,0
87894,-1.21279406671,0
87895,-1.09039856061,0
87896,-1.14806288387,0
87897,-0.796433942753,0
87898,-0.663400149357,0
87899,-0.79360794697,0
87900,-0.911739727413,0
87901,-0.678930113666,0
87902,-0.657802480659,0
87903,-0.774695761717,0
87904,-0.769472622185,0
87905,-0.416218196048,0
87906,-0.303721706413,0
87907,-0.58817423849,0
87908,-0.212399714377,0
87909,-0.580926274953,0
87910,-0.126143128841,0
87911,-0.374330229614,0
87912,-0.243118632265,0
87913,-0.347814957445,0
87914,-0.165948295188,0
87915,-0.0458620818698,0
87916,0.0611525547544,0
87917,-0.214427455907,0
87918,0.157793191537,0
87919,-0.0719876886059,0
87920,-0.0535557634698,0
87921,-0.0742125514982,0
87922,0.199753049169,0
87923,0.00540612885864,0
87924,0.0353122893173,0
87925,0.0540820371224,0
87926,0.117735359754,0
87927,0.237742448092,0
87928,0.508702623258,0
87929,0.36189793241,0
87930,0.237914713837,0
87931,0.581111856062,0
87932,0.564110963001,0
87933,0.255394371611,0
87934,0.551885665064,0
87935,0.68563773669,0
87936,0.68776309874,0
87937,0.387887805706,0
87938,0.736006520828,0
87939,0.382323683666,0
87940,0.711915706773,0
87941,0.774610761204,0
87942,0.605216592755,0
87943,0.630911398143,0
87944,0.406988106273,0
87945,0.492476780007,0
87946,0.817868500789,0
87947,0.756092388761,0
87948,0.679405942813,0
87949,0.416137168424,0
87950,0.433576782963,0
87951,0.672025172255,0
87952,0.808036598213,0
87953,0.73474719638,0
87954,0.599569472491,0
87955,0.565823426665,0
87956,0.639296345575,0
87957,0.606595129921,0
87958,0.522648060106,0
87959,0.342912488752,0
87960,0.584677529636,0
87961,0.316286963312,0
87962,0.483501659435,0
87963,0.283363289276,0
87964,0.584744280683,0
87965,0.292034733998,0
87966,0.492368523501,0
87967,0.285301595506,0
87968,0.287191575725,0
87969,0.493697754135,0
87970,0.130916731978,0
87971,0.239051462823,0
87972,0.0761481752381,0
87973,0.376709379843,0
87974,0.0878379854168,0
87975,-0.025424952571,0
87976,0.234750255263,0
87977,0.318532128998,0
87978,0.021313922077,0
87979,0.219619196066,0
87980,0.0155946856885,0
87981,0.170821365146,0
87982,0.0996775988771,0
87983,-0.317133543656,0
87984,-0.0222253703509,0
87985,0.0241493265383,0
87986,-0.40219490175,0
87987,-0.44478396272,0
87988,-0.128603407008,0
87989,-0.150915502831,0
87990,-0.463729569564,0
87991,-0.438185069194,0
87992,-0.674736189018,0
87993,-0.655538880622,0
87994,-0.404371528391,0
87995,-0.403881424721,0
87996,-0.577754570197,0
87997,-0.496274395353,0
87998,-0.869825721638,0
87999,-0.577109822428,0
88000,-0.896821025258,0
88001,-0.831098730722,0
88002,-0.61683773446,0
88003,-0.814350515996,0
88004,-0.991515944814,0
88005,-1.1421658689,0
88006,-0.866202012202,0
88007,-1.23323348204,0
88008,-1.1619856022,0
88009,-1.12029814678,0
88010,-0.978632195216,0
88011,-1.23411319461,0
88012,-1.14774937033,0
88013,-1.36766709242,0
88014,-1.47277724774,0
88015,-1.19688075618,0
88016,-1.4450073218,0
88017,-1.65886651027,0
88018,-1.65448072413,0
88019,-1.48854354806,0
88020,-1.37634494522,0
88021,-1.7429064077,0
88022,-1.64383373879,0
88023,-1.87377725983,0
88024,-1.90588985699,0
88025,-1.55590201976,0
88026,-1.61948070374,0
88027,-1.57870059886,0
88028,-1.65057964806,0
88029,-1.68646818071,0
88030,-1.87759204502,0
88031,-1.99492713715,0
88032,-2.00408834697,0
88033,-1.78951447929,0
88034,-2.16941736703,0
88035,-2.19061493013,0
88036,-1.79568147639,0
88037,-2.08775198594,0
88038,-2.14373921962,0
88039,-2.2503073002,0
88040,-2.2757728775,0
88041,-1.87215630924,0
88042,-2.24415463422,0
88043,-2.28735719227,0
88044,-2.0040660547,0
88045,-1.98432207657,0
88046,-2.09492239725,0
88047,-1.96678514977,0
88048,-2.1686116568,0
88049,-2.30646623432,0
88050,-2.17721648863,0
88051,-1.92483581642,0
88052,-2.34093114049,0
88053,-2.19545185854,0
88054,-2.31240113492,0
88055,-2.05322039181,0
88056,-2.3149400822,0
88057,-1.92367325399,0
88058,-2.04119461016,0
88059,-2.19373711503,0
88060,-2.27125865214,0
88061,-1.9542432261,0
88062,-1.83654629278,0
88063,-1.82461510268,0
88064,-1.84840010408,0
88065,-1.87364287612,0
88066,-2.01624359276,0
88067,-1.84506113745,0
88068,-1.72226423836,0
88069,-1.932993716,0
88070,-2.0321827811,0
88071,-1.71517207578,0
88072,-1.68992691095,0
88073,-1.69006814828,0
88074,-1.84537678989,0
88075,-1.9106337036,0
88076,-1.69044293997,0
88077,-1.66400944521,0
88078,-1.53581066701,0
88079,-1.67147354676,0
88080,-1.74310728042,0
88081,-1.71460735162,0
88082,-1.3047496231,0
88083,-1.24828144122,0
88084,-1.59367982213,0
88085,-1.14375182697,0
88086,-1.20305206178,0
88087,-1.06748794243,0
88088,-1.11039203848,0
88089,-0.986361018739,0
88090,-0.966777898553,0
88091,-1.31159467427,0
88092,-1.09260139492,0
88093,-0.999873460892,0
88094,-1.16245292618,0
88095,-1.04005742008,0
88096,-1.09772174334,0
88097,-0.746092802228,0
88098,-0.613059008831,0
88099,-0.743266806444,0
88100,-0.861398586888,0
88101,-0.62858897314,0
88102,-0.607461340134,0
88103,-0.724354621192,0
88104,-0.71913148166,0
88105,-0.365877055522,0
88106,-0.253380565888,0
88107,-0.537833097965,0
88108,-0.162058573852,0
88109,-0.530585134428,0
88110,-0.0758019883156,0
88111,-0.323989089089,0
88112,-0.192777491739,0
88113,-0.29747381692,0
88114,-0.115607154663,0
88115,0.0044790586554,0
88116,0.11149369528,0
88117,-0.164086315382,0
88118,0.208134332062,0
88119,-0.0216465480807,0
88120,-0.00321462294456,0
88121,-0.023871410973,0
88122,0.250094189694,0
88123,0.0557472693838,0
88124,0.0856534298425,0
88125,0.104423177648,0
88126,0.16807650028,0
88127,0.288083588617,0
88128,0.559043763783,0
88129,0.412239072936,0
88130,0.288255854362,0
88131,0.631452996588,0
88132,0.614452103526,0
88133,0.305735512136,0
88134,0.602226805589,0
88135,0.735978877215,0
88136,0.738104239265,0
88137,0.438228946231,0
88138,0.786347661353,0
88139,0.432664824191,0
88140,0.762256847299,0
88141,0.824951901729,0
88142,0.65555773328,0
88143,0.681252538669,0
88144,0.457329246798,0
88145,0.542817920532,0
88146,0.868209641314,0
88147,0.806433529286,0
88148,0.729747083339,0
88149,0.46647830895,0
88150,0.483917923489,0
88151,0.72236631278,0
88152,0.858377738739,0
88153,0.785088336905,0
88154,0.649910613016,0
88155,0.61616456719,0
88156,0.6896374861,0
88157,0.656936270447,0
88158,0.572989200631,0
88159,0.393253629278,0
88160,0.635018670161,0
88161,0.366628103837,0
88162,0.53384279996,0
88163,0.333704429801,0
88164,0.635085421208,0
88165,0.342375874524,0
88166,0.542709664026,0
88167,0.335642736031,0
88168,0.33753271625,0
88169,0.54403889466,0
88170,0.181257872503,0
88171,0.289392603348,0
88172,0.126489315763,0
88173,0.427050520369,0
88174,0.138179125942,0
88175,0.0249161879542,0
88176,0.285091395788,0
88177,0.368873269523,0
88178,0.0716550626022,0
88179,0.269960336591,0
88180,0.0659358262137,0
88181,0.221162505671,0
88182,0.150018739402,0
88183,-0.266792403131,0
88184,0.0281157701743,0
88185,0.0744904670635,0
88186,-0.351853761225,0
88187,-0.394442822195,0
88188,-0.0782622664832,0
88189,-0.100574362305,0
88190,-0.413388429039,0
88191,-0.387843928669,0
88192,-0.624395048493,0
88193,-0.605197740097,0
88194,-0.354030387866,0
88195,-0.353540284196,0
88196,-0.527413429672,0
88197,-0.445933254828,0
88198,-0.819484581113,0
88199,-0.526768681903,0
88200,-1.17637114082,0
88201,-1.11064884628,0
88202,-0.896387850023,0
88203,-1.09390063156,0
88204,-1.27106606038,0
88205,-1.42171598447,0
88206,-1.14575212776,0
88207,-1.5127835976,0
88208,-1.44153571777,0
88209,-1.39984826234,0
88210,-1.25818231078,0
88211,-1.51366331017,0
88212,-1.42729948589,0
88213,-1.64721720798,0
88214,-1.75232736331,0
88215,-1.47643087175,0
88216,-1.72455743736,0
88217,-1.93841662584,0
88218,-1.93403083969,0
88219,-1.76809366362,0
88220,-1.65589506079,0
88221,-2.02245652326,0
88222,-1.92338385435,0
88223,-2.1533273754,0
88224,-2.18543997255,0
88225,-1.83545213533,0
88226,-1.8990308193,0
88227,-1.85825071443,0
88228,-1.93012976362,0
88229,-1.96601829627,0
88230,-2.15714216058,0
88231,-2.27447725271,0
88232,-2.28363846253,0
88233,-2.06906459485,0
88234,-2.44896748259,0
88235,-2.4701650457,0
88236,-2.07523159196,0
88237,-2.3673021015,0
88238,-2.42328933519,0
88239,-2.52985741576,0
88240,-2.55532299306,0
88241,-2.1517064248,0
88242,-2.52370474978,0
88243,-2.56690730783,0
88244,-2.28361617026,0
88245,-2.26387219213,0
88246,-2.37447251281,0
88247,-2.24633526534,0
88248,-2.44816177237,0
88249,-2.58601634988,0
88250,-2.45676660419,0
88251,-2.20438593199,0
88252,-2.62048125606,0
88253,-2.47500197411,0
88254,-2.59195125049,0
88255,-2.33277050737,0
88256,-2.59449019776,0
88257,-2.20322336956,0
88258,-2.32074472573,0
88259,-2.4732872306,0
88260,-2.5508087677,0
88261,-2.23379334167,0
88262,-2.11609640834,0
88263,-2.10416521824,0
88264,-2.12795021965,0
88265,-2.15319299168,0
88266,-2.29579370832,0
88267,-2.12461125301,0
88268,-2.00181435392,0
88269,-2.21254383157,0
88270,-2.31173289666,0
88271,-1.99472219135,0
88272,-1.96947702651,0
88273,-1.96961826384,0
88274,-2.12492690545,0
88275,-2.19018381916,0
88276,-1.96999305553,0
88277,-1.94355956077,0
88278,-1.81536078257,0
88279,-1.95102366233,0
88280,-2.02265739598,0
88281,-1.99415746718,0
88282,-1.58429973866,0
88283,-1.52783155678,0
88284,-1.87322993769,0
88285,-1.42330194253,0
88286,-1.48260217734,0
88287,-1.347038058,0
88288,-1.38994215404,0
88289,-1.2659111343,0
88290,-1.24632801412,0
88291,-1.59114478983,0
88292,-1.37215151048,0
88293,-1.27942357645,0
88294,-1.44200304175,0
88295,-1.31960753565,0
88296,-1.37727185891,0
88297,-1.02564291779,0
88298,-0.892609124394,0
88299,-1.02281692201,0
88300,-1.14094870245,0
88301,-0.908139088703,0
88302,-0.887011455696,0
88303,-1.00390473675,0
88304,-0.998681597223,0
88305,-0.645427171085,0
88306,-0.532930681451,0
88307,-0.817383213527,0
88308,-0.441608689414,0
88309,-0.810135249991,0
88310,-0.355352103878,0
88311,-0.603539204651,0
88312,-0.472327607302,0
88313,-0.577023932482,0
88314,-0.395157270225,0
88315,-0.275071056907,0
88316,-0.168056420283,0
88317,-0.443636430945,0
88318,-0.0714157835002,0
88319,-0.301196663643,0
88320,-0.282764738507,0
88321,-0.303421526536,0
88322,-0.0294559258688,0
88323,-0.223802846179,0
88324,-0.19389668572,0
88325,-0.175126937915,0
88326,-0.111473615283,0
88327,0.00853347305424,0
88328,0.279493648221,0
88329,0.132688957373,0
88330,0.00870573879988,0
88331,0.351902881025,0
88332,0.334901987964,0
88333,0.0261853965736,0
88334,0.322676690027,0
88335,0.456428761652,0
88336,0.458554123702,0
88337,0.158678830669,0
88338,0.506797545791,0
88339,0.153114708628,0
88340,0.482706731736,0
88341,0.545401786166,0
88342,0.376007617718,0
88343,0.401702423106,0
88344,0.177779131236,0
88345,0.26326780497,0
88346,0.588659525752,0
88347,0.526883413724,0
88348,0.450196967776,0
88349,0.186928193387,0
88350,0.204367807926,0
88351,0.442816197218,0
88352,0.578827623176,0
88353,0.505538221342,0
88354,0.370360497454,0
88355,0.336614451627,0
88356,0.410087370537,0
88357,0.377386154884,0
88358,0.293439085068,0
88359,0.113703513715,0
88360,0.355468554598,0
88361,0.0870779882748,0
88362,0.254292684398,0
88363,0.0541543142388,0
88364,0.355535305645,0
88365,0.0628257589611,0
88366,0.263159548464,0
88367,0.0560926204687,0
88368,0.0579826006878,0
88369,0.264488779098,0
88370,-0.0982922430595,0
88371,0.00984248778546,0
88372,-0.153060799799,0
88373,0.147500404806,0
88374,-0.141370989621,0
88375,-0.254633927608,0
88376,0.00554128022561,0
88377,0.0893231539602,0
88378,-0.20789505296,0
88379,-0.00958977897128,0
88380,-0.213614289349,0
88381,-0.0583876098914,0
88382,-0.12953137616,0
88383,-0.546342518694,0
88384,-0.251434345388,0
88385,-0.205059648499,0
88386,-0.631403876787,0
88387,-0.673992937757,0
88388,-0.357812382046,0
88389,-0.380124477868,0
88390,-0.692938544602,0
88391,-0.667394044231,0
88392,-0.903945164055,0
88393,-0.88474785566,0
88394,-0.633580503428,0
88395,-0.633090399759,0
88396,-0.806963545234,0
88397,-0.725483370391,0
88398,-1.09903469668,0
88399,-0.806318797465,0
88400,-1.17108166527,0
88401,-1.10535937074,0
88402,-0.891098374475,0
88403,-1.08861115601,0
88404,-1.26577658483,0
88405,-1.41642650892,0
88406,-1.14046265222,0
88407,-1.50749412205,0
88408,-1.43624624222,0
88409,-1.3945587868,0
88410,-1.25289283523,0
88411,-1.50837383462,0
88412,-1.42201001034,0
88413,-1.64192773244,0
88414,-1.74703788776,0
88415,-1.4711413962,0
88416,-1.71926796181,0
88417,-1.93312715029,0
88418,-1.92874136414,0
88419,-1.76280418807,0
88420,-1.65060558524,0
88421,-2.01716704772,0
88422,-1.9180943788,0
88423,-2.14803789985,0
88424,-2.18015049701,0
88425,-1.83016265978,0
88426,-1.89374134376,0
88427,-1.85296123888,0
88428,-1.92484028807,0
88429,-1.96072882073,0
88430,-2.15185268503,0
88431,-2.26918777716,0
88432,-2.27834898698,0
88433,-2.06377511931,0
88434,-2.44367800705,0
88435,-2.46487557015,0
88436,-2.06994211641,0
88437,-2.36201262595,0
88438,-2.41799985964,0
88439,-2.52456794022,0
88440,-2.55003351751,0
88441,-2.14641694926,0
88442,-2.51841527423,0
88443,-2.56161783228,0
88444,-2.27832669472,0
88445,-2.25858271659,0
88446,-2.36918303726,0
88447,-2.24104578979,0
88448,-2.44287229682,0
88449,-2.58072687433,0
88450,-2.45147712864,0
88451,-2.19909645644,0
88452,-2.61519178051,0
88453,-2.46971249856,0
88454,-2.58666177494,0
88455,-2.32748103182,0
88456,-2.58920072221,0
88457,-2.19793389401,0
88458,-2.31545525018,0
88459,-2.46799775505,0
88460,-2.54551929215,0
88461,-2.22850386612,0
88462,-2.11080693279,0
88463,-2.0988757427,0
88464,-2.1226607441,0
88465,-2.14790351613,0
88466,-2.29050423278,0
88467,-2.11932177746,0
88468,-1.99652487837,0
88469,-2.20725435602,0
88470,-2.30644342111,0
88471,-1.9894327158,0
88472,-1.96418755097,0
88473,-1.96432878829,0
88474,-2.11963742991,0
88475,-2.18489434361,0
88476,-1.96470357998,0
88477,-1.93827008522,0
88478,-1.81007130703,0
88479,-1.94573418678,0
88480,-2.01736792044,0
88481,-1.98886799163,0
88482,-1.57901026312,0
88483,-1.52254208123,0
88484,-1.86794046214,0
88485,-1.41801246698,0
88486,-1.4773127018,0
88487,-1.34174858245,0
88488,-1.38465267849,0
88489,-1.26062165875,0
88490,-1.24103853857,0
88491,-1.58585531429,0
88492,-1.36686203493,0
88493,-1.27413410091,0
88494,-1.4367135662,0
88495,-1.3143180601,0
88496,-1.37198238336,0
88497,-1.02035344224,0
88498,-0.887319648846,0
88499,-1.01752744646,0
88500,-1.1356592269,0
88501,-0.902849613155,0
88502,-0.881721980148,0
88503,-0.998615261206,0
88504,-0.993392121674,0
88505,-0.640137695537,0
88506,-0.527641205902,0
88507,-0.812093737979,0
88508,-0.436319213866,0
88509,-0.804845774442,0
88510,-0.35006262833,0
88511,-0.598249729103,0
88512,-0.467038131754,0
88513,-0.571734456934,0
88514,-0.389867794677,0
88515,-0.269781581359,0
88516,-0.162766944735,0
88517,-0.438346955396,0
88518,-0.066126307952,0
88519,-0.295907188095,0
88520,-0.277475262959,0
88521,-0.298132050987,0
88522,-0.0241664503206,0
88523,-0.218513370631,0
88524,-0.188607210172,0
88525,-0.169837462367,0
88526,-0.106184139735,0
88527,0.0138229486024,0
88528,0.284783123769,0
88529,0.137978432921,0
88530,0.0139952143481,0
88531,0.357192356573,0
88532,0.340191463512,0
88533,0.0314748721218,0
88534,0.327966165575,0
88535,0.4617182372,0
88536,0.46384359925,0
88537,0.163968306217,0
88538,0.512087021339,0
88539,0.158404184176,0
88540,0.487996207284,0
88541,0.550691261714,0
88542,0.381297093266,0
88543,0.406991898654,0
88544,0.183068606784,0
88545,0.268557280518,0
88546,0.5939490013,0
88547,0.532172889272,0
88548,0.455486443324,0
88549,0.192217668935,0
88550,0.209657283474,0
88551,0.448105672766,0
88552,0.584117098724,0
88553,0.510827696891,0
88554,0.375649973002,0
88555,0.341903927176,0
88556,0.415376846086,0
88557,0.382675630432,0
88558,0.298728560617,0
88559,0.118992989263,0
88560,0.360758030147,0
88561,0.092367463823,0
88562,0.259582159946,0
88563,0.059443789787,0
88564,0.360824781193,0
88565,0.0681152345093,0
88566,0.268449024012,0
88567,0.0613820960169,0
88568,0.063272076236,0
88569,0.269778254646,0
88570,-0.0930027675113,0
88571,0.0151319633336,0
88572,-0.147771324251,0
88573,0.152789880354,0
88574,-0.136081514072,0
88575,-0.24934445206,0
88576,0.0108307557738,0
88577,0.0946126295084,0
88578,-0.202605577412,0
88579,-0.0043003034231,0
88580,-0.208324813801,0
88581,-0.0530981343432,0
88582,-0.124241900612,0
88583,-0.541053043146,0
88584,-1.8099166337,1
88585,-1.64504230271,1
88586,-1.46905893908,1
88587,-1.28503869312,1
88588,-1.09619401544,1
88589,-0.905821576957,1
88590,-0.717244718803,1
88591,-0.533755436572,1
88592,-0.358556911788,1
88593,-0.194707593815,1
88594,-0.0450678083464,1
88595,0.0877501754404,1
88596,0.201427747396,1
88597,0.293980432491,1
88598,0.3637925339,1
88599,0.409645338295,1
88600,0.344454059117,1
88601,0.34041913764,1
88602,0.311326679817,1
88603,0.257684554132,1
88604,0.18042919384,1
88605,0.0809092496096,1
88606,-0.0391379539436,1
88607,-0.177616746815,1
88608,-0.332109697831,1
88609,-0.49991981586,1
88610,-0.678117631324,1
88611,-0.863592336095,1
88612,-1.05310608903,1
88613,-1.24335053911,1
88614,-1.43100457951,1
88615,-1.61279232432,1
88616,-1.78554029582,1
88617,-1.9462328241,1
88618,-2.09206469169,1
88619,-2.22049010442,1
88620,-2.32926713347,1
88621,-2.41649685285,1
88622,-2.48065648899,1
88623,-2.52062600395,1
88624,-2.5357076479,1
88625,-2.52563813984,1
88626,-2.49059326368,1
88627,-2.43118479955,1
88628,-2.34844984398,1
88629,-2.2438327052,1
88630,-2.1191596898,1
88631,-1.97660722081,1
88632,-1.81866384378,1
88633,-1.6480867841,1
88634,-1.46785381397,1
88635,-1.28111126933,1
88636,-1.09111912407,1
88637,-0.901194080508,1
88638,-0.714651669587,1
88639,-0.53474837145,1
88640,-0.364624766922,1
88641,-0.207250712228,1
88642,-0.0653734940694,1
88643,0.0585301298992,1
88644,0.162297167951,1
88645,0.244116153742,1
88646,0.302558769167,1
88647,0.336604778582,1
88648,0.345659839107,1
88649,0.329565876099,1
88650,0.288603842672,1
88651,0.223488815081,1
88652,0.135357509601,1
88653,0.0257484388154,1
88654,-0.103424946275,1
88655,-0.249907659461,1
88656,-0.411142544733,1
88657,-0.584314916678,1
88658,-0.766401696586,1
88659,-0.954224186483,1
88660,-1.14450355982,1
88661,-1.33391810011,1
88662,-1.51916118831,1
88663,-1.69699902661,1
88664,-1.86432709101,1
88665,-2.01822432718,1
88666,-2.15600414342,1
88667,-2.2752613106,1
88668,-2.37391395044,1
88669,-2.4502398789,1
88670,-2.50290667044,1
88671,-2.53099491827,1
88672,-2.53401428444,1
88673,-2.51191205974,1
88674,-2.46507408379,1
88675,-2.39431800947,1
88676,-2.30087902909,1
88677,-2.18638831158,1
88678,-2.05284452709,1
88679,-1.90257895611,1
88680,-1.73821479219,1
88681,-1.56262134871,1
88682,-1.37886396914,1
88683,-1.1901505152,1
88684,-0.999775367053,1
88685,-0.811061913118,1
88686,-0.627304533551,1
88687,-0.451711090066,1
88688,-0.287346926142,1
88689,-0.137081355162,1
88690,-0.00353757067378,1
88691,0.110953146834,1
88692,0.204392127211,1
88693,0.275148201529,1
88694,0.32198617748,1
88695,0.344088402187,1
88696,0.341069036014,1
88697,0.312980788187,1
88698,0.260313996645,1
88699,0.183988068189,1
88700,0.0853354283462,1
88701,-0.0339217388409,1
88702,-0.171701555073,1
88703,-0.325598791246,1
88704,-0.492926855651,1
88705,-0.670764693947,1
88706,-0.856007782143,1
88707,-1.04542232244,1
88708,-1.23570169577,1
88709,-1.42352418567,1
88710,-1.60561096558,1
88711,-1.77878333752,1
88712,-1.9400182228,1
88713,-2.08650093598,1
88714,-2.21567432107,1
88715,-2.32528339186,1
88716,-2.41341469734,1
88717,-2.47852972493,1
88718,-2.51949175836,1
88719,-2.53558572136,1
88720,-2.52653066084,1
88721,-2.49248465142,1
88722,-2.434042036,1
88723,-2.35222305021,1
88724,-2.24845601216,1
88725,-2.12455238819,1
88726,-1.98267517003,1
88727,-1.82530111533,1
88728,-1.65517751081,1
88729,-1.47527421267,1
88730,-1.28873180175,1
88731,-1.09880675819,1
88732,-0.908814612925,1
88733,-0.722072068285,1
88734,-0.54183909816,1
88735,-0.371262038474,1
88736,-0.213318661444,1
88737,-0.0707661924572,1
88738,0.0539068229435,1
88739,0.158523961727,1
88740,0.241258917298,1
88741,0.300667381423,1
88742,0.335712257586,1
88743,0.345781765643,1
88744,0.33070012169,1
88745,0.290730606736,1
88746,0.226570970592,1
88747,0.139341251217,1
88748,0.0305642221608,1
88749,-0.0978611905694,1
88750,-0.243693058156,1
88751,-0.404385586432,1
88752,-0.577133557938,1
88753,-0.758921302745,1
88754,-0.946575343147,1
88755,-1.13681979323,1
88756,-1.32633354616,1
88757,-1.51180825093,1
88758,-1.6900060664,1
88759,-1.85781618443,1
88760,-2.01230913544,1
88761,-2.15078792831,1
88762,-2.27083513187,1
88763,-2.3703550761,1
88764,-2.44761043639,1
88765,-2.50125256207,1
88766,-2.5303450199,1
88767,-2.53437994137,1
88768,-2.51328688868,1
88769,-2.46743408428,1
88770,-2.39762198288,1
88771,-2.30506929778,1
88772,-2.19139172582,1
88773,-2.05857374204,1
88774,-1.90893395657,1
88775,-1.7450846386,1
88776,-1.56988611381,1
88777,-1.38639683158,1
88778,-1.19781997343,1
88779,-1.00744753494,1
88780,-0.818602857261,1
88781,-0.634582611308,1
88782,-0.458599247672,1
88783,-0.293724916685,1
88784,-0.332429201712,0
88785,-0.286054504823,0
88786,-0.712398733111,0
88787,-0.754987794082,0
88788,-0.43880723837,0
88789,-0.461119334192,0
88790,-0.773933400926,0
88791,-0.748388900555,0
88792,-0.984940020379,0
88793,-0.965742711984,0
88794,-0.714575359752,0
88795,-0.714085256083,0
88796,-0.887958401558,0
88797,-0.806478226715,0
88798,-1.180029553,0
88799,-0.887313653789,0
88800,-1.34938045819,0
88801,-1.28365816365,0
88802,-1.06939716739,0
88803,-1.26690994893,0
88804,-1.44407537775,0
88805,-1.59472530184,0
88806,-1.31876144513,0
88807,-1.68579291497,0
88808,-1.61454503514,0
88809,-1.57285757971,0
88810,-1.43119162815,0
88811,-1.68667262754,0
88812,-1.60030880326,0
88813,-1.82022652535,0
88814,-1.92533668068,0
88815,-1.64944018912,0
88816,-1.89756675473,0
88817,-2.1114259432,0
88818,-2.10704015706,0
88819,-1.94110298099,0
88820,-1.82890437816,0
88821,-2.19546584063,0
88822,-2.09639317172,0
88823,-2.32633669277,0
88824,-2.35844928992,0
88825,-2.0084614527,0
88826,-2.07204013667,0
88827,-2.0312600318,0
88828,-2.10313908099,0
88829,-2.13902761364,0
88830,-2.33015147795,0
88831,-2.44748657008,0
88832,-2.4566477799,0
88833,-2.24207391222,0
88834,-2.62197679996,0
88835,-2.64317436306,0
88836,-2.24824090932,0
88837,-2.54031141887,0
88838,-2.59629865256,0
88839,-2.70286673313,0
88840,-2.72833231043,0
88841,-2.32471574217,0
88842,-2.69671406715,0
88843,-2.7399166252,0
88844,-2.45662548763,0
88845,-2.4368815095,0
88846,-2.54748183018,0
88847,-2.4193445827,0
88848,-2.62117108974,0
88849,-2.75902566725,0
88850,-2.62977592156,0
88851,-2.37739524936,0
88852,-2.79349057343,0
88853,-2.64801129148,0
88854,-2.76496056786,0
88855,-2.50577982474,0
88856,-2.76749951513,0
88857,-2.37623268693,0
88858,-2.49375404309,0
88859,-2.64629654797,0
88860,-2.72381808507,0
88861,-2.40680265904,0
88862,-2.28910572571,0
88863,-2.27717453561,0
88864,-2.30095953702,0
88865,-2.32620230905,0
88866,-2.46880302569,0
88867,-2.29762057038,0
88868,-2.17482367129,0
88869,-2.38555314894,0
88870,-2.48474221403,0
88871,-2.16773150872,0
88872,-2.14248634388,0
88873,-2.14262758121,0
88874,-2.29793622282,0
88875,-2.36319313653,0
88876,-2.1430023729,0
88877,-2.11656887814,0
88878,-1.98837009994,0
88879,-2.1240329797,0
88880,-2.19566671335,0
88881,-2.16716678455,0
88882,-1.75730905603,0
88883,-1.70084087415,0
88884,-2.04623925506,0
88885,-1.5963112599,0
88886,-1.65561149471,0
88887,-1.52004737537,0
88888,-1.56295147141,0
88889,-1.43892045167,0
88890,-1.41933733148,0
88891,-1.7641541072,0
88892,-1.54516082785,0
88893,-1.45243289382,0
88894,-1.61501235912,0
88895,-1.49261685302,0
88896,-1.55028117628,0
88897,-1.19865223516,0
88898,-1.06561844176,0
88899,-1.19582623938,0
88900,-1.31395801982,0
88901,-1.08114840607,0
88902,-1.06002077307,0
88903,-1.17691405412,0
88904,-1.17169091459,0
88905,-0.818436488454,0
88906,-0.70593999882,0
88907,-0.990392530897,0
88908,-0.614618006784,0
88909,-0.98314456736,0
88910,-0.528361421248,0
88911,-0.776548522021,0
88912,-0.645336924672,0
88913,-0.750033249852,0
88914,-0.568166587595,0
88915,-0.448080374277,0
88916,-0.341065737652,0
88917,-0.616645748314,0
88918,-0.24442510087,0
88919,-0.474205981013,0
88920,-0.455774055877,0
88921,-0.476430843905,0
88922,-0.202465243238,0
88923,-0.396812163548,0
88924,-0.36690600309,0
88925,-0.348136255285,0
88926,-0.284482932652,0
88927,-0.164475844315,0
88928,0.106484330851,0
88929,-0.0403203599964,0
88930,-0.16430357857,0
88931,0.178893563655,0
88932,0.161892670594,0
88933,-0.146823920796,0
88934,0.149667372657,0
88935,0.283419444283,0
88936,0.285544806333,0
88937,-0.0143304867009,0
88938,0.333788228421,0
88939,-0.0198946087413,0
88940,0.309697414367,0
88941,0.372392468797,0
88942,0.202998300348,0
88943,0.228693105737,0
88944,0.00476981386602,0
88945,0.0902584876002,0
88946,0.415650208382,0
88947,0.353874096354,0
88948,0.277187650407,0
88949,0.0139188760174,0
88950,0.0313584905565,0
88951,0.269806879848,0
88952,0.405818305806,0
88953,0.332528903973,0
88954,0.197351180084,0
88955,0.163605134258,0
88956,0.237078053168,0
88957,0.204376837515,0
88958,0.120429767699,0
88959,-0.0593058036545,0
88960,0.182459237229,0
88961,-0.0859313290947,0
88962,0.0812833670281,0
88963,-0.118855003131,0
88964,0.182525988276,0
88965,-0.110183558408,0
88966,0.0901502310944,0
88967,-0.116916696901,0
88968,-0.115026716682,0
88969,0.0914794617283,0
88970,-0.271301560429,0
88971,-0.163166829584,0
88972,-0.326070117169,0
88973,-0.0255089125634,0
88974,-0.31438030699,0
88975,-0.427643244978,0
88976,-0.167468037144,0
88977,-0.0836861634093,0
88978,-0.38090437033,0
88979,-0.182599096341,0
88980,-0.386623606718,0
88981,-0.231396927261,0
88982,-0.30254069353,0
88983,-0.719351836063,0
88984,-0.424443662758,0
88985,-0.378068965869,0
88986,-0.804413194157,0
88987,-0.847002255127,0
88988,-0.530821699415,0
88989,-0.553133795237,0
88990,-0.865947861971,0
88991,-0.840403361601,0
88992,-1.07695448142,0
88993,-1.05775717303,0
88994,-0.806589820798,0
88995,-0.806099717128,0
88996,-0.979972862604,0
88997,-0.89849268776,0
88998,-1.27204401404,0
88999,-0.979328114835,0
89000,-1.25052716169,0
89001,-1.18480486716,0
89002,-0.970543870893,0
89003,-1.16805665243,0
89004,-1.34522208125,0
89005,-1.49587200534,0
89006,-1.21990814864,0
89007,-1.58693961847,0
89008,-1.51569173864,0
89009,-1.47400428321,0
89010,-1.33233833165,0
89011,-1.58781933104,0
89012,-1.50145550676,0
89013,-1.72137322885,0
89014,-1.82648338418,0
89015,-1.55058689262,0
89016,-1.79871345823,0
89017,-2.01257264671,0
89018,-2.00818686056,0
89019,-1.84224968449,0
89020,-1.73005108166,0
89021,-2.09661254413,0
89022,-1.99753987522,0
89023,-2.22748339627,0
89024,-2.25959599342,0
89025,-1.9096081562,0
89026,-1.97318684017,0
89027,-1.9324067353,0
89028,-2.00428578449,0
89029,-2.04017431714,0
89030,-2.23129818145,0
89031,-2.34863327358,0
89032,-2.3577944834,0
89033,-2.14322061572,0
89034,-2.52312350346,0
89035,-2.54432106657,0
89036,-2.14938761283,0
89037,-2.44145812237,0
89038,-2.49744535606,0
89039,-2.60401343663,0
89040,-2.62947901393,0
89041,-2.22586244568,0
89042,-2.59786077065,0
89043,-2.6410633287,0
89044,-2.35777219113,0
89045,-2.338028213,0
89046,-2.44862853368,0
89047,-2.32049128621,0
89048,-2.52231779324,0
89049,-2.66017237075,0
89050,-2.53092262506,0
89051,-2.27854195286,0
89052,-2.69463727693,0
89053,-2.54915799498,0
89054,-2.66610727136,0
89055,-2.40692652824,0
89056,-2.66864621863,0
89057,-2.27737939043,0
89058,-2.3949007466,0
89059,-2.54744325147,0
89060,-2.62496478857,0
89061,-2.30794936254,0
89062,-2.19025242921,0
89063,-2.17832123912,0
89064,-2.20210624052,0
89065,-2.22734901255,0
89066,-2.36994972919,0
89067,-2.19876727388,0
89068,-2.07597037479,0
89069,-2.28669985244,0
89070,-2.38588891753,0
89071,-2.06887821222,0
89072,-2.04363304739,0
89073,-2.04377428471,0
89074,-2.19908292632,0
89075,-2.26433984003,0
89076,-2.0441490764,0
89077,-2.01771558164,0
89078,-1.88951680344,0
89079,-2.0251796832,0
89080,-2.09681341685,0
89081,-2.06831348805,0
89082,-1.65845575953,0
89083,-1.60198757765,0
89084,-1.94738595856,0
89085,-1.4974579634,0
89086,-1.55675819821,0
89087,-1.42119407887,0
89088,-1.46409817491,0
89089,-1.34006715517,0
89090,-1.32048403499,0
89091,-1.66530081071,0
89092,-1.44630753135,0
89093,-1.35357959732,0
89094,-1.51615906262,0
89095,-1.39376355652,0
89096,-1.45142787978,0
89097,-1.09979893866,0
89098,-0.966765145264,0
89099,-1.09697294288,0
89100,-1.21510472332,0
89101,-0.982295109574,0
89102,-0.961167476567,0
89103,-1.07806075763,0
89104,-1.07283761809,0
89105,-0.719583191955,0
89106,-0.607086702321,0
89107,-0.891539234398,0
89108,-0.515764710285,0
89109,-0.884291270861,0
89110,-0.429508124749,0
89111,-0.677695225522,0
89112,-0.546483628173,0
89113,-0.651179953353,0
89114,-0.469313291096,0
89115,-0.349227077778,0
89116,-0.242212441153,0
89117,-0.517792451815,0
89118,-0.145571804371,0
89119,-0.375352684514,0
89120,-0.356920759378,0
89121,-0.377577547406,0
89122,-0.103611946739,0
89123,-0.297958867049,0
89124,-0.268052706591,0
89125,-0.249282958786,0
89126,-0.185629636153,0
89127,-0.0656225478162,0
89128,0.20533762735,0
89129,0.0585329365026,0
89130,-0.0654502820706,0
89131,0.277746860155,0
89132,0.260745967093,0
89133,-0.0479706242968,0
89134,0.248520669156,0
89135,0.382272740782,0
89136,0.384398102832,0
89137,0.0845228097982,0
89138,0.43264152492,0
89139,0.0789586877578,0
89140,0.408550710866,0
89141,0.471245765296,0
89142,0.301851596847,0
89143,0.327546402236,0
89144,0.103623110365,0
89145,0.189111784099,0
89146,0.514503504881,0
89147,0.452727392853,0
89148,0.376040946906,0
89149,0.112772172516,0
89150,0.130211787056,0
89151,0.368660176347,0
89152,0.504671602305,0
89153,0.431382200472,0
89154,0.296204476583,0
89155,0.262458430757,0
89156,0.335931349667,0
89157,0.303230134014,0
89158,0.219283064198,0
89159,0.0395474928445,0
89160,0.281312533728,0
89161,0.0129219674043,0
89162,0.180136663527,0
89163,-0.0200017066317,0
89164,0.281379284775,0
89165,-0.0113302619094,0
89166,0.189003527593,0
89167,-0.0180634004018,0
89168,-0.0161734201827,0
89169,0.190332758227,0
89170,-0.17244826393,0
89171,-0.064313533085,0
89172,-0.22721682067,0
89173,0.0733443839356,0
89174,-0.215527010491,0
89175,-0.328789948479,0
89176,-0.0686147406449,0
89177,0.0151671330897,0
89178,-0.282051073831,0
89179,-0.0837457998418,0
89180,-0.287770310219,0
89181,-0.132543630762,0
89182,-0.203687397031,0
89183,-0.620498539564,0
89184,-0.325590366259,0
89185,-0.27921566937,0
89186,-0.705559897658,0
89187,-0.748148958628,0
89188,-0.431968402916,0
89189,-0.454280498738,0
89190,-0.767094565472,0
89191,-0.741550065102,0
89192,-0.978101184926,0
89193,-0.95890387653,0
89194,-0.707736524299,0
89195,-0.707246420629,0
89196,-0.881119566105,0
89197,-0.799639391261,0
89198,-1.17319071755,0
89199,-0.880474818336,0
89200,-1.27556553587,0
89201,-1.20984324133,0
89202,-0.995582245068,0
89203,-1.1930950266,0
89204,-1.37026045542,0
89205,-1.52091037951,0
89206,-1.24494652281,0
89207,-1.61197799264,0
89208,-1.54073011281,0
89209,-1.49904265739,0
89210,-1.35737670582,0
89211,-1.61285770522,0
89212,-1.52649388093,0
89213,-1.74641160303,0
89214,-1.85152175835,0
89215,-1.57562526679,0
89216,-1.8237518324,0
89217,-2.03761102088,0
89218,-2.03322523474,0
89219,-1.86728805867,0
89220,-1.75508945583,0
89221,-2.12165091831,0
89222,-2.0225782494,0
89223,-2.25252177044,0
89224,-2.2846343676,0
89225,-1.93464653037,0
89226,-1.99822521435,0
89227,-1.95744510947,0
89228,-2.02932415867,0
89229,-2.06521269132,0
89230,-2.25633655563,0
89231,-2.37367164776,0
89232,-2.38283285758,0
89233,-2.1682589899,0
89234,-2.54816187764,0
89235,-2.56935944074,0
89236,-2.174425987,0
89237,-2.46649649654,0
89238,-2.52248373023,0
89239,-2.62905181081,0
89240,-2.6545173881,0
89241,-2.25090081985,0
89242,-2.62289914483,0
89243,-2.66610170288,0
89244,-2.38281056531,0
89245,-2.36306658718,0
89246,-2.47366690786,0
89247,-2.34552966038,0
89248,-2.54735616741,0
89249,-2.68521074492,0
89250,-2.55596099924,0
89251,-2.30358032703,0
89252,-2.7196756511,0
89253,-2.57419636915,0
89254,-2.69114564553,0
89255,-2.43196490241,0
89256,-2.69368459281,0
89257,-2.3024177646,0
89258,-2.41993912077,0
89259,-2.57248162564,0
89260,-2.65000316275,0
89261,-2.33298773671,0
89262,-2.21529080338,0
89263,-2.20335961329,0
89264,-2.22714461469,0
89265,-2.25238738673,0
89266,-2.39498810337,0
89267,-2.22380564805,0
89268,-2.10100874897,0
89269,-2.31173822661,0
89270,-2.41092729171,0
89271,-2.09391658639,0
89272,-2.06867142156,0
89273,-2.06881265889,0
89274,-2.2241213005,0
89275,-2.2893782142,0
89276,-2.06918745058,0
89277,-2.04275395582,0
89278,-1.91455517762,0
89279,-2.05021805737,0
89280,-2.12185179103,0
89281,-2.09335186222,0
89282,-1.68349413371,0
89283,-1.62702595183,0
89284,-1.97242433274,0
89285,-1.52249633757,0
89286,-1.58179657239,0
89287,-1.44623245304,0
89288,-1.48913654909,0
89289,-1.36510552935,0
89290,-1.34552240916,0
89291,-1.69033918488,0
89292,-1.47134590553,0
89293,-1.3786179715,0
89294,-1.54119743679,0
89295,-1.41880193069,0
89296,-1.47646625395,0
89297,-1.12483731284,0
89298,-0.99180351944,0
89299,-1.12201131705,0
89300,-1.2401430975,0
89301,-1.00733348375,0
89302,-0.986205850742,0
89303,-1.1030991318,0
89304,-1.09787599227,0
89305,-0.744621566131,0
89306,-0.632125076496,0
89307,-0.916577608573,0
89308,-0.54080308446,0
89309,-0.909329645036,0
89310,-0.454546498924,0
89311,-0.702733599697,0
89312,-0.571522002348,0
89313,-0.676218327528,0
89314,-0.494351665271,0
89315,-0.374265451953,0
89316,-0.267250815329,0
89317,-0.54283082599,0
89318,-0.170610178546,0
89319,-0.400391058689,0
89320,-0.381959133553,0
89321,-0.402615921581,0
89322,-0.128650320914,0
89323,-0.322997241224,0
89324,-0.293091080766,0
89325,-0.274321332961,0
89326,-0.210668010329,0
89327,-0.0906609219914,0
89328,0.180299253175,0
89329,0.0334945623274,0
89330,-0.0904886562458,0
89331,0.252708485979,0
89332,0.235707592918,0
89333,-0.073008998472,0
89334,0.223482294981,0
89335,0.357234366607,0
89336,0.359359728657,0
89337,0.059484435623,0
89338,0.407603150745,0
89339,0.0539203135826,0
89340,0.38351233669,0
89341,0.446207391121,0
89342,0.276813222672,0
89343,0.30250802806,0
89344,0.0785847361899,0
89345,0.164073409924,0
89346,0.489465130706,0
89347,0.427689018678,0
89348,0.35100257273,0
89349,0.0877337983413,0
89350,0.10517341288,0
89351,0.343621802172,0
89352,0.47963322813,0
89353,0.406343826297,0
89354,0.271166102408,0
89355,0.237420056582,0
89356,0.310892975492,0
89357,0.278191759838,0
89358,0.194244690023,0
89359,0.0145091186693,0
89360,0.256274159553,0
89361,-0.0121164067708,0
89362,0.155098289352,0
89363,-0.0450400808068,0
89364,0.2563409106,0
89365,-0.0363686360845,0
89366,0.163965153418,0
89367,-0.0431017745769,0
89368,-0.0412117943578,0
89369,0.165294384052,0
89370,-0.197486638105,0
89371,-0.0893519072602,0
89372,-0.252255194845,0
89373,0.0483060097604,0
89374,-0.240565384666,0
89375,-0.353828322654,0
89376,-0.09365311482,0
89377,-0.00987124108542,0
89378,-0.307089448006,0
89379,-0.108784174017,0
89380,-0.312808684395,0
89381,-0.157582004937,0
89382,-0.228725771206,0
89383,-0.645536913739,0
89384,-0.350628740434,0
89385,-0.304254043545,0
89386,-0.730598271833,0
89387,-0.773187332803,0
89388,-0.457006777091,0
89389,-0.479318872914,0
89390,-0.792132939647,0
89391,-0.766588439277,0
89392,-1.0031395591,0
89393,-0.983942250705,0
89394,-0.732774898474,0
89395,-0.732284794804,0
89396,-0.90615794028,0
89397,-0.824677765436,0
89398,-1.19822909172,0
89399,-0.905513192511,0
89400,-1.3334652461,0
89401,-1.26774295156,0
89402,-1.0534819553,0
89403,-1.25099473684,0
89404,-1.42816016566,0
89405,-1.57881008975,0
89406,-1.30284623304,0
89407,-1.66987770288,0
89408,-1.59862982304,0
89409,-1.55694236762,0
89410,-1.41527641606,0
89411,-1.67075741545,0
89412,-1.58439359117,0
89413,-1.80431131326,0
89414,-1.90942146859,0
89415,-1.63352497702,0
89416,-1.88165154264,0
89417,-2.09551073111,0
89418,-2.09112494497,0
89419,-1.9251877689,0
89420,-1.81298916606,0
89421,-2.17955062854,0
89422,-2.08047795963,0
89423,-2.31042148068,0
89424,-2.34253407783,0
89425,-1.9925462406,0
89426,-2.05612492458,0
89427,-2.0153448197,0
89428,-2.0872238689,0
89429,-2.12311240155,0
89430,-2.31423626586,0
89431,-2.43157135799,0
89432,-2.44073256781,0
89433,-2.22615870013,0
89434,-2.60606158787,0
89435,-2.62725915097,0
89436,-2.23232569723,0
89437,-2.52439620678,0
89438,-2.58038344046,0
89439,-2.68695152104,0
89440,-2.71241709834,0
89441,-2.30880053008,0
89442,-2.68079885506,0
89443,-2.72400141311,0
89444,-2.44071027554,0
89445,-2.42096629741,0
89446,-2.53156661809,0
89447,-2.40342937061,0
89448,-2.60525587764,0
89449,-2.74311045516,0
89450,-2.61386070947,0
89451,-2.36148003726,0
89452,-2.77757536133,0
89453,-2.63209607939,0
89454,-2.74904535577,0
89455,-2.48986461265,0
89456,-2.75158430304,0
89457,-2.36031747483,0
89458,-2.477838831,0
89459,-2.63038133587,0
89460,-2.70790287298,0
89461,-2.39088744695,0
89462,-2.27319051362,0
89463,-2.26125932352,0
89464,-2.28504432493,0
89465,-2.31028709696,0
89466,-2.4528878136,0
89467,-2.28170535829,0
89468,-2.1589084592,0
89469,-2.36963793684,0
89470,-2.46882700194,0
89471,-2.15181629663,0
89472,-2.12657113179,0
89473,-2.12671236912,0
89474,-2.28202101073,0
89475,-2.34727792444,0
89476,-2.12708716081,0
89477,-2.10065366605,0
89478,-1.97245488785,0
89479,-2.1081177676,0
89480,-2.17975150126,0
89481,-2.15125157246,0
89482,-1.74139384394,0
89483,-1.68492566206,0
89484,-2.03032404297,0
89485,-1.58039604781,0
89486,-1.63969628262,0
89487,-1.50413216328,0
89488,-1.54703625932,0
89489,-1.42300523958,0
89490,-1.40342211939,0
89491,-1.74823889511,0
89492,-1.52924561576,0
89493,-1.43651768173,0
89494,-1.59909714703,0
89495,-1.47670164092,0
89496,-1.53436596419,0
89497,-1.18273702307,0
89498,-1.04970322967,0
89499,-1.17991102729,0
89500,-1.29804280773,0
89501,-1.06523319398,0
89502,-1.04410556097,0
89503,-1.16099884203,0
89504,-1.1557757025,0
89505,-0.802521276363,0
89506,-0.690024786729,0
89507,-0.974477318806,0
89508,-0.598702794693,0
89509,-0.967229355269,0
89510,-0.512446209157,0
89511,-0.760633309929,0
89512,-0.62942171258,0
89513,-0.734118037761,0
89514,-0.552251375504,0
89515,-0.432165162186,0
89516,-0.325150525561,0
89517,-0.600730536223,0
89518,-0.228509888779,0
89519,-0.458290768922,0
89520,-0.439858843786,0
89521,-0.460515631814,0
89522,-0.186550031147,0
89523,-0.380896951457,0
89524,-0.350990790998,0
89525,-0.332221043193,0
89526,-0.268567720561,0
89527,-0.148560632224,0
89528,0.122399542943,0
89529,-0.0244051479053,0
89530,-0.148388366478,0
89531,0.194808775747,0
89532,0.177807882686,0
89533,-0.130908708705,0
89534,0.165582584748,0
89535,0.299334656374,0
89536,0.301460018424,0
89537,0.00158472539026,0
89538,0.349703440512,0
89539,-0.00397939665013,0
89540,0.325612626458,0
89541,0.388307680888,0
89542,0.218913512439,0
89543,0.244608317828,0
89544,0.0206850259571,0
89545,0.106173699691,0
89546,0.431565420473,0
89547,0.369789308446,0
89548,0.293102862498,0
89549,0.0298340881086,0
89550,0.0472737026476,0
89551,0.285722091939,0
89552,0.421733517898,0
89553,0.348444116064,0
89554,0.213266392175,0
89555,0.179520346349,0
89556,0.252993265259,0
89557,0.220292049606,0
89558,0.13634497979,0
89559,-0.0433905915634,0
89560,0.19837444932,0
89561,-0.0700161170036,0
89562,0.0971985791193,0
89563,-0.10293979104,0
89564,0.198441200367,0
89565,-0.0942683463173,0
89566,0.106065443186,0
89567,-0.10100148481,0
89568,-0.0991115045906,0
89569,0.107394673819,0
89570,-0.255386348338,0
89571,-0.147251617493,0
89572,-0.310154905078,0
89573,-0.0095937004723,0
89574,-0.298465094899,0
89575,-0.411728032887,0
89576,-0.151552825053,0
89577,-0.0677709513182,0
89578,-0.364989158239,0
89579,-0.16668388425,0
89580,-0.370708394627,0
89581,-0.21548171517,0
89582,-0.286625481439,0
89583,-0.703436623972,0
89584,-0.408528450667,0
89585,-0.362153753777,0
89586,-0.788497982066,0
89587,-0.831087043036,0
89588,-0.514906487324,0
89589,-0.537218583146,0
89590,-0.85003264988,0
89591,-0.82448814951,0
89592,-1.06103926933,0
89593,-1.04184196094,0
89594,-0.790674608707,0
89595,-0.790184505037,0
89596,-0.964057650513,0
89597,-0.882577475669,0
89598,-1.25612880195,0
89599,-0.963412902744,0
89600,-1.33620001866,0
89601,-1.27047772412,0
89602,-1.05621672786,0
89603,-1.25372950939,0
89604,-1.43089493821,0
89605,-1.5815448623,0
89606,-1.3055810056,0
89607,-1.67261247543,0
89608,-1.6013645956,0
89609,-1.55967714018,0
89610,-1.41801118861,0
89611,-1.67349218801,0
89612,-1.58712836372,0
89613,-1.80704608582,0
89614,-1.91215624114,0
89615,-1.63625974958,0
89616,-1.8843863152,0
89617,-2.09824550367,0
89618,-2.09385971753,0
89619,-1.92792254146,0
89620,-1.81572393862,0
89621,-2.1822854011,0
89622,-2.08321273219,0
89623,-2.31315625323,0
89624,-2.34526885039,0
89625,-1.99528101316,0
89626,-2.05885969714,0
89627,-2.01807959226,0
89628,-2.08995864146,0
89629,-2.12584717411,0
89630,-2.31697103842,0
89631,-2.43430613055,0
89632,-2.44346734037,0
89633,-2.22889347269,0
89634,-2.60879636043,0
89635,-2.62999392353,0
89636,-2.23506046979,0
89637,-2.52713097933,0
89638,-2.58311821302,0
89639,-2.6896862936,0
89640,-2.71515187089,0
89641,-2.31153530264,0
89642,-2.68353362762,0
89643,-2.72673618567,0
89644,-2.4434450481,0
89645,-2.42370106997,0
89646,-2.53430139065,0
89647,-2.40616414317,0
89648,-2.6079906502,0
89649,-2.74584522771,0
89650,-2.61659548203,0
89651,-2.36421480982,0
89652,-2.78031013389,0
89653,-2.63483085194,0
89654,-2.75178012832,0
89655,-2.4925993852,0
89656,-2.7543190756,0
89657,-2.36305224739,0
89658,-2.48057360356,0
89659,-2.63311610843,0
89660,-2.71063764554,0
89661,-2.3936222195,0
89662,-2.27592528618,0
89663,-2.26399409608,0
89664,-2.28777909748,0
89665,-2.31302186952,0
89666,-2.45562258616,0
89667,-2.28444013084,0
89668,-2.16164323176,0
89669,-2.3723727094,0
89670,-2.4715617745,0
89671,-2.15455106918,0
89672,-2.12930590435,0
89673,-2.12944714168,0
89674,-2.28475578329,0
89675,-2.35001269699,0
89676,-2.12982193337,0
89677,-2.10338843861,0
89678,-1.97518966041,0
89679,-2.11085254016,0
89680,-2.18248627382,0
89681,-2.15398634501,0
89682,-1.7441286165,0
89683,-1.68766043462,0
89684,-2.03305881553,0
89685,-1.58313082037,0
89686,-1.64243105518,0
89687,-1.50686693583,0
89688,-1.54977103188,0
89689,-1.42574001214,0
89690,-1.40615689195,0
89691,-1.75097366767,0
89692,-1.53198038832,0
89693,-1.43925245429,0
89694,-1.60183191958,0
89695,-1.47943641348,0
89696,-1.53710073674,0
89697,-1.18547179563,0
89698,-1.05243800223,0
89699,-1.18264579984,0
89700,-1.30077758029,0
89701,-1.06796796654,0
89702,-1.04684033353,0
89703,-1.16373361459,0
89704,-1.15851047506,0
89705,-0.805256048921,0
89706,-0.692759559287,0
89707,-0.977212091364,0
89708,-0.601437567251,0
89709,-0.969964127827,0
89710,-0.515180981714,0
89711,-0.763368082487,0
89712,-0.632156485138,0
89713,0.233063254696,1
89714,0.230917039158,1
89715,0.211503648986,1
89716,0.175061719516,1
89717,0.122039206104,1
89718,0.0530878777197,1
89719,-0.0309446947946,1
89720,-0.129025557327,1
89721,-0.239949069883,1
89722,-0.362351726681,1
89723,-0.494728916785,1
89724,-0.635453419239,1
89725,-0.78279540537,1
89726,-0.934943702368,1
89727,-1.09002805678,1
89728,-1.24614212423,1
89729,-1.4013669028,1
89730,-1.55379432199,1
89731,-1.70155069728,1
89732,-1.84281976206,1
89733,-1.97586499374,1
89734,-2.09905095959,1
89735,-2.21086341999,1
89736,-2.30992794195,1
89737,-2.39502679403,1
89738,-2.46511391508,1
89739,-2.51932777275,1
89740,-2.5570019537,1
89741,-2.57767335536,1
89742,-2.58108787853,1
89743,-2.56720355086,1
89744,-2.53619104273,1
89745,-2.48843156941,1
89746,-2.42451220497,1
89747,-2.34521866579,1
89748,-2.25152565235,1
89749,-2.14458486785,1
89750,-2.02571086117,1
89751,-1.89636486799,1
89752,-1.75813684887,1
89753,-1.61272594494,1
89754,-1.46191959156,1
89755,-1.3075715466,1
89756,-1.1515791035,1
89757,-0.99585976912,1
89758,-0.842327693209,1
89759,-0.692870139054,1
89760,-0.549324284675,1
89761,-0.413454639666,1
89762,-0.286931355309,1
89763,-0.171309694556,1
89764,-0.0680109142647,1
89765,0.0216952053283,1
89766,0.0967059691324,1
89767,0.156099321871,1
89768,0.199145182265,1
89769,0.225314417418,1
89770,0.23428534708,1
89771,0.225947697835,1
89772,0.200403958621,1
89773,0.157968120902,1
89774,0.0991618189886,1
89775,0.0247079179514,1
89776,-0.0644783720609,1
89777,-0.167300745862,1
89778,-0.28249527935,1
89779,-0.408645966045,1
89780,-0.544202123081,1
89781,-0.687497452666,1
89782,-0.836770524733,1
89783,-0.990186428973,1
89784,-1.14585933011,1
89785,-1.30187564919,1
89786,-1.45631758583,1
89787,-1.60728669246,1
89788,-1.7529272106,1
89789,-1.8914488824,1
89790,-2.02114895706,1
89791,-2.14043312155,1
89792,-2.24783509838,1
89793,-2.34203466958,1
89794,-2.42187390517,1
89795,-2.48637139682,1
89796,-2.53473432162,1
89797,-2.56636818768,1
89798,-2.58088414183,1
89799,-2.57810374953,1
89800,-2.43334097991,1
89801,-2.39628261886,1
89802,-2.34266399081,1
89803,-2.27314419235,1
89804,-2.18857778214,1
89805,-2.09000427637,1
89806,-1.97863537077,1
89807,-1.85584004603,1
89808,-1.72312773987,1
89809,-1.58212979261,1
89810,-1.43457939418,1
89811,-1.28229027926,1
89812,-1.12713443228,1
89813,-0.971019076419,1
89814,-0.815863229439,1
89815,-0.663574114518,1
89816,-0.516023716087,1
89817,-0.375025768822,1
89818,-0.242313462667,1
89819,-0.119518137924,1
89820,-0.00814923232586,1
89821,0.0904242734394,1
89822,0.174990683655,1
89823,0.244510482114,1
89824,0.298129110164,1
89825,0.335187471213,1
89826,0.355230032539,1
89827,0.358010424842,1
89828,0.343494470687,1
89829,0.311860604628,1
89830,0.263497679833,1
89831,0.199000188182,1
89832,0.119160952592,1
89833,0.0249613813933,1
89834,-0.0824405954409,1
89835,-0.201724759925,1
89836,-0.331424834584,1
89837,-0.469946506385,1
89838,-0.615587024525,1
89839,-0.766556131159,1
89840,-0.9209980678,1
89841,-1.07701438687,1
89842,-1.23268728802,1
89843,-1.38610319226,1
89844,-1.53537626432,1
89845,-1.67867159391,1
89846,-1.81422775094,1
89847,-1.94037843764,1
89848,-2.05557297113,1
89849,-2.15839534493,1
89850,-2.24758163494,1
89851,-2.32203553598,1
89852,-2.38084183789,1
89853,-2.42327767561,1
89854,-2.44882141482,1
89855,-2.45715906407,1
89856,-2.44818813441,1
89857,-2.42201889925,1
89858,-2.37897303886,1
89859,-2.31957968612,1
89860,-2.24456892232,1
89861,-2.15486280272,1
89862,-2.05156402243,1
89863,-1.93594236168,1
89864,-1.80941907732,1
89865,-1.67354943231,1
89866,-1.53000357793,1
89867,-1.38054602378,1
89868,-1.22701394787,1
89869,-1.07129461349,1
89870,-0.915302170385,1
89871,-0.760954125427,1
89872,-0.610147772047,1
89873,-0.464736868118,1
89874,-0.326508848995,1
89875,-0.197162855816,1
89876,-0.0782888491337,1
89877,0.028651935362,1
89878,0.122344948803,1
89879,0.201638487978,1
89880,0.265557852426,1
89881,0.313317325745,1
89882,0.344329833867,1
89883,0.358214161544,1
89884,0.35479963837,1
89885,0.334128236709,1
89886,0.296454055761,1
89887,0.242240198092,1
89888,0.172153077042,1
89889,0.0870542249634,1
89890,-0.0120102969965,1
89891,-0.1238227574,1
89892,-0.247008723248,1
89893,-0.380053954927,1
89894,-0.521323019712,1
89895,-0.669079395002,1
89896,-0.821506814188,1
89897,-0.97673159276,1
89898,-1.13284566021,1
89899,-1.28793001462,1
89900,-1.44007831162,1
89901,-1.58742029775,1
89902,-1.7281448002,1
89903,-1.86052199031,1
89904,-1.98292464711,1
89905,-2.09384815966,1
89906,-2.19192902219,1
89907,-2.27596159471,1
89908,-2.34491292309,1
89909,-2.3979354365,1
89910,-2.43437736597,1
89911,-2.45379075615,1
89912,-2.45593697168,1
89913,-0.612132602026,0
89914,-0.43026593977,0
89915,-0.310179726451,0
89916,-0.203165089827,0
89917,-0.478745100489,0
89918,-0.106524453044,0
89919,-0.336305333187,0
89920,-0.317873408051,0
89921,-0.33853019608,0
89922,-0.0645645954129,0
89923,-0.258911515723,0
89924,-0.229005355264,0
89925,-0.210235607459,0
89926,-0.146582284827,0
89927,-0.0265751964899,0
89928,0.244384978677,0
89929,0.097580287829,0
89930,-0.0264029307442,0
89931,0.316794211481,0
89932,0.29979331842,0
89933,-0.00892327297047,0
89934,0.287568020482,0
89935,0.421320092108,0
89936,0.423445454158,0
89937,0.123570161125,0
89938,0.471688876246,0
89939,0.118006039084,0
89940,0.447598062192,0
89941,0.510293116622,0
89942,0.340898948173,0
89943,0.366593753562,0
89944,0.142670461691,0
89945,0.228159135426,0
89946,0.553550856208,0
89947,0.49177474418,0
89948,0.415088298232,0
89949,0.151819523843,0
89950,0.169259138382,0
89951,0.407707527674,0
89952,0.543718953632,0
89953,0.470429551798,0
89954,0.33525182791,0
89955,0.301505782083,0
89956,0.374978700993,0
89957,0.34227748534,0
89958,0.258330415524,0
89959,0.0785948441708,0
89960,0.320359885054,0
89961,0.0519693187307,0
89962,0.219184014854,0
89963,0.0190456446947,0
89964,0.320426636101,0
89965,0.027717089417,0
89966,0.22805087892,0
89967,0.0209839509246,0
89968,0.0228739311437,0
89969,0.229380109554,0
89970,-0.133400912604,0
89971,-0.0252661817586,0
89972,-0.188169469343,0
89973,-1.39626404003,1
89974,-1.30369493441,1
89975,-1.21003087365,1
89976,-1.11567464888,1
89977,-1.0210320278,1
89978,-0.926510009724,1
89979,-0.832515075329,1
89980,-0.739451438629,1
89981,-0.647719308704,1
89982,-0.557713168647,1
89983,-0.469820079139,1
89984,-0.384418013937,1
89985,-0.301874234447,1
89986,-0.222543710356,1
89987,-0.14676759313,1
89988,-0.0748717489303,1
89989,-0.00716535726905,1
89990,0.0560604185849,1
89991,0.114533683717,1
89992,0.168002980817,1
89993,0.216238371545,1
89994,0.259032425352,1
89995,0.296201111508,1
89996,0.327584590507,1
89997,0.353047901437,1
89998,0.372481542365,1
89999,0.385801941233,1
90000,0.52749152716,1
90001,0.528440129151,1
90002,0.523183379762,1
90003,0.51174388502,1
90004,0.494170839106,1
90005,0.470539812812,1
90006,0.44095242855,1
90007,0.40553592334,1
90008,0.364442601643,1
90009,0.317849180392,1
90010,0.265956029042,1
90011,0.208986307908,1
90012,0.147185008487,1
90013,0.0808178999018,1
90014,0.0101703859954,1
90015,-0.0644537220174,1
90016,-0.142733512052,1
90017,-0.2243323512,1
90018,-0.308899333377,1
90019,-0.396070788353,1
90020,-0.485471845674,1
90021,-0.576718046744,1
90022,-0.669416998151,1
90023,-0.7631700591,1
90024,-0.857574055723,1
90025,-0.952223014883,1
90026,-1.04670991001,1
90027,-1.14062841147,1
90028,-1.23357463394,1
90029,-1.32514887326,1
90030,-1.41495732533,1
90031,-1.50261377961,1
90032,-1.58774127996,1
90033,-1.6699737457,1
90034,-1.74895754592,1
90035,-1.82435302019,1
90036,-1.89583593927,1
90037,-1.96309889937,1
90038,-2.02585264416,1
90039,-2.08382730863,1
90040,-2.13677357964,1
90041,-2.18446376807,1
90042,-2.22669278794,1
90043,-2.26327903839,1
90044,-2.2940651846,1
90045,-2.31891883442,1
90046,-2.3377331077,1
90047,-2.35042709588,1
90048,-2.35694621,1
90049,-2.35726241537,1
90050,-2.35137435219,1
90051,-2.33930734137,1
90052,-2.32111327567,1
90053,-2.29687039648,1
90054,-2.26668295742,1
90055,-2.23068077598,1
90056,-2.18901867525,1
90057,-2.14187581812,1
90058,-2.08945493685,1
90059,-2.03198146117,1
90060,-1.96970254892,1
90061,-1.90288602316,1
90062,-1.83181922037,1
90063,-1.75680775488,1
90064,-1.67817420456,1
90065,-1.59625672362,1
90066,-1.51140758842,1
90067,-1.42399168257,1
90068,-1.33438492774,1
90069,-1.24297266711,1
90070,-1.15014800822,1
90071,-1.05631013244,1
90072,-0.961862578384,1
90073,-0.867211506499,1
90074,-0.772763952442,1
90075,-0.678926076665,1
90076,-0.586101417771,1
90077,-0.494689157143,1
90078,-0.405082402317,1
90079,-0.317666496462,1
90080,-0.232817361267,1
90081,-0.150899880326,1
90082,-0.0722663300045,1
90083,0.00274513548468,1
90084,0.0738119382725,1
90085,0.140628464042,1
90086,0.202907376286,1
90087,0.260380851964,1
90088,0.312801733242,1
90089,0.359944590366,1
90090,0.401606691098,1
90091,0.437608872538,1
90092,0.467796311595,1
90093,0.492039190783,1
90094,0.51023325649,1
90095,0.522300267305,1
90096,0.528188330485,1
90097,0.527872125116,1
90098,0.521353011001,1
90099,0.508659022815,1
90100,0.48984474954,1
90101,0.464991099718,1
90102,0.434204953507,1
90103,0.39761870306,1
90104,0.355389683189,1
90105,0.30769949476,1
90106,0.254753223747,1
90107,0.196778559279,1
90108,0.134024814491,1
90109,0.0667618543865,1
90110,-0.00472106469104,1
90111,-0.0801165389658,1
90112,-0.159100339185,1
90113,-0.241332804927,1
90114,-0.326460305273,1
90115,-0.414116759551,1
90116,-0.503925211624,1
90117,-0.595499450947,1
90118,-0.688445673415,1
90119,-0.782364174874,1
90120,-0.87685107,1
90121,-0.97150002916,1
90122,-1.06590402578,1
90123,-1.15965708673,1
90124,-1.25235603814,1
90125,-1.34360223921,1
90126,-1.43300329653,1
90127,-1.52017475151,1
90128,-1.60474173368,1
90129,-1.68634057283,1
90130,-1.76462036287,1
90131,-1.83924447088,1
90132,-1.90989198478,1
90133,-1.97625909337,1
90134,-2.03806039279,1
90135,-2.09503011392,1
90136,-2.14692326527,1
90137,-2.19351668653,1
90138,-2.23461000822,1
90139,-2.27002651343,1
90140,-2.29961389769,1
90141,-2.32324492399,1
90142,-2.3408179699,1
90143,-2.35225746465,1
90144,-2.35751421403,1
90145,-2.35656561204,1
90146,-2.34941573802,1
90147,-2.33609533915,1
90148,-2.31666169823,1
90149,-2.2911983873,1
90150,-2.2598149083,1
90151,-2.22264622214,1
90152,-2.17985216833,1
90153,-2.13161677761,1
90154,-2.07814748051,1
90155,-2.01967421537,1
90156,-1.95644843952,1
90157,-1.88874204786,1
90158,-1.81684620366,1
90159,-1.74107008643,1
90160,-1.66173956234,1
90161,-1.57919578285,1
90162,-1.49379371765,1
90163,-1.40590062814,1
90164,-1.31589448809,1
90165,-1.22416235816,1
90166,-1.13109872146,1
90167,-1.03710378707,1
90168,-0.94258176899,1
90169,-0.847939147911,1
90170,-0.753582923141,1
90171,-0.659918862381,1
90172,-0.567349756764,1
90173,0.246931447169,0
90174,-0.041939947258,0
90175,-0.155202885246,0
90176,0.104972322588,0
90177,0.188754196323,0
90178,-0.108464010598,0
90179,0.0898412633914,0
90180,-0.114183246986,0
90181,0.0410434324713,0
90182,-0.0301003337977,0
90183,-0.446911476331,0
90184,-0.152003303026,0
90185,-0.105628606136,0
90186,-0.531972834424,0
90187,-0.574561895395,0
90188,-0.258381339683,0
90189,-0.280693435505,0
90190,-0.593507502239,0
90191,-0.567963001869,0
90192,-0.804514121692,0
90193,-0.785316813297,0
90194,-0.534149461066,0
90195,-0.533659357396,0
90196,-0.707532502872,0
90197,-0.626052328028,0
90198,-0.999603654312,0
90199,-0.706887755103,0
90200,-1.26759677748,0
90201,-1.20187448294,0
90202,-0.987613486678,0
90203,-1.18512626821,0
90204,-1.36229169703,0
90205,-1.51294162112,0
90206,-1.23697776442,0
90207,-1.60400923425,0
90208,-1.53276135442,0
90209,-1.491073899,0
90210,-1.34940794743,0
90211,-1.60488894683,0
90212,-1.51852512254,0
90213,-1.73844284464,0
90214,-1.84355299996,0
90215,-1.5676565084,0
90216,-1.81578307401,0
90217,-2.02964226249,0
90218,-2.02525647635,0
90219,-1.85931930028,0
90220,-1.74712069744,0
90221,-2.11368215992,0
90222,-2.01460949101,0
90223,-2.24455301205,0
90224,-2.27666560921,0
90225,-1.92667777198,0
90226,-1.99025645596,0
90227,-1.94947635108,0
90228,-2.02135540028,0
90229,-2.05724393293,0
90230,-2.24836779724,0
90231,-2.36570288936,0
90232,-2.37486409919,0
90233,-2.16029023151,0
90234,-2.54019311925,0
90235,-2.56139068235,0
90236,-2.16645722861,0
90237,-2.45852773815,0
90238,-2.51451497184,0
90239,-2.62108305242,0
90240,-2.64654862971,0
90241,-2.24293206146,0
90242,-2.61493038644,0
90243,-2.65813294449,0
90244,-2.37484180692,0
90245,-2.35509782879,0
90246,-2.46569814946,0
90247,-2.33756090199,0
90248,-2.53938740902,0
90249,-2.67724198653,0
90250,-2.54799224085,0
90251,-2.29561156864,0
90252,-2.71170689271,0
90253,-2.56622761076,0
90254,-2.68317688714,0
90255,-2.42399614402,0
90256,-2.68571583442,0
90257,-2.29444900621,0
90258,-2.41197036238,0
90259,-2.56451286725,0
90260,-2.64203440436,0
90261,-2.32501897832,0
90262,-2.20732204499,0
90263,-2.1953908549,0
90264,-2.2191758563,0
90265,-2.24441862834,0
90266,-2.38701934498,0
90267,-2.21583688966,0
90268,-2.09303999058,0
90269,-2.30376946822,0
90270,-2.40295853332,0
90271,-2.085947828,0
90272,-2.06070266317,0
90273,-2.0608439005,0
90274,-2.21615254211,0
90275,-2.28140945581,0
90276,-2.06121869219,0
90277,-2.03478519743,0
90278,-1.90658641923,0
90279,-2.04224929898,0
90280,-2.11388303264,0
90281,-2.08538310383,0
90282,-1.67552537532,0
90283,-1.61905719344,0
90284,-1.96445557434,0
90285,-1.51452757918,0
90286,-1.573827814,0
90287,-1.43826369465,0
90288,-1.4811677907,0
90289,-1.35713677096,0
90290,-1.33755365077,0
90291,-1.68237042649,0
90292,-1.46337714713,0
90293,-1.37064921311,0
90294,-1.5332286784,0
90295,-1.4108331723,0
90296,-1.46849749556,0
90297,-1.11686855445,0
90298,-0.983834761049,0
90299,-1.11404255866,0
90300,-1.23217433911,0
90301,-0.999364725358,0
90302,-0.978237092352,0
90303,-1.09513037341,0
90304,-1.08990723388,0
90305,-0.73665280774,0
90306,-0.624156318106,0
90307,-0.908608850183,0
90308,-0.53283432607,0
90309,-0.901360886646,0
90310,-0.446577740533,0
90311,-0.694764841306,0
90312,-0.563553243957,0
90313,-0.668249569137,0
90314,-0.486382906881,0
90315,-0.366296693562,0
90316,-0.259282056938,0
90317,-0.5348620676,0
90318,-0.162641420155,0
90319,-0.392422300298,0
90320,-0.373990375162,0
90321,-0.394647163191,0
90322,-0.120681562524,0
90323,-0.315028482834,0
90324,-0.285122322375,0
90325,-0.26635257457,0
90326,-0.202699251938,0
90327,-0.082692163601,0
90328,0.188268011566,0
90329,0.0414633207178,0
90330,-0.0825198978554,0
90331,0.26067724437,0
90332,0.243676351309,0
90333,-0.0650402400816,0
90334,0.231451053371,0
90335,0.365203124997,0
90336,0.367328487047,0
90337,0.0674531940134,0
90338,0.415571909135,0
90339,0.061889071973,0
90340,0.391481095081,0
90341,0.454176149511,0
90342,0.284781981062,0
90343,0.310476786451,0
90344,0.0865534945803,0
90345,0.172042168314,0
90346,0.497433889097,0
90347,0.435657777069,0
90348,0.358971331121,0
90349,0.0957025567317,0
90350,0.113142171271,0
90351,0.351590560563,0
90352,0.487601986521,0
90353,0.414312584687,0
90354,0.279134860798,0
90355,0.245388814972,0
90356,0.318861733882,0
90357,0.286160518229,0
90358,0.202213448413,0
90359,0.0224778770597,0
90360,0.264242917943,0
90361,-0.00414764838045,0
90362,0.163067047742,0
90363,-0.0370713224164,0
90364,0.26430966899,0
90365,-0.0283998776942,0
90366,0.171933911809,0
90367,-0.0351330161865,0
90368,-0.0332430359674,0
90369,0.173263142443,0
90370,-0.189517879715,0
90371,-0.0813831488698,0
90372,-0.244286436454,0
90373,0.0562747681508,0
90374,-0.232596626276,0
90375,-0.345859564264,0
90376,-0.0856843564296,0
90377,-0.00190248269503,0
90378,-0.299120689616,0
90379,-0.100815415627,0
90380,-0.304839926004,0
90381,-0.149613246547,0
90382,-0.220757012816,0
90383,-0.637568155349,0
90384,-0.342659982044,0
90385,-0.296285285154,0
90386,-0.722629513442,0
90387,-0.765218574413,0
90388,-0.449038018701,0
90389,-0.471350114523,0
90390,-0.784164181257,0
90391,-0.758619680887,0
90392,-0.99517080071,0
90393,-0.975973492315,0
90394,-0.724806140083,0
90395,-0.724316036414,0
90396,-0.898189181889,0
90397,-0.816709007046,0
90398,-1.19026033333,0
90399,-0.897544434121,0
90400,-1.3538277957,0
90401,-1.28810550116,0
90402,-1.0738445049,0
90403,-1.27135728644,0
90404,-1.44852271526,0
90405,-1.59917263935,0
90406,-1.32320878264,0
90407,-1.69024025248,0
90408,-1.61899237264,0
90409,-1.57730491722,0
90410,-1.43563896566,0
90411,-1.69111996505,0
90412,-1.60475614077,0
90413,-1.82467386286,0
90414,-1.92978401819,0
90415,-1.65388752663,0
90416,-1.90201409224,0
90417,-2.11587328071,0
90418,-2.11148749457,0
90419,-1.9455503185,0
90420,-1.83335171567,0
90421,-2.19991317814,0
90422,-2.10084050923,0
90423,-2.33078403028,0
90424,-2.36289662743,0
90425,-2.01290879021,0
90426,-2.07648747418,0
90427,-2.0357073693,0
90428,-2.1075864185,0
90429,-2.14347495115,0
90430,-2.33459881546,0
90431,-2.45193390759,0
90432,-2.46109511741,0
90433,-2.24652124973,0
90434,-2.62642413747,0
90435,-2.64762170057,0
90436,-2.25268824683,0
90437,-2.54475875638,0
90438,-2.60074599006,0
90439,-2.70731407064,0
90440,-2.73277964794,0
90441,-2.32916307968,0
90442,-2.70116140466,0
90443,-2.74436396271,0
90444,-2.46107282514,0
90445,-2.44132884701,0
90446,-2.55192916769,0
90447,-2.42379192021,0
90448,-2.62561842724,0
90449,-2.76347300476,0
90450,-2.63422325907,0
90451,-2.38184258686,0
90452,-2.79793791094,0
90453,-2.65245862899,0
90454,-2.76940790537,0
90455,-2.51022716225,0
90456,-2.77194685264,0
90457,-2.38068002444,0
90458,-2.4982013806,0
90459,-2.65074388548,0
90460,-2.72826542258,0
90461,-2.41124999655,0
90462,-2.29355306322,0
90463,-2.28162187312,0
90464,-2.30540687453,0
90465,-2.33064964656,0
90466,-2.4732503632,0
90467,-2.30206790789,0
90468,-2.1792710088,0
90469,-2.39000048645,0
90470,-2.48918955154,0
90471,-2.17217884623,0
90472,-2.14693368139,0
90473,-2.14707491872,0
90474,-2.30238356033,0
90475,-2.36764047404,0
90476,-2.14744971041,0
90477,-2.12101621565,0
90478,-1.99281743745,0
90479,-2.12848031721,0
90480,-2.20011405086,0
90481,-2.17161412206,0
90482,-1.76175639354,0
90483,-1.70528821166,0
90484,-2.05068659257,0
90485,-1.60075859741,0
90486,-1.66005883222,0
90487,-1.52449471288,0
90488,-1.56739880892,0
90489,-1.44336778918,0
90490,-1.42378466899,0
90491,-1.76860144471,0
90492,-1.54960816536,0
90493,-1.45688023133,0
90494,-1.61945969663,0
90495,-1.49706419053,0
90496,-1.55472851379,0
90497,-1.20309957267,0
90498,-1.07006577927,0
90499,-1.20027357689,0
90500,-1.31840535733,0
90501,-1.08559574358,0
90502,-1.06446811058,0
90503,-1.18136139163,0
90504,-1.1761382521,0
90505,-0.822883825964,0
90506,-0.71038733633,0
90507,-0.994839868406,0
90508,-0.619065344294,0
90509,-0.98759190487,0
90510,-0.532808758757,0
90511,-0.78099585953,0
90512,-0.649784262181,0
90513,-0.754480587361,0
90514,-0.572613925105,0
90515,-0.452527711786,0
90516,-0.345513075162,0
90517,-0.621093085824,0
90518,-0.248872438379,0
90519,-0.478653318522,0
90520,-0.460221393386,0
90521,-0.480878181415,0
90522,-0.206912580748,0
90523,-0.401259501058,0
90524,-0.371353340599,0
90525,-0.352583592794,0
90526,-0.288930270162,0
90527,-0.168923181825,0
90528,0.102036993342,0
90529,-0.0447676975061,0
90530,-0.168750916079,0
90531,0.174446226146,0
90532,0.157445333085,0
90533,-0.151271258306,0
90534,0.145220035147,0
90535,0.278972106773,0
90536,0.281097468823,0
90537,-0.0187778242105,0
90538,0.329340890911,0
90539,-0.0243419462509,0
90540,0.305250076857,0
90541,0.367945131287,0
90542,0.198550962838,0
90543,0.224245768227,0
90544,0.000322476356363,0
90545,0.0858111500905,0
90546,0.411202870873,0
90547,0.349426758845,0
90548,0.272740312897,0
90549,0.00947153850779,0
90550,0.0269111530468,0
90551,0.265359542339,0
90552,0.401370968297,0
90553,0.328081566463,0
90554,0.192903842574,0
90555,0.159157796748,0
90556,0.232630715658,0
90557,0.199929500005,0
90558,0.115982430189,0
90559,-0.0637531411642,0
90560,0.178011899719,0
90561,-0.0903786666044,0
90562,0.0768360295185,0
90563,-0.12330234064,0
90564,0.178078650766,0
90565,-0.114630895918,0
90566,0.0857028935847,0
90567,-0.12136403441,0
90568,-0.119474054191,0
90569,0.0870321242187,0
90570,-0.275748897939,0
90571,-0.167614167094,0
90572,-0.330517454678,0
90573,-0.0299562500731,0
90574,-0.3188276445,0
90575,-0.432090582487,0
90576,-0.171915374654,0
90577,-0.0881335009189,0
90578,-0.38535170784,0
90579,-0.18704643385,0
90580,-0.391070944228,0
90581,-0.235844264771,0
90582,-0.306988031039,0
90583,-0.723799173573,0
90584,-0.428891000267,0
90585,-0.382516303378,0
90586,-0.808860531666,0
90587,-0.851449592637,0
90588,-0.535269036925,0
90589,-0.557581132747,0
90590,-0.870395199481,0
90591,-0.84485069911,0
90592,-1.08140181893,0
90593,-1.06220451054,0
90594,-0.811037158307,0
90595,-0.810547054638,0
90596,-0.984420200113,0
90597,-0.90294002527,0
90598,-1.27649135155,0
90599,-0.983775452344,0
90600,-1.32583051404,0
90601,-1.2601082195,0
90602,-1.04584722324,0
90603,-1.24336000477,0
90604,-1.42052543359,0
90605,-1.57117535768,0
90606,-1.29521150098,0
90607,-1.66224297081,0
90608,-1.59099509098,0
90609,-1.54930763556,0
90610,-1.40764168399,0
90611,-1.66312268339,0
90612,-1.5767588591,0
90613,-1.7966765812,0
90614,-1.90178673652,0
90615,-1.62589024496,0
90616,-1.87401681058,0
90617,-2.08787599905,0
90618,-2.08349021291,0
90619,-1.91755303684,0
90620,-1.805354434,0
90621,-2.17191589648,0
90622,-2.07284322757,0
90623,-2.30278674861,0
90624,-2.33489934577,0
90625,-1.98491150854,0
90626,-2.04849019252,0
90627,-2.00771008764,0
90628,-2.07958913684,0
90629,-2.11547766949,0
90630,-2.3066015338,0
90631,-2.42393662593,0
90632,-2.43309783575,0
90633,-2.21852396807,0
90634,-2.59842685581,0
90635,-2.61962441891,0
90636,-2.22469096517,0
90637,-2.51676147471,0
90638,-2.5727487084,0
90639,-2.67931678898,0
90640,-2.70478236627,0
90641,-2.30116579802,0
90642,-2.673164123,0
90643,-2.71636668105,0
90644,-2.43307554348,0
90645,-2.41333156535,0
90646,-2.52393188603,0
90647,-2.39579463855,0
90648,-2.59762114558,0
90649,-2.73547572309,0
90650,-2.60622597741,0
90651,-2.3538453052,0
90652,-2.76994062927,0
90653,-2.62446134732,0
90654,-2.7414106237,0
90655,-2.48222988058,0
90656,-2.74394957098,0
90657,-2.35268274277,0
90658,-2.47020409894,0
90659,-2.62274660381,0
90660,-2.70026814092,0
90661,-2.38325271488,0
90662,-2.26555578155,0
90663,-2.25362459146,0
90664,-2.27740959286,0
90665,-2.3026523649,0
90666,-2.44525308154,0
90667,-2.27407062622,0
90668,-2.15127372714,0
90669,-2.36200320478,0
90670,-2.46119226988,0
90671,-2.14418156456,0
90672,-2.11893639973,0
90673,-2.11907763706,0
90674,-2.27438627867,0
90675,-2.33964319237,0
90676,-2.11945242875,0
90677,-2.09301893399,0
90678,-1.96482015579,0
90679,-2.10048303554,0
90680,-2.1721167692,0
90681,-2.14361684039,0
90682,-1.73375911188,0
90683,-1.67729093,0
90684,-2.02268931091,0
90685,-1.57276131575,0
90686,-1.63206155056,0
90687,-1.49649743121,0
90688,-1.53940152726,0
90689,-1.41537050752,0
90690,-1.39578738733,0
90691,-1.74060416305,0
90692,-1.5216108837,0
90693,-1.42888294967,0
90694,-1.59146241496,0
90695,-1.46906690886,0
90696,-1.52673123212,0
90697,-1.17510229101,0
90698,-1.04206849761,0
90699,-1.17227629522,0
90700,-1.29040807567,0
90701,-1.05759846192,0
90702,-1.03647082891,0
90703,-1.15336410997,0
90704,-1.14814097044,0
90705,-0.794886544301,0
90706,-0.682390054666,0
90707,-0.966842586743,0
90708,-0.59106806263,0
90709,-0.959594623206,0
90710,-0.504811477094,0
90711,-0.752998577867,0
90712,-0.621786980518,0
90713,-0.726483305698,0
90714,-0.544616643441,0
90715,-0.424530430123,0
90716,-0.317515793499,0
90717,-0.59309580416,0
90718,-0.220875156716,0
90719,-0.450656036859,0
90720,-0.432224111723,0
90721,-0.452880899752,0
90722,-0.178915299085,0
90723,-0.373262219395,0
90724,-0.343356058936,0
90725,-0.324586311131,0
90726,-0.260932988499,0
90727,-0.140925900162,0
90728,0.130034275005,0
90729,-0.0167704158428,0
90730,-0.140753634416,0
90731,0.202443507809,0
90732,0.185442614748,0
90733,-0.123273976642,0
90734,0.173217316811,0
90735,0.306969388436,0
90736,0.309094750486,0
90737,0.00921945745271,0
90738,0.357338172575,0
90739,0.00365533541231,0
90740,0.33324735852,0
90741,0.39594241295,0
90742,0.226548244502,0
90743,0.25224304989,0
90744,0.0283197580196,0
90745,0.113808431754,0
90746,0.439200152536,0
90747,0.377424040508,0
90748,0.30073759456,0
90749,0.037468820171,0
90750,0.0549084347101,0
90751,0.293356824002,0
90752,0.42936824996,0
90753,0.356078848127,0
90754,0.220901124238,0
90755,0.187155078411,0
90756,0.260627997322,0
90757,0.227926781668,0
90758,0.143979711852,0
90759,-0.035755859501,0
90760,0.206009181382,0
90761,-0.0623813849411,0
90762,0.104833311182,0
90763,-0.0953050589771,0
90764,0.206075932429,0
90765,-0.0866336142548,0
90766,0.113700175248,0
90767,-0.0933667527472,0
90768,-0.0914767725281,0
90769,0.115029405882,0
90770,-0.247751616275,0
90771,-0.13961688543,0
90772,-0.302520173015,0
90773,-0.00195896840986,0
90774,-0.290830362837,0
90775,-0.404093300824,0
90776,-0.14391809299,0
90777,-0.0601362192557,0
90778,-0.357354426176,0
90779,-0.159049152187,0
90780,-0.363073662565,0
90781,-0.207846983107,0
90782,-0.278990749376,0
90783,-0.69580189191,0
90784,-0.400893718604,0
90785,-0.354519021715,0
90786,-0.780863250003,0
90787,-0.823452310973,0
90788,-0.507271755262,0
90789,-0.529583851084,0
90790,-0.842397917818,0
90791,-0.816853417447,0
90792,-1.05340453727,0
90793,-1.03420722888,0
90794,-0.783039876644,0
90795,-0.782549772975,0
90796,-0.95642291845,0
90797,-0.874942743607,0
90798,-1.24849406989,0
90799,-0.955778170681,0
90800,-1.29262263926,0
90801,-1.22690034473,0
90802,-1.01263934847,0
90803,-1.21015213,0
90804,-1.38731755882,0
90805,-1.53796748291,0
90806,-1.26200362621,0
90807,-1.62903509604,0
90808,-1.55778721621,0
90809,-1.51609976079,0
90810,-1.37443380922,0
90811,-1.62991480861,0
90812,-1.54355098433,0
90813,-1.76346870643,0
90814,-1.86857886175,0
90815,-1.59268237019,0
90816,-1.8408089358,0
90817,-2.05466812428,0
90818,-2.05028233813,0
90819,-1.88434516207,0
90820,-1.77214655923,0
90821,-2.13870802171,0
90822,-2.03963535279,0
90823,-2.26957887384,0
90824,-2.301691471,0
90825,-1.95170363377,0
90826,-2.01528231775,0
90827,-1.97450221287,0
90828,-2.04638126206,0
90829,-2.08226979472,0
90830,-2.27339365902,0
90831,-2.39072875115,0
90832,-2.39988996097,0
90833,-2.1853160933,0
90834,-2.56521898104,0
90835,-2.58641654414,0
90836,-2.1914830904,0
90837,-2.48355359994,0
90838,-2.53954083363,0
90839,-2.64610891421,0
90840,-2.6715744915,0
90841,-2.26795792325,0
90842,-2.63995624823,0
90843,-2.68315880628,0
90844,-2.39986766871,0
90845,-2.38012369058,0
90846,-2.49072401125,0
90847,-2.36258676378,0
90848,-2.56441327081,0
90849,-2.70226784832,0
90850,-2.57301810264,0
90851,-2.32063743043,0
90852,-2.7367327545,0
90853,-2.59125347255,0
90854,-2.70820274893,0
90855,-2.44902200581,0
90856,-2.71074169621,0
90857,-2.319474868,0
90858,-2.43699622417,0
90859,-2.58953872904,0
90860,-2.66706026615,0
90861,-2.35004484011,0
90862,-2.23234790678,0
90863,-2.22041671669,0
90864,-2.24420171809,0
90865,-2.26944449012,0
90866,-2.41204520677,0
90867,-2.24086275145,0
90868,-2.11806585236,0
90869,-2.32879533001,0
90870,-2.42798439511,0
90871,-2.11097368979,0
90872,-2.08572852496,0
90873,-2.08586976229,0
90874,-2.2411784039,0
90875,-2.3064353176,0
90876,-2.08624455398,0
90877,-2.05981105922,0
90878,-1.93161228102,0
90879,-2.06727516077,0
90880,-2.13890889443,0
90881,-2.11040896562,0
90882,-1.70055123711,0
90883,-1.64408305522,0
90884,-1.98948143613,0
90885,-1.53955344097,0
90886,-1.59885367579,0
90887,-1.46328955644,0
90888,-1.50619365249,0
90889,-1.38216263275,0
90890,-1.36257951256,0
90891,-1.70739628828,0
90892,-1.48840300892,0
90893,-1.3956750749,0
90894,-1.55825454019,0
90895,-1.43585903409,0
90896,-1.49352335735,0
90897,-1.14189441623,0
90898,-1.00886062284,0
90899,-1.13906842045,0
90900,-1.25720020089,0
90901,-1.02439058715,0
90902,-1.00326295414,0
90903,-1.1201562352,0
90904,-1.11493309567,0
90905,-0.761678669528,0
90906,-0.649182179894,0
90907,-0.933634711971,0
90908,-0.557860187858,0
90909,-0.926386748434,0
90910,-0.471603602322,0
90911,-0.719790703095,0
90912,-0.588579105746,0
90913,-0.693275430926,0
90914,-0.511408768669,0
90915,-0.391322555351,0
90916,-0.284307918726,0
90917,-0.559887929388,0
90918,-0.187667281944,0
90919,-0.417448162087,0
90920,-0.399016236951,0
90921,-0.419673024979,0
90922,-0.145707424312,0
90923,-0.340054344622,0
90924,-0.310148184164,0
90925,-0.291378436359,0
90926,-0.227725113726,0
90927,-0.107718025389,0
90928,0.163242149777,0
90929,0.0164374589296,0
90930,-0.107545759644,0
90931,0.235651382581,0
90932,0.21865048952,0
90933,-0.0900661018699,0
90934,0.206425191583,0
90935,0.340177263209,0
90936,0.342302625259,0
90937,0.0424273322251,0
90938,0.390546047347,0
90939,0.0368632101847,0
90940,0.366455233293,0
90941,0.429150287723,0
90942,0.259756119274,0
90943,0.285450924663,0
90944,0.061527632792,0
90945,0.147016306526,0
90946,0.472408027308,0
90947,0.41063191528,0
90948,0.333945469333,0
90949,0.0706766949434,0
90950,0.0881163094825,0
90951,0.326564698774,0
90952,0.462576124732,0
90953,0.389286722899,0
90954,0.25410899901,0
90955,0.220362953184,0
90956,0.293835872094,0
90957,0.261134656441,0
90958,0.177187586625,0
90959,-0.00254798472856,0
90960,0.239217056155,0
90961,-0.0291735101687,0
90962,0.138041185954,0
90963,-0.0620971842047,0
90964,0.239283807202,0
90965,-0.0534257394824,0
90966,0.14690805002,0
90967,-0.0601588779748,0
90968,-0.0582688977557,0
90969,0.148237280654,0
90970,-0.214543741503,0
90971,-0.106409010658,0
90972,-0.269312298243,0
90973,0.0312489063625,0
90974,-0.257622488064,0
90975,-0.370885426052,0
90976,-0.110710218218,0
90977,-0.0269283444833,0
90978,-0.324146551404,0
90979,-0.125841277415,0
90980,-0.329865787792,0
90981,-0.174639108335,0
90982,-0.245782874604,0
90983,-0.662594017137,0
90984,-0.367685843832,0
90985,-0.321311146943,0
90986,-0.747655375231,0
90987,-0.790244436201,0
90988,-0.474063880489,0
90989,-0.496375976311,0
90990,-0.809190043045,0
90991,-0.783645542675,0
90992,-1.0201966625,0
90993,-1.0009993541,0
90994,-0.749832001872,0
90995,-0.749341898202,0
90996,-0.923215043678,0
90997,-0.841734868834,0
90998,-1.21528619512,0
90999,-0.922570295909,0
91000,-1.15612664287,0
91001,-1.09040434833,0
91002,-0.876143352072,0
91003,-1.07365613361,0
91004,-1.25082156243,0
91005,-1.40147148652,0
91006,-1.12550762981,0
91007,-1.49253909965,0
91008,-1.42129121981,0
91009,-1.37960376439,0
91010,-1.23793781283,0
91011,-1.49341881222,0
91012,-1.40705498794,0
91013,-1.62697271003,0
91014,-1.73208286536,0
91015,-1.4561863738,0
91016,-1.70431293941,0
91017,-1.91817212788,0
91018,-1.91378634174,0
91019,-1.74784916567,0
91020,-1.63565056284,0
91021,-2.00221202531,0
91022,-1.9031393564,0
91023,-2.13308287745,0
91024,-2.1651954746,0
91025,-1.81520763738,0
91026,-1.87878632135,0
91027,-1.83800621648,0
91028,-1.90988526567,0
91029,-1.94577379832,0
91030,-2.13689766263,0
91031,-2.25423275476,0
91032,-2.26339396458,0
91033,-2.0488200969,0
91034,-2.42872298464,0
91035,-2.44992054774,0
91036,-2.054987094,0
91037,-2.34705760355,0
91038,-2.40304483723,0
91039,-2.50961291781,0
91040,-2.53507849511,0
91041,-2.13146192685,0
91042,-2.50346025183,0
91043,-2.54666280988,0
91044,-2.26337167231,0
91045,-2.24362769418,0
91046,-2.35422801486,0
91047,-2.22609076738,0
91048,-2.42791727441,0
91049,-2.56577185193,0
91050,-2.43652210624,0
91051,-2.18414143403,0
91052,-2.60023675811,0
91053,-2.45475747616,0
91054,-2.57170675254,0
91055,-2.31252600942,0
91056,-2.57424569981,0
91057,-2.18297887161,0
91058,-2.30050022777,0
91059,-2.45304273265,0
91060,-2.53056426975,0
91061,-2.21354884372,0
91062,-2.09585191039,0
91063,-2.08392072029,0
91064,-2.1077057217,0
91065,-2.13294849373,0
91066,-2.27554921037,0
91067,-2.10436675506,0
91068,-1.98156985597,0
91069,-2.19229933362,0
91070,-2.29148839871,0
91071,-1.9744776934,0
91072,-1.94923252856,0
91073,-1.94937376589,0
91074,-2.1046824075,0
91075,-2.16993932121,0
91076,-1.94974855758,0
91077,-1.92331506282,0
91078,-1.79511628462,0
91079,-1.93077916438,0
91080,-2.00241289803,0
91081,-1.97391296923,0
91082,-1.56405524071,0
91083,-1.50758705883,0
91084,-1.85298543974,0
91085,-1.40305744458,0
91086,-1.46235767939,0
91087,-1.32679356005,0
91088,-1.36969765609,0
91089,-1.24566663635,0
91090,-1.22608351616,0
91091,-1.57090029188,0
91092,-1.35190701253,0
91093,-1.2591790785,0
91094,-1.4217585438,0
91095,-1.2993630377,0
91096,-1.35702736096,0
91097,-1.00539841984,0
91098,-0.872364626443,0
91099,-1.00257242406,0
91100,-1.1207042045,0
91101,-0.887894590752,0
91102,-0.866766957746,0
91103,-0.983660238804,0
91104,-0.978437099272,0
91105,-0.625182673134,0
91106,-0.5126861835,0
91107,-0.797138715577,0
91108,-0.421364191464,0
91109,-0.78989075204,0
91110,-0.335107605927,0
91111,-0.5832947067,0
91112,-0.452083109351,0
91113,-0.556779434531,0
91114,-0.374912772275,0
91115,-0.254826558957,0
91116,-0.147811922332,0
91117,-0.423391932994,0
91118,-0.0511712855495,0
91119,-0.280952165693,0
91120,-0.262520240556,0
91121,-0.283177028585,0
91122,-0.00921142791811,0
91123,-0.203558348228,0
91124,-0.173652187769,0
91125,-0.154882439964,0
91126,-0.0912291173322,0
91127,0.0287779710049,0
91128,0.299738146172,0
91129,0.152933455324,0
91130,0.0289502367506,0
91131,0.372147378976,0
91132,0.355146485915,0
91133,0.0464298945243,0
91134,0.342921187977,0
91135,0.476673259603,0
91136,0.478798621653,0
91137,0.178923328619,0
91138,0.527042043741,0
91139,0.173359206579,0
91140,0.502951229687,0
91141,0.565646284117,0
91142,0.396252115668,0
91143,0.421946921057,0
91144,0.198023629186,0
91145,0.28351230292,0
91146,0.608904023703,0
91147,0.547127911675,0
91148,0.470441465727,0
91149,0.207172691338,0
91150,0.224612305877,0
91151,0.463060695169,0
91152,0.599072121127,0
91153,0.525782719293,0
91154,0.390604995404,0
91155,0.356858949578,0
91156,0.430331868488,0
91157,0.397630652835,0
91158,0.313683583019,0
91159,0.133948011666,0
91160,0.375713052549,0
91161,0.107322486225,0
91162,0.274537182348,0
91163,0.0743988121895,0
91164,0.375779803596,0
91165,0.0830702569118,0
91166,0.283404046415,0
91167,0.0763371184194,0
91168,0.0782270986385,0
91169,0.284733277049,0
91170,-0.0780477451088,0
91171,0.0300869857361,0
91172,-0.132816301849,0
91173,0.167744902757,0
91174,-0.12112649167,0
91175,-0.234389429658,0
91176,0.0257857781763,0
91177,0.109567651911,0
91178,-0.18765055501,0
91179,0.0106547189794,0
91180,-0.193369791398,0
91181,-0.0381431119407,0
91182,-0.10928687821,0
91183,-0.526098020743,0
91184,-0.231189847438,0
91185,-0.184815150548,0
91186,-0.611159378836,0
91187,-0.653748439807,0
91188,-0.337567884095,0
91189,-0.359879979917,0
91190,-0.672694046651,0
91191,-0.647149546281,0
91192,-0.883700666104,0
91193,-0.864503357709,0
91194,-0.613336005478,0
91195,-0.612845901808,0
91196,-0.786719047284,0
91197,-0.70523887244,0
91198,-1.07879019872,0
91199,-0.786074299515,0
91200,-1.09056282367,0
91201,-1.02484052913,0
91202,-0.810579532869,0
91203,-1.0080923144,0
91204,-1.18525774322,0
91205,-1.33590766731,0
91206,-1.05994381061,0
91207,-1.42697528044,0
91208,-1.35572740061,0
91209,-1.31403994519,0
91210,-1.17237399362,0
91211,-1.42785499302,0
91212,-1.34149116873,0
91213,-1.56140889083,0
91214,-1.66651904615,0
91215,-1.39062255459,0
91216,-1.63874912021,0
91217,-1.85260830868,0
91218,-1.84822252254,0
91219,-1.68228534647,0
91220,-1.57008674363,0
91221,-1.93664820611,0
91222,-1.8375755372,0
91223,-2.06751905824,0
91224,-2.0996316554,0
91225,-1.74964381817,0
91226,-1.81322250215,0
91227,-1.77244239727,0
91228,-1.84432144647,0
91229,-1.88020997912,0
91230,-2.07133384343,0
91231,-2.18866893556,0
91232,-2.19783014538,0
91233,-1.9832562777,0
91234,-2.36315916544,0
91235,-2.38435672854,0
91236,-1.9894232748,0
91237,-2.28149378434,0
91238,-2.33748101803,0
91239,-2.44404909861,0
91240,-2.4695146759,0
91241,-2.06589810765,0
91242,-2.43789643263,0
91243,-2.48109899068,0
91244,-2.19780785311,0
91245,-2.17806387498,0
91246,-2.28866419566,0
91247,-2.16052694818,0
91248,-2.36235345521,0
91249,-2.50020803272,0
91250,-2.37095828704,0
91251,-2.11857761483,0
91252,-2.5346729389,0
91253,-2.38919365695,0
91254,-2.50614293333,0
91255,-2.24696219021,0
91256,-2.50868188061,0
91257,-2.1174150524,0
91258,-2.23493640857,0
91259,-2.38747891344,0
91260,-2.46500045055,0
91261,-2.14798502451,0
91262,-2.03028809118,0
91263,-2.01835690109,0
91264,-2.04214190249,0
91265,-2.06738467453,0
91266,-2.20998539117,0
91267,-2.03880293585,0
91268,-1.91600603677,0
91269,-2.12673551441,0
91270,-2.22592457951,0
91271,-1.90891387419,0
91272,-1.88366870936,0
91273,-1.88380994669,0
91274,-2.0391185883,0
91275,-2.104375502,0
91276,-1.88418473838,0
91277,-1.85775124362,0
91278,-1.72955246542,0
91279,-1.86521534517,0
91280,-1.93684907883,0
91281,-1.90834915002,0
91282,-1.49849142151,0
91283,-1.44202323963,0
91284,-1.78742162054,0
91285,-1.33749362538,0
91286,-1.39679386019,0
91287,-1.26122974084,0
91288,-1.30413383689,0
91289,-1.18010281715,0
91290,-1.16051969696,0
91291,-1.50533647268,0
91292,-1.28634319333,0
91293,-1.1936152593,0
91294,-1.35619472459,0
91295,-1.23379921849,0
91296,-1.29146354175,0
91297,-0.939834600636,0
91298,-0.80680080724,0
91299,-0.937008604853,0
91300,-1.0551403853,0
91301,-0.822330771549,0
91302,-0.801203138542,0
91303,-0.9180964196,0
91304,-0.912873280068,0
91305,-0.559618853931,0
91306,-0.447122364296,0
91307,-0.731574896373,0
91308,-0.35580037226,0
91309,-0.724326932836,0
91310,-0.269543786724,0
91311,-0.517730887497,0
91312,-0.386519290148,0
91313,-0.491215615328,0
91314,-0.309348953071,0
91315,-0.189262739753,0
91316,-0.0822481031288,0
91317,-0.35782811379,0
91318,0.014392533654,0
91319,-0.215388346489,0
91320,-0.196956421353,0
91321,-0.217613209381,0
91322,0.0563523912854,0
91323,-0.137994529025,0
91324,-0.108088368566,0
91325,-0.0893186207608,0
91326,-0.0256652981287,0
91327,0.0943417902084,0
91328,0.365301965375,0
91329,0.218497274527,0
91330,0.0945140559541,0
91331,0.437711198179,0
91332,0.420710305118,0
91333,0.111993713728,0
91334,0.408485007181,0
91335,0.542237078806,0
91336,0.544362440856,0
91337,0.244487147823,0
91338,0.592605862945,0
91339,0.238923025782,0
91340,0.56851504889,0
91341,0.63121010332,0
91342,0.461815934872,0
91343,0.48751074026,0
91344,0.26358744839,0
91345,0.349076122124,0
91346,0.674467842906,0
91347,0.612691730878,0
91348,0.53600528493,0
91349,0.272736510541,0
91350,0.29017612508,0
91351,0.528624514372,0
91352,0.66463594033,0
91353,0.591346538497,0
91354,0.456168814608,0
91355,0.422422768782,0
91356,0.495895687692,0
91357,0.463194472038,0
91358,0.379247402223,0
91359,0.199511830869,0
91360,0.441276871753,0
91361,0.172886305429,0
91362,0.340101001552,0
91363,0.139962631393,0
91364,0.441343622799,0
91365,0.148634076115,0
91366,0.348967865618,0
91367,0.141900937623,0
91368,0.143790917842,0
91369,0.350297096252,0
91370,-0.0124839259053,0
91371,0.0956508049396,0
91372,-0.0672524826451,0
91373,0.23330872196,0
91374,-0.0555626724664,0
91375,-0.168825610454,0
91376,0.0913495973798,0
91377,0.175131471114,0
91378,-0.122086735806,0
91379,0.0762185381829,0
91380,-0.127805972195,0
91381,0.0274207072628,0
91382,-0.0437230590061,0
91383,-0.46053420154,0
91384,-0.165626028234,0
91385,-0.119251331345,0
91386,-0.545595559633,0
91387,-0.588184620603,0
91388,-0.272004064892,0
91389,-0.294316160714,0
91390,-0.607130227447,0
91391,-0.581585727077,0
91392,-0.818136846901,0
91393,-0.798939538506,0
91394,-0.547772186274,0
91395,-0.547282082604,0
91396,-0.72115522808,0
91397,-0.639675053237,0
91398,-1.01322637952,0
91399,-0.720510480311,0
91400,-1.1447109939,0
91401,-1.07898869937,0
91402,-0.864727703105,0
91403,-1.06224048464,0
91404,-1.23940591346,0
91405,-1.39005583755,0
91406,-1.11409198085,0
91407,-1.48112345068,0
91408,-1.40987557085,0
91409,-1.36818811543,0
91410,-1.22652216386,0
91411,-1.48200316325,0
91412,-1.39563933897,0
91413,-1.61555706107,0
91414,-1.72066721639,0
91415,-1.44477072483,0
91416,-1.69289729044,0
91417,-1.90675647892,0
91418,-1.90237069277,0
91419,-1.73643351671,0
91420,-1.62423491387,0
91421,-1.99079637635,0
91422,-1.89172370743,0
91423,-2.12166722848,0
91424,-2.15377982564,0
91425,-1.80379198841,0
91426,-1.86737067239,0
91427,-1.82659056751,0
91428,-1.8984696167,0
91429,-1.93435814936,0
91430,-2.12548201366,0
91431,-2.24281710579,0
91432,-2.25197831561,0
91433,-2.03740444794,0
91434,-2.41730733568,0
91435,-2.43850489878,0
91436,-2.04357144504,0
91437,-2.33564195458,0
91438,-2.39162918827,0
91439,-2.49819726885,0
91440,-2.52366284614,0
91441,-2.12004627789,0
91442,-2.49204460286,0
91443,-2.53524716092,0
91444,-2.25195602335,0
91445,-2.23221204522,0
91446,-2.34281236589,0
91447,-2.21467511842,0
91448,-2.41650162545,0
91449,-2.55435620296,0
91450,-2.42510645727,0
91451,-2.17272578507,0
91452,-2.58882110914,0
91453,-2.44334182719,0
91454,-2.56029110357,0
91455,-2.30111036045,0
91456,-2.56283005084,0
91457,-2.17156322264,0
91458,-2.28908457881,0
91459,-2.44162708368,0
91460,-2.51914862078,0
91461,-2.20213319475,0
91462,-2.08443626142,0
91463,-2.07250507133,0
91464,-2.09629007273,0
91465,-2.12153284476,0
91466,-2.26413356141,0
91467,-2.09295110609,0
91468,-1.970154207,0
91469,-2.18088368465,0
91470,-2.28007274975,0
91471,-1.96306204443,0
91472,-1.9378168796,0
91473,-1.93795811693,0
91474,-2.09326675854,0
91475,-2.15852367224,0
91476,-1.93833290862,0
91477,-1.91189941386,0
91478,-1.78370063566,0
91479,-1.91936351541,0
91480,-1.99099724907,0
91481,-1.96249732026,0
91482,-1.55263959175,0
91483,-1.49617140986,0
91484,-1.84156979077,0
91485,-1.39164179561,0
91486,-1.45094203043,0
91487,-1.31537791108,0
91488,-1.35828200712,0
91489,-1.23425098738,0
91490,-1.2146678672,0
91491,-1.55948464292,0
91492,-1.34049136356,0
91493,-1.24776342954,0
91494,-1.41034289483,0
91495,-1.28794738873,0
91496,-1.34561171199,0
91497,-0.993982770873,0
91498,-0.860948977477,0
91499,-0.99115677509,0
91500,-1.10928855553,0
91501,-0.876478941786,0
91502,-0.855351308779,0
91503,-0.972244589837,0
91504,-0.967021450305,0
91505,-0.613767024168,0
91506,-0.501270534533,0
91507,-0.78572306661,0
91508,-0.409948542497,0
91509,-0.778475103073,0
91510,-0.323691956961,0
91511,-0.571879057734,0
91512,-0.440667460385,0
91513,-0.545363785565,0
91514,-0.363497123308,0
91515,-0.24341090999,0
91516,-0.136396273366,0
91517,-0.411976284027,0
91518,-0.0397556365828,0
91519,-0.269536516726,0
91520,-0.25110459159,0
91521,-0.271761379618,0
91522,0.00220422104857,0
91523,-0.192142699261,0
91524,-0.162236538803,0
91525,-0.143466790998,0
91526,-0.0798134683655,0
91527,0.0401936199716,0
91528,0.311153795138,0
91529,0.16434910429,0
91530,0.0403658857172,0
91531,0.383563027942,0
91532,0.366562134881,0
91533,0.057845543491,0
91534,0.354336836944,0
91535,0.48808890857,0
91536,0.49021427062,0
91537,0.190338977586,0
91538,0.538457692708,0
91539,0.184774855546,0
91540,0.514366878653,0
91541,0.577061933084,0
91542,0.407667764635,0
91543,0.433362570023,0
91544,0.209439278153,0
91545,0.294927951887,0
91546,0.620319672669,0
91547,0.558543560641,0
91548,0.481857114693,0
91549,0.218588340304,0
91550,0.236027954843,0
91551,0.474476344135,0
91552,0.610487770093,0
91553,0.53719836826,0
91554,0.402020644371,0
91555,0.368274598545,0
91556,0.441747517455,0
91557,0.409046301801,0
91558,0.325099231986,0
91559,0.145363660632,0
91560,0.387128701516,0
91561,0.118738135192,0
91562,0.285952831315,0
91563,0.0858144611562,0
91564,0.387195452563,0
91565,0.0944859058784,0
91566,0.294819695381,0
91567,0.0877527673861,0
91568,0.0896427476052,0
91569,0.296148926015,0
91570,-0.0666320961422,0
91571,0.0415026347028,0
91572,-0.121400652882,0
91573,0.179160551723,0
91574,-0.109710842703,0
91575,-0.222973780691,0
91576,0.037201427143,0
91577,0.120983300878,0
91578,-0.176234906043,0
91579,0.0220703679461,0
91580,-0.181954142432,0
91581,-0.026727462974,0
91582,-0.097871229243,0
91583,-0.514682371777,0
91584,-0.219774198471,0
91585,-0.173399501582,0
91586,-0.59974372987,0
91587,-0.64233279084,0
91588,-0.326152235128,0
91589,-0.348464330951,0
91590,-0.661278397684,0
91591,-0.635733897314,0
91592,-0.872285017138,0
91593,-0.853087708742,0
91594,-0.601920356511,0
91595,-0.601430252841,0
91596,-0.775303398317,0
91597,-0.693823223473,0
91598,-1.06737454976,0
91599,-0.774658650548,0
91600,-1.17471297755,0
91601,-1.10899068302,0
91602,-0.894729686753,0
91603,-1.09224246829,0
91604,-1.26940789711,0
91605,-1.4200578212,0
91606,-1.1440939645,0
91607,-1.51112543433,0
91608,-1.4398775545,0
91609,-1.39819009907,0
91610,-1.25652414751,0
91611,-1.5120051469,0
91612,-1.42564132262,0
91613,-1.64555904471,0
91614,-1.75066920004,0
91615,-1.47477270848,0
91616,-1.72289927409,0
91617,-1.93675846257,0
91618,-1.93237267642,0
91619,-1.76643550035,0
91620,-1.65423689752,0
91621,-2.02079835999,0
91622,-1.92172569108,0
91623,-2.15166921213,0
91624,-2.18378180928,0
91625,-1.83379397206,0
91626,-1.89737265603,0
91627,-1.85659255116,0
91628,-1.92847160035,0
91629,-1.964360133,0
91630,-2.15548399731,0
91631,-2.27281908944,0
91632,-2.28198029926,0
91633,-2.06740643158,0
91634,-2.44730931932,0
91635,-2.46850688243,0
91636,-2.07357342869,0
91637,-2.36564393823,0
91638,-2.42163117192,0
91639,-2.52819925249,0
91640,-2.55366482979,0
91641,-2.15004826154,0
91642,-2.52204658651,0
91643,-2.56524914456,0
91644,-2.28195800699,0
91645,-2.26221402886,0
91646,-2.37281434954,0
91647,-2.24467710207,0
91648,-2.4465036091,0
91649,-2.58435818661,0
91650,-2.45510844092,0
91651,-2.20272776872,0
91652,-2.61882309279,0
91653,-2.47334381084,0
91654,-2.59029308722,0
91655,-2.3311123441,0
91656,-2.59283203449,0
91657,-2.20156520629,0
91658,-2.31908656246,0
91659,-2.47162906733,0
91660,-2.54915060443,0
91661,-2.2321351784,0
91662,-2.11443824507,0
91663,-2.10250705497,0
91664,-2.12629205638,0
91665,-2.15153482841,0
91666,-2.29413554505,0
91667,-2.12295308974,0
91668,-2.00015619065,0
91669,-2.2108856683,0
91670,-2.31007473339,0
91671,-1.99306402808,0
91672,-1.96781886324,0
91673,-1.96796010057,0
91674,-2.12326874218,0
91675,-2.18852565589,0
91676,-1.96833489226,0
91677,-1.9419013975,0
91678,-1.8137026193,0
91679,-1.94936549906,0
91680,-2.02099923271,0
91681,-1.99249930391,0
91682,-1.58264157539,0
91683,-1.52617339351,0
91684,-1.87157177442,0
91685,-1.42164377926,0
91686,-1.48094401407,0
91687,-1.34537989473,0
91688,-1.38828399077,0
91689,-1.26425297103,0
91690,-1.24466985085,0
91691,-1.58948662657,0
91692,-1.37049334721,0
91693,-1.27776541318,0
91694,-1.44034487848,0
91695,-1.31794937238,0
91696,-1.37561369564,0
91697,-1.02398475452,0
91698,-0.890950961124,0
91699,-1.02115875874,0
91700,-1.13929053918,0
91701,-0.906480925433,0
91702,-0.885353292427,0
91703,-1.00224657348,0
91704,-0.997023433953,0
91705,-0.643769007815,0
91706,-0.531272518181,0
91707,-0.815725050258,0
91708,-0.439950526145,0
91709,-0.808477086721,0
91710,-0.353693940609,0
91711,-0.601881041381,0
91712,-0.470669444032,0
91713,-0.575365769213,0
91714,-0.393499106956,0
91715,-0.273412893638,0
91716,-0.166398257013,0
91717,-0.441978267675,0
91718,-0.0697576202305,0
91719,-0.299538500374,0
91720,-0.281106575237,0
91721,-0.301763363266,0
91722,-0.0277977625991,0
91723,-0.222144682909,0
91724,-0.19223852245,0
91725,-0.173468774645,0
91726,-0.109815452013,0
91727,0.0101916363239,0
91728,0.281151811491,0
91729,0.134347120643,0
91730,0.0103639020695,0
91731,0.353561044295,0
91732,0.336560151234,0
91733,0.0278435598433,0
91734,0.324334853296,0
91735,0.458086924922,0
91736,0.460212286972,0
91737,0.160336993938,0
91738,0.50845570906,0
91739,0.154772871898,0
91740,0.484364895006,0
91741,0.547059949436,0
91742,0.377665780987,0
91743,0.403360586376,0
91744,0.179437294505,0
91745,0.264925968239,0
91746,0.590317689021,0
91747,0.528541576994,0
91748,0.451855131046,0
91749,0.188586356657,0
91750,0.206025971196,0
91751,0.444474360488,0
91752,0.580485786446,0
91753,0.507196384612,0
91754,0.372018660723,0
91755,0.338272614897,0
91756,0.411745533807,0
91757,0.379044318154,0
91758,0.295097248338,0
91759,0.115361676985,0
91760,0.357126717868,0
91761,0.0887361515445,0
91762,0.255950847667,0
91763,0.0558124775085,0
91764,0.357193468915,0
91765,0.0644839222307,0
91766,0.264817711734,0
91767,0.0577507837384,0
91768,0.0596407639575,0
91769,0.266146942367,0
91770,-0.0966340797899,0
91771,0.0115006510551,0
91772,-0.15140263653,0
91773,0.149158568076,0
91774,-0.139712826351,0
91775,-0.252975764339,0
91776,0.00719944349526,0
91777,0.0909813172299,0
91778,-0.206236889691,0
91779,-0.00793161570163,0
91780,-0.211956126079,0
91781,-0.0567294466217,0
91782,-0.127873212891,0
91783,-0.544684355424,0
91784,-0.249776182119,0
91785,-0.203401485229,0
91786,-0.629745713517,0
91787,-0.672334774488,0
91788,-0.356154218776,0
91789,-0.378466314598,0
91790,-0.691280381332,0
91791,-0.665735880962,0
91792,-0.902287000785,0
91793,-0.88308969239,0
91794,-0.631922340159,0
91795,-0.631432236489,0
91796,-0.805305381965,0
91797,-0.723825207121,0
91798,-1.09737653341,0
91799,-0.804660634196,0
91800,-1.21740415354,0
91801,-1.15168185901,0
91802,-0.937420862745,0
91803,-1.13493364428,0
91804,-1.3120990731,0
91805,-1.46274899719,0
91806,-1.18678514049,0
91807,-1.55381661032,0
91808,-1.48256873049,0
91809,-1.44088127507,0
91810,-1.2992153235,0
91811,-1.55469632289,0
91812,-1.46833249861,0
91813,-1.68825022071,0
91814,-1.79336037603,0
91815,-1.51746388447,0
91816,-1.76559045008,0
91817,-1.97944963856,0
91818,-1.97506385241,0
91819,-1.80912667634,0
91820,-1.69692807351,0
91821,-2.06348953599,0
91822,-1.96441686707,0
91823,-2.19436038812,0
91824,-2.22647298528,0
91825,-1.87648514805,0
91826,-1.94006383203,0
91827,-1.89928372715,0
91828,-1.97116277634,0
91829,-2.007051309,0
91830,-2.1981751733,0
91831,-2.31551026543,0
91832,-2.32467147525,0
91833,-2.11009760758,0
91834,-2.49000049532,0
91835,-2.51119805842,0
91836,-2.11626460468,0
91837,-2.40833511422,0
91838,-2.46432234791,0
91839,-2.57089042849,0
91840,-2.59635600578,0
91841,-2.19273943753,0
91842,-2.5647377625,0
91843,-2.60794032055,0
91844,-2.32464918299,0
91845,-2.30490520486,0
91846,-2.41550552553,0
91847,-2.28736827806,0
91848,-2.48919478509,0
91849,-2.6270493626,0
91850,-2.49779961691,0
91851,-2.24541894471,0
91852,-2.66151426878,0
91853,-2.51603498683,0
91854,-2.63298426321,0
91855,-2.37380352009,0
91856,-2.63552321048,0
91857,-2.24425638228,0
91858,-2.36177773845,0
91859,-2.51432024332,0
91860,-2.59184178042,0
91861,-2.27482635439,0
91862,-2.15712942106,0
91863,-2.14519823097,0
91864,-2.16898323237,0
91865,-2.1942260044,0
91866,-2.33682672105,0
91867,-2.16564426573,0
91868,-2.04284736664,0
91869,-2.25357684429,0
91870,-2.35276590939,0
91871,-2.03575520407,0
91872,-2.01051003924,0
91873,-2.01065127657,0
91874,-2.16595991818,0
91875,-2.23121683188,0
91876,-2.01102606826,0
91877,-1.98459257349,0
91878,-1.8563937953,0
91879,-1.99205667505,0
91880,-2.06369040871,0
91881,-2.0351904799,0
91882,-1.62533275139,0
91883,-1.5688645695,0
91884,-1.91426295041,0
91885,-1.46433495525,0
91886,-1.52363519007,0
91887,-1.38807107072,0
91888,-1.43097516676,0
91889,-1.30694414702,0
91890,-1.28736102684,0
91891,-1.63217780256,0
91892,-1.4131845232,0
91893,-1.32045658918,0
91894,-1.48303605447,0
91895,-1.36064054837,0
91896,-1.41830487163,0
91897,-1.06667593051,0
91898,-0.933642137116,0
91899,-1.06384993473,0
91900,-1.18198171517,0
91901,-0.949172101425,0
91902,-0.928044468418,0
91903,-1.04493774948,0
91904,-1.03971460994,0
91905,-0.686460183807,0
91906,-0.573963694173,0
91907,-0.858416226249,0
91908,-0.482641702137,0
91909,-0.851168262713,0
91910,-0.3963851166,0
91911,-0.644572217373,0
91912,-0.513360620024,0
91913,-0.618056945204,0
91914,-0.436190282948,0
91915,-0.316104069629,0
91916,-0.209089433005,0
91917,-0.484669443667,0
91918,-0.112448796222,0
91919,-0.342229676365,0
91920,-0.323797751229,0
91921,-0.344454539258,0
91922,-0.0704889385909,0
91923,-0.264835858901,0
91924,-0.234929698442,0
91925,-0.216159950637,0
91926,-0.152506628005,0
91927,-0.0324995396679,0
91928,0.238460635499,0
91929,0.091655944651,0
91930,-0.0323272739222,0
91931,0.310869868303,0
91932,0.293868975242,0
91933,-0.0148476161485,0
91934,0.281643677304,0
91935,0.41539574893,0
91936,0.41752111098,0
91937,0.117645817947,0
91938,0.465764533068,0
91939,0.112081695906,0
91940,0.441673719014,0
91941,0.504368773444,0
91942,0.334974604995,0
91943,0.360669410384,0
91944,0.136746118513,0
91945,0.222234792248,0
91946,0.54762651303,0
91947,0.485850401002,0
91948,0.409163955054,0
91949,0.145895180665,0
91950,0.163334795204,0
91951,0.401783184496,0
91952,0.537794610454,0
91953,0.46450520862,0
91954,0.329327484732,0
91955,0.295581438905,0
91956,0.369054357815,0
91957,0.336353142162,0
91958,0.252406072346,0
91959,0.0726705009928,0
91960,0.314435541876,0
91961,0.0460449755527,0
91962,0.213259671676,0
91963,0.0131213015167,0
91964,0.314502292923,0
91965,0.021792746239,0
91966,0.222126535742,0
91967,0.0150596077466,0
91968,0.0169495879657,0
91969,0.223455766376,0
91970,-0.139325255782,0
91971,-0.0311905249367,0
91972,-0.194093812521,0
91973,0.106467392084,0
91974,-0.182404002343,0
91975,-0.29566694033,0
91976,-0.0354917324965,0
91977,0.0482901412381,0
91978,-0.248928065682,0
91979,-0.0506227916934,0
91980,-0.254647302071,0
91981,-0.0994206226135,0
91982,-0.170564388882,0
91983,-0.587375531416,0
91984,-0.29246735811,0
91985,-0.246092661221,0
91986,-0.672436889509,0
91987,-0.71502595048,0
91988,-0.398845394768,0
91989,-0.42115749059,0
91990,-0.733971557324,0
91991,-0.708427056953,0
91992,-0.944978176777,0
91993,-0.925780868382,0
91994,-0.67461351615,0
91995,-0.674123412481,0
91996,-0.847996557956,0
91997,-0.766516383113,0
91998,-1.1400677094,0
91999,-0.847351810187,0
92000,-1.11662558152,0
92001,-1.05090328698,0
92002,-0.836642290717,0
92003,-1.03415507225,0
92004,-1.21132050107,0
92005,-1.36197042516,0
92006,-1.08600656846,0
92007,-1.45303803829,0
92008,-1.38179015846,0
92009,-1.34010270304,0
92010,-1.19843675147,0
92011,-1.45391775087,0
92012,-1.36755392658,0
92013,-1.58747164868,0
92014,-1.692581804,0
92015,-1.41668531244,0
92016,-1.66481187805,0
92017,-1.87867106653,0
92018,-1.87428528038,0
92019,-1.70834810432,0
92020,-1.59614950148,0
92021,-1.96271096396,0
92022,-1.86363829504,0
92023,-2.09358181609,0
92024,-2.12569441325,0
92025,-1.77570657602,0
92026,-1.83928526,0
92027,-1.79850515512,0
92028,-1.87038420431,0
92029,-1.90627273697,0
92030,-2.09739660127,0
92031,-2.2147316934,0
92032,-2.22389290323,0
92033,-2.00931903555,0
92034,-2.38922192329,0
92035,-2.41041948639,0
92036,-2.01548603265,0
92037,-2.30755654219,0
92038,-2.36354377588,0
92039,-2.47011185646,0
92040,-2.49557743375,0
92041,-2.0919608655,0
92042,-2.46395919048,0
92043,-2.50716174853,0
92044,-2.22387061096,0
92045,-2.20412663283,0
92046,-2.3147269535,0
92047,-2.18658970603,0
92048,-2.38841621306,0
92049,-2.52627079057,0
92050,-2.39702104489,0
92051,-2.14464037268,0
92052,-2.56073569675,0
92053,-2.4152564148,0
92054,-2.53220569118,0
92055,-2.27302494806,0
92056,-2.53474463846,0
92057,-2.14347781025,0
92058,-2.26099916642,0
92059,-2.41354167129,0
92060,-2.4910632084,0
92061,-2.17404778236,0
92062,-2.05635084903,0
92063,-2.04441965894,0
92064,-2.06820466034,0
92065,-2.09344743237,0
92066,-2.23604814902,0
92067,-2.0648656937,0
92068,-1.94206879462,0
92069,-2.15279827226,0
92070,-2.25198733736,0
92071,-1.93497663204,0
92072,-1.90973146721,0
92073,-1.90987270454,0
92074,-2.06518134615,0
92075,-2.13043825985,0
92076,-1.91024749623,0
92077,-1.88381400147,0
92078,-1.75561522327,0
92079,-1.89127810302,0
92080,-1.96291183668,0
92081,-1.93441190787,0
92082,-1.52455417936,0
92083,-1.46808599748,0
92084,-1.81348437838,0
92085,-1.36355638322,0
92086,-1.42285661804,0
92087,-1.28729249869,0
92088,-1.33019659474,0
92089,-1.206165575,0
92090,-1.18658245481,0
92091,-1.53139923053,0
92092,-1.31240595117,0
92093,-1.21967801715,0
92094,-1.38225748244,0
92095,-1.25986197634,0
92096,-1.3175262996,0
92097,-0.965897358485,0
92098,-0.832863565088,0
92099,-0.963071362701,0
92100,-1.08120314314,0
92101,-0.848393529397,0
92102,-0.827265896391,0
92103,-0.944159177449,0
92104,-0.938936037917,0
92105,-0.585681611779,0
92106,-0.473185122145,0
92107,-0.757637654222,0
92108,-0.381863130109,0
92109,-0.750389690685,0
92110,-0.295606544573,0
92111,-0.543793645346,0
92112,-0.412582047997,0
92113,-0.517278373177,0
92114,-0.33541171092,0
92115,-0.215325497602,0
92116,-0.108310860977,0
92117,-0.383890871639,0
92118,-0.0116702241946,0
92119,-0.241451104338,0
92120,-0.223019179202,0
92121,-0.24367596723,0
92122,0.0302896334368,0
92123,-0.164057286873,0
92124,-0.134151126415,0
92125,-0.115381378609,0
92126,-0.0517280559773,0
92127,0.0682790323598,0
92128,0.339239207526,0
92129,0.192434516679,0
92130,0.0684512981054,0
92131,0.411648440331,0
92132,0.394647547269,0
92133,0.0859309558792,0
92134,0.382422249332,0
92135,0.516174320958,0
92136,0.518299683008,0
92137,0.218424389974,0
92138,0.566543105096,0
92139,0.212860267934,0
92140,0.542452291042,0
92141,0.605147345472,0
92142,0.435753177023,0
92143,0.461447982412,0
92144,0.237524690541,0
92145,0.323013364275,0
92146,0.648405085057,0
92147,0.586628973029,0
92148,0.509942527082,0
92149,0.246673752692,0
92150,0.264113367232,0
92151,0.502561756523,0
92152,0.638573182482,0
92153,0.565283780648,0
92154,0.430106056759,0
92155,0.396360010933,0
92156,0.469832929843,0
92157,0.43713171419,0
92158,0.353184644374,0
92159,0.173449073021,0
92160,0.415214113904,0
92161,0.14682354758,0
92162,0.314038243703,0
92163,0.113899873544,0
92164,0.415280864951,0
92165,0.122571318267,0
92166,0.322905107769,0
92167,0.115838179774,0
92168,0.117728159993,0
92169,0.324234338403,0
92170,-0.038546683754,0
92171,0.069588047091,0
92172,-0.0933152404937,0
92173,0.207245964112,0
92174,-0.0816254303151,0
92175,-0.194888368303,0
92176,0.0652868395312,0
92177,0.149068713266,0
92178,-0.148149493655,0
92179,0.0501557803343,0
92180,-0.153868730043,0
92181,0.00135794941419,0
92182,-0.0697858168548,0
92183,-0.486596959388,0
92184,-0.191688786083,0
92185,-0.145314089193,0
92186,-0.571658317482,0
92187,-0.614247378452,0
92188,-0.29806682274,0
92189,-0.320378918562,0
92190,-0.633192985296,0
92191,-0.607648484926,0
92192,-0.84419960475,0
92193,-0.825002296354,0
92194,-0.573834944123,0
92195,-0.573344840453,0
92196,-0.747217985929,0
92197,-0.665737811085,0
92198,-1.03928913737,0
92199,-0.74657323816,0
92200,-1.09326169111,0
92201,-1.02753939658,0
92202,-0.813278400316,0
92203,-1.01079118185,0
92204,-1.18795661067,0
92205,-1.33860653476,0
92206,-1.06264267806,0
92207,-1.42967414789,0
92208,-1.35842626806,0
92209,-1.31673881264,0
92210,-1.17507286107,0
92211,-1.43055386046,0
92212,-1.34419003618,0
92213,-1.56410775828,0
92214,-1.6692179136,0
92215,-1.39332142204,0
92216,-1.64144798765,0
92217,-1.85530717613,0
92218,-1.85092138998,0
92219,-1.68498421392,0
92220,-1.57278561108,0
92221,-1.93934707356,0
92222,-1.84027440464,0
92223,-2.07021792569,0
92224,-2.10233052285,0
92225,-1.75234268562,0
92226,-1.8159213696,0
92227,-1.77514126472,0
92228,-1.84702031391,0
92229,-1.88290884657,0
92230,-2.07403271087,0
92231,-2.191367803,0
92232,-2.20052901282,0
92233,-1.98595514515,0
92234,-2.36585803289,0
92235,-2.38705559599,0
92236,-1.99212214225,0
92237,-2.28419265179,0
92238,-2.34017988548,0
92239,-2.44674796606,0
92240,-2.47221354335,0
92241,-2.0685969751,0
92242,-2.44059530008,0
92243,-2.48379785813,0
92244,-2.20050672056,0
92245,-2.18076274243,0
92246,-2.2913630631,0
92247,-2.16322581563,0
92248,-2.36505232266,0
92249,-2.50290690017,0
92250,-2.37365715449,0
92251,-2.12127648228,0
92252,-2.53737180635,0
92253,-2.3918925244,0
92254,-2.50884180078,0
92255,-2.24966105766,0
92256,-2.51138074806,0
92257,-2.12011391985,0
92258,-2.23763527602,0
92259,-2.39017778089,0
92260,-2.467699318,0
92261,-2.15068389196,0
92262,-2.03298695863,0
92263,-2.02105576854,0
92264,-2.04484076994,0
92265,-2.07008354197,0
92266,-2.21268425862,0
92267,-2.0415018033,0
92268,-1.91870490421,0
92269,-2.12943438186,0
92270,-2.22862344696,0
92271,-1.91161274164,0
92272,-1.88636757681,0
92273,-1.88650881414,0
92274,-2.04181745575,0
92275,-2.10707436945,0
92276,-1.88688360583,0
92277,-1.86045011107,0
92278,-1.73225133287,0
92279,-1.86791421262,0
92280,-1.93954794628,0
92281,-1.91104801747,0
92282,-1.50119028896,0
92283,-1.44472210707,0
92284,-1.79012048798,0
92285,-1.34019249282,0
92286,-1.39949272764,0
92287,-1.26392860829,0
92288,-1.30683270434,0
92289,-1.1828016846,0
92290,-1.16321856441,0
92291,-1.50803534013,0
92292,-1.28904206077,0
92293,-1.19631412675,0
92294,-1.35889359204,0
92295,-1.23649808594,0
92296,-1.2941624092,0
92297,-0.942533468084,0
92298,-0.809499674688,0
92299,-0.939707472301,0
92300,-1.05783925274,0
92301,-0.825029638997,0
92302,-0.80390200599,0
92303,-0.920795287048,0
92304,-0.915572147516,0
92305,-0.562317721378,0
92306,-0.449821231744,0
92307,-0.734273763821,0
92308,-0.358499239708,0
92309,-0.727025800284,0
92310,-0.272242654172,0
92311,-0.520429754945,0
92312,-0.389218157596,0
92313,-0.493914482776,0
92314,-0.312047820519,0
92315,-0.191961607201,0
92316,-0.0849469705765,0
92317,-0.360526981238,0
92318,0.0116936662063,0
92319,-0.218087213937,0
92320,-0.199655288801,0
92321,-0.220312076829,0
92322,0.0536535238376,0
92323,-0.140693396472,0
92324,-0.110787236014,0
92325,-0.0920174882086,0
92326,-0.0283641655765,0
92327,0.0916429227607,0
92328,0.362603097927,0
92329,0.21579840708,0
92330,0.0918151885063,0
92331,0.435012330731,0
92332,0.41801143767,0
92333,0.10929484628,0
92334,0.405786139733,0
92335,0.539538211359,0
92336,0.541663573409,0
92337,0.241788280375,0
92338,0.589906995497,0
92339,0.236224158335,0
92340,0.565816181443,0
92341,0.628511235873,0
92342,0.459117067424,0
92343,0.484811872812,0
92344,0.260888580942,0
92345,0.346377254676,0
92346,0.671768975458,0
92347,0.60999286343,0
92348,0.533306417482,0
92349,0.270037643093,0
92350,0.287477257632,0
92351,0.525925646924,0
92352,0.661937072882,0
92353,0.588647671049,0
92354,0.45346994716,0
92355,0.419723901334,0
92356,0.493196820244,0
92357,0.460495604591,0
92358,0.376548534775,0
92359,0.196812963421,0
92360,0.438578004305,0
92361,0.170187437981,0
92362,0.337402134104,0
92363,0.137263763945,0
92364,0.438644755352,0
92365,0.145935208668,0
92366,0.34626899817,0
92367,0.139202070175,0
92368,0.141092050394,0
92369,0.347598228804,0
92370,-0.0151827933531,0
92371,0.0929519374919,0
92372,-0.0699513500928,0
92373,0.230609854512,0
92374,-0.0582615399142,0
92375,-0.171524477902,0
92376,0.088650729932,0
92377,0.172432603667,0
92378,-0.124785603254,0
92379,0.0735196707351,0
92380,-0.130504839642,0
92381,0.0247218398151,0
92382,-0.0464219264539,0
92383,-0.463233068987,0
92384,-0.168324895682,0
92385,-0.121950198793,0
92386,-0.548294427081,0
92387,-0.590883488051,0
92388,-0.274702932339,0
92389,-0.297015028162,0
92390,-0.609829094895,0
92391,-0.584284594525,0
92392,-0.820835714349,0
92393,-0.801638405953,0
92394,-0.550471053722,0
92395,-0.549980950052,0
92396,-0.723854095528,0
92397,-0.642373920684,0
92398,-1.01592524697,0
92399,-0.723209347759,0
92400,-1.17999483686,0
92401,-1.11427254233,0
92402,-0.900011546066,0
92403,-1.0975243276,0
92404,-1.27468975642,0
92405,-1.42533968051,0
92406,-1.14937582381,0
92407,-1.51640729364,0
92408,-1.44515941381,0
92409,-1.40347195839,0
92410,-1.26180600682,0
92411,-1.51728700621,0
92412,-1.43092318193,0
92413,-1.65084090403,0
92414,-1.75595105935,0
92415,-1.48005456779,0
92416,-1.7281811334,0
92417,-1.94204032188,0
92418,-1.93765453573,0
92419,-1.77171735967,0
92420,-1.65951875683,0
92421,-2.02608021931,0
92422,-1.92700755039,0
92423,-2.15695107144,0
92424,-2.1890636686,0
92425,-1.83907583137,0
92426,-1.90265451535,0
92427,-1.86187441047,0
92428,-1.93375345966,0
92429,-1.96964199232,0
92430,-2.16076585662,0
92431,-2.27810094875,0
92432,-2.28726215857,0
92433,-2.0726882909,0
92434,-2.45259117864,0
92435,-2.47378874174,0
92436,-2.078855288,0
92437,-2.37092579754,0
92438,-2.42691303123,0
92439,-2.53348111181,0
92440,-2.5589466891,0
92441,-2.15533012085,0
92442,-2.52732844583,0
92443,-2.57053100388,0
92444,-2.28723986631,0
92445,-2.26749588818,0
92446,-2.37809620885,0
92447,-2.24995896138,0
92448,-2.45178546841,0
92449,-2.58964004592,0
92450,-2.46039030024,0
92451,-2.20800962803,0
92452,-2.6241049521,0
92453,-2.47862567015,0
92454,-2.59557494653,0
92455,-2.33639420341,0
92456,-2.5981138938,0
92457,-2.2068470656,0
92458,-2.32436842177,0
92459,-2.47691092664,0
92460,-2.55443246374,0
92461,-2.23741703771,0
92462,-2.11972010438,0
92463,-2.10778891429,0
92464,-2.13157391569,0
92465,0.38477770662,1
92466,0.351353835421,1
92467,0.301721495736,1
92468,0.236468339992,1
92469,0.156366972816,1
92470,0.0623658033118,1
92471,-0.0444221842084,1
92472,-0.162732608085,1
92473,-0.29116465973,1
92474,-0.428197689354,1
92475,-0.572209210632,1
92476,-0.721494111121,1
92477,-0.874284840981,1
92478,-1.02877234096,1
92479,-1.18312746187,1
92480,-1.33552262188,1
92481,-1.48415344534,1
92482,-1.62726012676,1
92483,-1.7631482671,1
92484,-1.89020893564,1
92485,-2.00693771994,1
92486,-2.11195253818,1
92487,-2.20401000323,1
92488,-2.28202014445,1
92489,-2.3450593131,1
92490,-2.39238111839,1
92491,-2.42342526488,1
92492,-2.43782418643,1
92493,-2.43540739819,1
92494,-2.41620351522,1
92495,-2.38043991362,1
92496,-2.32854003841,1
92497,-2.26111838991,1
92498,-2.17897324792,1
92499,-2.08307722008,1
92500,-1.97456572603,1
92501,-1.85472355394,1
92502,-1.72496964846,1
92503,-1.58684031029,1
92504,-1.44197100616,1
92505,-1.29207700476,1
92506,-1.13893306776,1
92507,-0.984352436412,1
92508,-0.830165362602,1
92509,-0.678197438447,1
92510,-0.530247981088,1
92511,-0.388068728569,1
92512,-0.253343099067,1
92513,-0.127666259032,1
92514,-0.012526236242,1
92515,0.0907136986171,1
92516,0.180831173224,1
92517,0.256759186647,1
92518,0.317598742755,1
92519,0.362629494431,1
92520,0.391318272563,1
92521,0.403325398823,1
92522,0.398508707501,1
92523,0.376925228758,1
92524,0.338830513384,1
92525,0.284675607051,1
92526,0.215101709878,1
92527,0.130932584552,1
92528,0.0331648028874,1
92529,-0.0770440536983,1
92530,-0.198389100075,1
92531,-0.329433597384,1
92532,-0.468625964191,1
92533,-0.614318147378,1
92534,-0.764785135277,1
92535,-0.918245382002,1
92536,-1.07288190115,1
92537,-1.22686377912,1
92538,-1.37836785333,1
92539,-1.52560029868,1
92540,-1.66681786663,1
92541,-1.80034852545,1
92542,-1.92461125728,1
92543,-2.03813477754,1
92544,-2.13957495512,1
92545,-2.22773072701,1
92546,-2.30155831907,1
92547,-2.36018360438,1
92548,-2.40291245305,1
92549,-2.42923895075,1
92550,-2.43885138881,1
92551,-2.4316359549,1
92552,-2.40767808056,1
92553,-2.36726142969,1
92554,-2.31086453993,1
92555,-2.23915515674,1
92556,-2.15298232719,1
92557,-2.05336634718,1
92558,-1.94148668101,1
92559,-1.81866799637,1
92560,-1.68636448016,1
92561,-1.54614262075,1
92562,-1.39966266056,1
92563,-1.24865893861,1
92564,-1.0949193558,1
92565,-0.940264205893,1
92566,-0.78652462308,1
92567,-0.635520901137,1
92568,-0.489040940942,1
92569,-0.348819081529,1
92570,-0.216515565323,1
92571,-0.0936968806848,1
92572,0.0181827854887,1
92573,0.117798765495,1
92574,0.203971595042,1
92575,0.275680978235,1
92576,0.332077867995,1
92577,0.372494518868,1
92578,0.396452393209,1
92579,0.403667827118,1
92580,0.394055389057,1
92581,0.36772889136,1
92582,0.325000042691,1
92583,0.266374757375,1
92584,0.192547165317,1
92585,0.104391393424,1
92586,0.00295121584977,1
92587,-0.110572304411,1
92588,-0.234835036242,1
92589,-0.368365695065,1
92590,-0.509583263015,1
92591,-0.656815708367,1
92592,-0.808319782579,1
92593,-0.962301660546,1
92594,-1.11693817969,1
92595,-1.27039842642,1
92596,-1.42086541432,1
92597,-1.5665575975,1
92598,-1.70574996431,1
92599,-1.83679446162,1
92600,-2.02093428158,1
92601,-2.13114313817,1
92602,-2.22891091983,1
92603,-2.31308004516,1
92604,-2.38265394233,1
92605,-2.43680884866,1
92606,-2.47490356404,1
92607,-2.49648704278,1
92608,-2.5013037341,1
92609,-2.48929660784,1
92610,-2.46060782971,1
92611,-2.41557707803,1
92612,-2.35473752193,1
92613,-2.2788095085,1
92614,-2.1886920339,1
92615,-2.08545209904,1
92616,-1.97031207625,1
92617,-1.84463523621,1
92618,-1.70990960671,1
92619,-1.56773035419,1
92620,-1.41978089683,1
92621,-1.26781297268,1
92622,-1.11362589887,1
92623,-0.959045267519,1
92624,-0.805901330515,1
92625,-0.656007329118,1
92626,-0.51113802499,1
92627,-0.373008686818,1
92628,-0.243254781345,1
92629,-0.123412609253,1
92630,-0.0149011152018,1
92631,0.0809949126399,1
92632,0.163140054627,1
92633,0.230561703135,1
92634,0.28246157834,1
92635,0.318225179941,1
92636,0.337429062915,1
92637,0.339845851149,1
92638,0.325446929602,1
92639,0.294402783108,1
92640,0.247080977817,1
92641,0.184041809172,1
92642,0.106031667946,1
92643,0.0139742028959,1
92644,-0.0910406153441,1
92645,-0.207769399636,1
92646,-0.33483006818,1
92647,-0.470718208516,1
92648,-0.613824889935,1
92649,-0.7624557134,1
92650,-0.914850873413,1
92651,-1.06920599432,1
92652,-1.2236934943,1
92653,-1.37648422416,1
92654,-1.52576912465,1
92655,-1.66978064593,1
92656,-1.80681367555,1
92657,-1.93524572719,1
92658,-2.05355615107,1
92659,-2.16034413859,1
92660,-2.2543453081,1
92661,-2.33444667527,1
92662,-2.39969983102,1
92663,-2.4493321707,1
92664,-2.4827560419,1
92665,-2.21961146131,0
92666,-2.36221217795,0
92667,-2.19102972264,0
92668,-2.06823282355,0
92669,-2.2789623012,0
92670,-2.37815136629,0
92671,-2.06114066098,0
92672,-2.03589549614,0
92673,-2.03603673347,0
92674,-2.19134537508,0
92675,-2.25660228879,0
92676,-2.03641152516,0
92677,-2.0099780304,0
92678,-1.8817792522,0
92679,-2.01744213196,0
92680,-2.08907586561,0
92681,-2.06057593681,0
92682,-1.65071820829,0
92683,-1.59425002641,0
92684,-1.93964840732,0
92685,-1.48972041216,0
92686,-1.54902064697,0
92687,-1.41345652763,0
92688,-1.45636062367,0
92689,-1.33232960393,0
92690,-1.31274648374,0
92691,-1.65756325946,0
92692,-1.43856998011,0
92693,-1.34584204608,0
92694,-1.50842151138,0
92695,-1.38602600528,0
92696,-1.44369032854,0
92697,-1.09206138742,0
92698,-0.959027594023,0
92699,-1.08923539164,0
92700,-1.20736717208,0
92701,-0.974557558332,0
92702,-0.953429925325,0
92703,-1.07032320638,0
92704,-1.06510006685,0
92705,-0.711845640714,0
92706,-0.599349151079,0
92707,-0.883801683156,0
92708,-0.508027159043,0
92709,-0.876553719619,0
92710,-0.421770573507,0
92711,-0.66995767428,0
92712,-0.538746076931,0
92713,-0.643442402111,0
92714,-0.461575739854,0
92715,-0.341489526536,0
92716,-0.234474889912,0
92717,-0.510054900573,0
92718,-0.137834253129,0
92719,-0.367615133272,0
92720,-0.349183208136,0
92721,-0.369839996164,0
92722,-0.0958743954977,0
92723,-0.290221315808,0
92724,-0.260315155349,0
92725,-0.241545407544,0
92726,-0.177892084912,0
92727,-0.0578849965747,0
92728,0.213075178592,0
92729,0.0662704877442,0
92730,-0.057712730829,0
92731,0.285484411396,0
92732,0.268483518335,0
92733,-0.0402330730553,0
92734,0.256258220398,0
92735,0.390010292023,0
92736,0.392135654073,0
92737,0.0922603610397,0
92738,0.440379076162,0
92739,0.0866962389993,0
92740,0.416288262107,0
92741,0.478983316537,0
92742,0.309589148089,0
92743,0.335283953477,0
92744,0.111360661607,0
92745,0.196849335341,0
92746,0.522241056123,0
92747,0.460464944095,0
92748,0.383778498147,0
92749,0.120509723758,0
92750,0.137949338297,0
92751,0.376397727589,0
92752,0.512409153547,0
92753,0.439119751714,0
92754,0.303942027825,0
92755,0.270195981998,0
92756,0.343668900909,0
92757,0.310967685255,0
92758,0.22702061544,0
92759,0.047285044086,0
92760,0.289050084969,0
92761,0.0206595186459,0
92762,0.187874214769,0
92763,-0.0122641553901,0
92764,0.289116836016,0
92765,-0.00359271066782,0
92766,0.196741078835,0
92767,-0.0103258491602,0
92768,-0.00843586894109,0
92769,0.198070309469,0
92770,-0.164710712688,0
92771,-0.0565759818434,0
92772,-0.219479269428,0
92773,0.0810819351772,0
92774,-0.20778945925,0
92775,-0.321052397237,0
92776,-0.0608771894033,0
92777,0.0229046843313,0
92778,-0.274313522589,0
92779,-0.0760082486002,0
92780,-0.280032758978,0
92781,-0.12480607952,0
92782,-0.195949845789,0
92783,-0.612760988323,0
92784,-0.317852815017,0
92785,-0.271478118128,0
92786,-0.697822346416,0
92787,-0.740411407386,0
92788,-0.424230851675,0
92789,-0.446542947497,0
92790,-0.759357014231,0
92791,-0.73381251386,0
92792,-0.970363633684,0
92793,-0.951166325289,0
92794,-0.699998973057,0
92795,-0.699508869388,0
92796,-0.873382014863,0
92797,-0.79190184002,0
92798,-1.1654531663,0
92799,-0.872737267094,0
92800,-1.36279210487,0
92801,-1.29706981034,0
92802,-1.08280881407,0
92803,-1.28032159561,0
92804,-1.45748702443,0
92805,-1.60813694852,0
92806,-1.33217309182,0
92807,-1.69920456165,0
92808,-1.62795668182,0
92809,-1.5862692264,0
92810,-1.44460327483,0
92811,-1.70008427422,0
92812,-1.61372044994,0
92813,-1.83363817204,0
92814,-1.93874832736,0
92815,-1.6628518358,0
92816,-1.91097840141,0
92817,-2.12483758989,0
92818,-2.12045180374,0
92819,-1.95451462767,0
92820,-1.84231602484,0
92821,-2.20887748732,0
92822,-2.1098048184,0
92823,-2.33974833945,0
92824,-2.37186093661,0
92825,-2.02187309938,0
92826,-2.08545178336,0
92827,-2.04467167848,0
92828,-2.11655072767,0
92829,-2.15243926033,0
92830,-2.34356312463,0
92831,-2.46089821676,0
92832,-2.47005942658,0
92833,-2.25548555891,0
92834,-2.63538844665,0
92835,-2.65658600975,0
92836,-2.26165255601,0
92837,-2.55372306555,0
92838,-2.60971029924,0
92839,-2.71627837981,0
92840,-2.74174395711,0
92841,-2.33812738886,0
92842,-2.71012571383,0
92843,-2.75332827188,0
92844,-2.47003713432,0
92845,-2.45029315619,0
92846,-2.56089347686,0
92847,-2.43275622939,0
92848,-2.63458273642,0
92849,-2.77243731393,0
92850,-2.64318756824,0
92851,-2.39080689604,0
92852,-2.80690222011,0
92853,-2.66142293816,0
92854,-2.77837221454,0
92855,-2.51919147142,0
92856,-2.78091116181,0
92857,-2.38964433361,0
92858,-2.50716568978,0
92859,-2.65970819465,0
92860,-2.73722973175,0
92861,-2.42021430572,0
92862,-2.30251737239,0
92863,-2.2905861823,0
92864,-2.3143711837,0
92865,-2.33961395573,0
92866,-2.48221467238,0
92867,-2.31103221706,0
92868,-2.18823531797,0
92869,-2.39896479562,0
92870,-2.49815386071,0
92871,-2.1811431554,0
92872,-2.15589799057,0
92873,-2.15603922789,0
92874,-2.3113478695,0
92875,-2.37660478321,0
92876,-2.15641401958,0
92877,-2.12998052482,0
92878,-2.00178174663,0
92879,-2.13744462638,0
92880,-2.20907836004,0
92881,-2.18057843123,0
92882,-1.77072070271,0
92883,-1.71425252083,0
92884,-2.05965090174,0
92885,-1.60972290658,0
92886,-1.6690231414,0
92887,-1.53345902205,0
92888,-1.57636311809,0
92889,-1.45233209835,0
92890,-1.43274897817,0
92891,-1.77756575389,0
92892,-1.55857247453,0
92893,-1.46584454051,0
92894,-1.6284240058,0
92895,-1.5060284997,0
92896,-1.56369282296,0
92897,-1.21206388184,0
92898,-1.07903008845,0
92899,-1.20923788606,0
92900,-1.3273696665,0
92901,-1.09456005275,0
92902,-1.07343241975,0
92903,-1.19032570081,0
92904,-1.18510256127,0
92905,-0.831848135136,0
92906,-0.719351645502,0
92907,-1.00380417758,0
92908,-0.628029653466,0
92909,-0.996556214042,0
92910,-0.54177306793,0
92911,-0.789960168703,0
92912,-0.658748571354,0
92913,-0.763444896534,0
92914,-0.581578234277,0
92915,-0.461492020959,0
92916,-0.354477384334,0
92917,-0.630057394996,0
92918,-0.257836747552,0
92919,-0.487617627695,0
92920,-0.469185702559,0
92921,-0.489842490587,0
92922,-0.21587688992,0
92923,-0.41022381023,0
92924,-0.380317649772,0
92925,-0.361547901967,0
92926,-0.297894579334,0
92927,-0.177887490997,0
92928,0.0930726841694,0
92929,-0.0537320066784,0
92930,-0.177715225252,0
92931,0.165481916973,0
92932,0.148481023912,0
92933,-0.160235567478,0
92934,0.136255725975,0
92935,0.270007797601,0
92936,0.272133159651,0
92937,-0.0277421333829,0
92938,0.320376581739,0
92939,-0.0333062554233,0
92940,0.296285767685,0
92941,0.358980822115,0
92942,0.189586653666,0
92943,0.215281459055,0
92944,-0.00864183281601,0
92945,0.0768468409181,0
92946,0.4022385617,0
92947,0.340462449672,0
92948,0.263776003725,0
92949,0.000507229335417,0
92950,0.0179468438745,0
92951,0.256395233166,0
92952,0.392406659124,0
92953,0.319117257291,0
92954,0.183939533402,0
92955,0.150193487576,0
92956,0.223666406486,0
92957,0.190965190833,0
92958,0.107018121017,0
92959,-0.0727174503366,0
92960,0.169047590547,0
92961,-0.0993429757767,0
92962,0.0678717203461,0
92963,-0.132266649813,0
92964,0.169114341594,0
92965,-0.12359520509,0
92966,0.0767385844124,0
92967,-0.130328343583,0
92968,-0.128438363364,0
92969,0.0780678150463,0
92970,-0.284713207111,0
92971,-0.176578476266,0
92972,-0.339481763851,0
92973,-0.0389205592455,0
92974,-0.327791953672,0
92975,-0.44105489166,0
92976,-0.180879683826,0
92977,-0.0970978100913,0
92978,-0.394316017012,0
92979,-0.196010743023,0
92980,-0.4000352534,0
92981,-0.244808573943,0
92982,-0.315952340212,0
92983,-0.732763482745,0
92984,-0.43785530944,0
92985,-0.391480612551,0
92986,-0.817824840839,0
92987,-0.860413901809,0
92988,-0.544233346097,0
92989,-0.566545441919,0
92990,-0.879359508653,0
92991,-0.853815008283,0
92992,-1.09036612811,0
92993,-1.07116881971,0
92994,-0.82000146748,0
92995,-0.81951136381,0
92996,-0.993384509286,0
92997,-0.911904334442,0
92998,-1.28545566073,0
92999,-0.992739761517,0
93000,-1.45385943263,0
93001,-1.3881371381,0
93002,-1.17387614183,0
93003,-1.37138892337,0
93004,-1.54855435219,0
93005,-1.69920427628,0
93006,-1.42324041958,0
93007,-1.79027188941,0
93008,-1.71902400958,0
93009,-1.67733655416,0
93010,-1.53567060259,0
93011,-1.79115160198,0
93012,-1.7047877777,0
93013,-1.9247054998,0
93014,-2.02981565512,0
93015,-1.75391916356,0
93016,-2.00204572917,0
93017,-2.21590491765,0
93018,-2.2115191315,0
93019,-2.04558195543,0
93020,-1.9333833526,0
93021,-2.29994481508,0
93022,-2.20087214616,0
93023,-2.43081566721,0
93024,-2.46292826437,0
93025,-2.11294042714,0
93026,-2.17651911112,0
93027,-2.13573900624,0
93028,-2.20761805543,0
93029,-2.24350658809,0
93030,-2.43463045239,0
93031,-2.55196554452,0
93032,-2.56112675434,0
93033,-2.34655288667,0
93034,-2.72645577441,0
93035,-2.74765333751,0
93036,-2.35271988377,0
93037,-2.64479039331,0
93038,-2.700777627,0
93039,-2.80734570758,0
93040,-2.83281128487,0
93041,-2.42919471662,0
93042,-2.80119304159,0
93043,-2.84439559964,0
93044,-2.56110446208,0
93045,-2.54136048395,0
93046,-2.65196080462,0
93047,-2.52382355715,0
93048,-2.72565006418,0
93049,-2.86350464169,0
93050,-2.734254896,0
93051,-2.4818742238,0
93052,-2.89796954787,0
93053,-2.75249026592,0
93054,-2.8694395423,0
93055,-2.61025879918,0
93056,-2.87197848957,0
93057,-2.48071166137,0
93058,-2.59823301754,0
93059,-2.75077552241,0
93060,-2.82829705951,0
93061,-2.51128163348,0
93062,-2.39358470015,0
93063,-2.38165351006,0
93064,-2.40543851146,0
93065,-2.43068128349,0
93066,-2.57328200014,0
93067,-2.40209954482,0
93068,-2.27930264573,0
93069,-2.49003212338,0
93070,-2.58922118847,0
93071,-2.27221048316,0
93072,-2.24696531833,0
93073,-2.24710655566,0
93074,-2.40241519727,0
93075,-2.46767211097,0
93076,-2.24748134734,0
93077,-2.22104785258,0
93078,-2.09284907439,0
93079,-2.22851195414,0
93080,-2.3001456878,0
93081,-2.27164575899,0
93082,-1.86178803048,0
93083,-1.80531984859,0
93084,-2.1507182295,0
93085,-1.70079023434,0
93086,-1.76009046916,0
93087,-1.62452634981,0
93088,-1.66743044585,0
93089,-1.54339942611,0
93090,-1.52381630593,0
93091,-1.86863308165,0
93092,-1.64963980229,0
93093,-1.55691186827,0
93094,-1.71949133356,0
93095,-1.59709582746,0
93096,-1.65476015072,0
93097,-1.3031312096,0
93098,-1.17009741621,0
93099,-1.30030521382,0
93100,-1.41843699426,0
93101,-1.18562738051,0
93102,-1.16449974751,0
93103,-1.28139302857,0
93104,-1.27616988903,0
93105,-0.922915462897,0
93106,-0.810418973262,0
93107,-1.09487150534,0
93108,-0.719096981226,0
93109,-1.0876235418,0
93110,-0.63284039569,0
93111,-0.881027496463,0
93112,-0.749815899114,0
93113,-0.854512224294,0
93114,-0.672645562037,0
93115,-0.552559348719,0
93116,-0.445544712095,0
93117,-0.721124722756,0
93118,-0.348904075312,0
93119,-0.578684955455,0
93120,-0.560253030319,0
93121,-0.580909818348,0
93122,-0.306944217681,0
93123,-0.501291137991,0
93124,-0.471384977532,0
93125,-0.452615229727,0
93126,-0.388961907095,0
93127,-2.57849929484,1
93128,-2.52507392485,1
93129,-2.46488073325,1
93130,-2.39824994945,1
93131,-2.32554712048,1
93132,-2.24717110562,1
93133,-2.16355188811,1
93134,-2.07514821625,1
93135,-1.98244508661,1
93136,-1.88595108327,1
93137,-1.78619558764,1
93138,-1.68372587419,1
93139,-1.57910410804,1
93140,-1.4729042608,1
93141,-1.36570896167,1
93142,-1.25810630108,1
93143,-1.15068660429,1
93144,-1.04403919281,1
93145,-0.938749151264,1
93146,-0.835394117516,1
93147,-0.734541113685,1
93148,-0.636743435352,1
93149,-0.542537616098,1
93150,-0.452440483995,1
93151,-0.366946326206,1
93152,-0.286524177246,1
93153,-0.211615245784,1
93154,-0.142630494104,1
93155,-0.0799483835002,1
93156,-0.0239127979766,1
93157,0.0251688423534,1
93158,0.0670272678231,1
93159,0.101432836469,1
93160,0.128196793881,1
93161,0.147172308744,1
93162,0.158255278372,1
93163,0.161384899835,1
93164,0.156544003532,1
93165,0.14375914739,1
93166,0.123100471157,1
93167,0.0946813116096,1
93168,0.0586575807659,1
93169,0.0152269105293,1
93170,-0.0353724315521,1
93171,-0.0928628494591,1
93172,-0.156928941637,1
93173,-0.227219231339,1
93174,-0.303348094882,1
93175,-0.384897877242,1
93176,-0.471421183374,1
93177,-0.56244333269,1
93178,-0.657464963238,1
93179,-0.755964771276,1
93180,-0.857402371227,1
93181,-0.961221260322,1
93182,-1.06685187166,1
93183,-1.17371469896,1
93184,-1.28122347578,1
93185,-1.38878839192,1
93186,-1.49581932917,1
93187,-1.60172909885,1
93188,-1.70593666314,1
93189,-1.80787032281,1
93190,-1.90697085363,1
93191,-2.00269457437,1
93192,-2.0945163295,1
93193,-2.18193237031,1
93194,-2.26446311853,1
93195,-2.34165579738,1
93196,-2.41308691556,1
93197,-2.47836459064,1
93198,-2.53713069893,1
93199,-2.58906284024,1
93200,-2.69676009894,1
93201,-2.73420863766,1
93202,-2.76408700011,1
93203,-2.78623126886,1
93204,-2.80051995693,1
93205,-2.80687467432,1
93206,-2.80526055803,1
93207,-2.79568646337,1
93208,-2.77820491534,1
93209,-2.75291182048,1
93210,-2.71994594073,1
93211,-2.67948813213,1
93212,-2.63176035263,1
93213,-2.57702444443,1
93214,-2.51558069737,1
93215,-2.44776620163,1
93216,-2.37395299827,1
93217,-2.29454603824,1
93218,-2.20998096073,1
93219,-2.12072170317,1
93220,-2.02725795601,1
93221,-1.9301024762,1
93222,-1.8297882741,1
93223,-1.72686568936,1
93224,-1.62189937161,1
93225,-1.51546518271,1
93226,-1.40814703752,1
93227,-1.3005337004,1
93228,-1.19321555521,1
93229,-1.08678136631,1
93230,-0.981815048558,1
93231,-0.878892463818,1
93232,-0.778578261725,1
93233,-0.681422781909,1
93234,-0.587959034747,1
93235,-0.498699777187,1
93236,-0.414134699677,1
93237,-0.334727739652,1
93238,-0.260914536293,1
93239,-0.193100040547,1
93240,-0.131656293496,1
93241,-0.076920385286,1
93242,-0.0291926057951,1
93243,0.0112652028058,1
93244,0.0442310825592,1
93245,0.0695241774181,1
93246,0.0870057254509,1
93247,0.0965798201112,1
93248,0.0981939363966,1
93249,0.0918392190092,1
93250,0.0775505309367,1
93251,0.0554062621891,1
93252,0.0255278997384,1
93253,-0.0119206389782,1
93254,-0.0567339053353,1
93255,-0.108666046643,1
93256,-0.167432154935,1
93257,-0.232709830015,1
93258,-0.304140948201,1
93259,-0.381333627045,1
93260,-0.463864375262,1
93261,-0.551280416072,1
93262,-0.643102171205,1
93263,-0.738825891944,1
93264,-0.837926422767,1
93265,-0.939860082439,1
93266,-1.04406764673,1
93267,-1.1499774164,1
93268,-1.25700835366,1
93269,-1.3645732698,1
93270,-1.47208204662,1
93271,-1.57894487391,1
93272,-1.68457548525,1
93273,-1.78839437435,1
93274,-1.8898319743,1
93275,-1.98833178234,1
93276,-2.08335341289,1
93277,-2.1743755622,1
93278,-2.26089886833,1
93279,-2.34244865069,1
93280,-2.41857751424,1
93281,-2.48886780394,1
93282,-2.55293389612,1
93283,-2.61042431402,1
93284,-2.66102365611,1
93285,-2.70445432634,1
93286,-2.74047805719,1
93287,-2.76889721673,1
93288,-2.78955589297,1
93289,-2.80234074911,1
93290,-2.80718164541,1
93291,-2.80405202395,1
93292,-2.79296905432,1
93293,-2.77399353946,1
93294,-2.74722958205,1
93295,-2.7128240134,1
93296,-2.67096558793,1
93297,-2.6218839476,1
93298,-2.56584836208,1
93299,-2.50316625147,1
93300,-2.43418149979,1
93301,-2.35927256833,1
93302,-2.27885041937,1
93303,-2.19335626158,1
93304,-2.10325912948,1
93305,-2.00905331022,1
93306,-1.91125563189,1
93307,-1.81040262806,1
93308,-1.70704759431,1
93309,-1.60175755276,1
93310,-1.49511014128,1
93311,-1.3876904445,1
93312,-1.28008778391,1
93313,-1.17289248478,1
93314,-1.06669263753,1
93315,-0.962070871384,1
93316,-0.859601157939,1
93317,-0.759845662307,1
93318,-0.663351658964,1
93319,-0.570648529323,1
93320,-0.482244857463,1
93321,-0.398625639954,1
93322,-0.320249625092,1
93323,-0.24754679613,1
93324,-0.180916012324,1
93325,-0.120722820725,1
93326,-0.0672974507349,1
93327,-0.331838811102,0
93328,-0.0608786359355,0
93329,-0.207683326783,0
93330,-0.331666545357,0
93331,0.0115305968686,0
93332,-0.00547029619252,0
93333,-0.314186887583,0
93334,-0.0176955941298,0
93335,0.116056477496,0
93336,0.118181839546,0
93337,-0.181693453488,0
93338,0.166425261634,0
93339,-0.187257575528,0
93340,0.14233444758,0
93341,0.20502950201,0
93342,0.0356353335612,0
93343,0.0613301389496,0
93344,-0.162593152921,0
93345,-0.0771044791867,0
93346,0.248287241595,0
93347,0.186511129567,0
93348,0.10982468362,0
93349,-0.153444090769,0
93350,-0.13600447623,0
93351,0.102443913061,0
93352,0.23845533902,0
93353,0.165165937186,0
93354,0.0299882132972,0
93355,-0.00375783252904,0
93356,0.069715086381,0
93357,0.0370138707277,0
93358,-0.046933199088,0
93359,-0.226668770441,0
93360,0.015096270442,0
93361,-0.253294295882,0
93362,-0.0860795997588,0
93363,-0.286217969918,0
93364,0.0151630214889,0
93365,-0.277546525195,0
93366,-0.0772127356925,0
93367,-0.284279663688,0
93368,-0.282389683469,0
93369,-0.0758835050586,0
93370,-0.438664527216,0
93371,-0.330529796371,0
93372,-0.493433083956,0
93373,-0.19287187935,0
93374,-0.481743273777,0
93375,-0.595006211765,0
93376,-0.334831003931,0
93377,-0.251049130196,0
93378,-0.548267337117,0
93379,-0.349962063128,0
93380,-0.553986573505,0
93381,-0.398759894048,0
93382,-0.469903660317,0
93383,-0.88671480285,0
93384,-0.591806629545,0
93385,-0.545431932655,0
93386,-0.971776160944,0
93387,-1.01436522191,0
93388,-0.698184666202,0
93389,-0.720496762024,0
93390,-1.03331082876,0
93391,-1.00776632839,0
93392,-1.24431744821,0
93393,-1.22512013982,0
93394,-0.973952787585,0
93395,-0.973462683915,0
93396,-1.14733582939,0
93397,-1.06585565455,0
93398,-1.43940698083,0
93399,-1.14669108162,0
93400,-1.56709381379,0
93401,-1.50137151925,0
93402,-1.28711052299,0
93403,-1.48462330453,0
93404,-1.66178873334,0
93405,-1.81243865743,0
93406,-1.53647480073,0
93407,-1.90350627057,0
93408,-1.83225839073,0
93409,-1.79057093531,0
93410,-1.64890498375,0
93411,-1.90438598314,0
93412,-1.81802215886,0
93413,-2.03793988095,0
93414,-2.14305003627,0
93415,-1.86715354471,0
93416,-2.11528011033,0
93417,-2.3291392988,0
93418,-2.32475351266,0
93419,-2.15881633659,0
93420,-2.04661773375,0
93421,-2.41317919623,0
93422,-2.31410652732,0
93423,-2.54405004836,0
93424,-2.57616264552,0
93425,-2.22617480829,0
93426,-2.28975349227,0
93427,-2.24897338739,0
93428,-2.32085243659,0
93429,-2.35674096924,0
93430,-2.54786483355,0
93431,-2.66519992568,0
93432,-2.6743611355,0
93433,-2.45978726782,0
93434,-2.83969015556,0
93435,-2.86088771866,0
93436,-2.46595426492,0
93437,-2.75802477447,0
93438,-2.81401200815,0
93439,-2.92058008873,0
93440,-2.94604566603,0
93441,-2.54242909777,0
93442,-2.91442742275,0
93443,-2.9576299808,0
93444,-2.67433884323,0
93445,-2.6545948651,0
93446,-2.76519518578,0
93447,-2.6370579383,0
93448,-2.83888444533,0
93449,-2.97673902285,0
93450,-2.84748927716,0
93451,-2.59510860495,0
93452,-3.01120392902,0
93453,-2.86572464707,0
93454,-2.98267392346,0
93455,-2.72349318034,0
93456,-2.98521287073,0
93457,-2.59394604252,0
93458,-2.71146739869,0
93459,-2.86400990356,0
93460,-2.94153144067,0
93461,-2.62451601463,0
93462,-2.50681908131,0
93463,-2.49488789121,0
93464,-2.51867289261,0
93465,-2.54391566465,0
93466,-2.68651638129,0
93467,-2.51533392598,0
93468,-2.39253702689,0
93469,-2.60326650453,0
93470,-2.70245556963,0
93471,-2.38544486431,0
93472,-2.36019969948,0
93473,-2.36034093681,0
93474,-2.51564957842,0
93475,-2.58090649213,0
93476,-2.3607157285,0
93477,-2.33428223374,0
93478,-2.20608345554,0
93479,-2.34174633529,0
93480,-2.41338006895,0
93481,-2.38488014015,0
93482,-1.97502241163,0
93483,-1.91855422975,0
93484,-2.26395261066,0
93485,-1.8140246155,0
93486,-1.87332485031,0
93487,-1.73776073096,0
93488,-1.78066482701,0
93489,-1.65663380727,0
93490,-1.63705068708,0
93491,-1.9818674628,0
93492,-1.76287418345,0
93493,-1.67014624942,0
93494,-1.83272571471,0
93495,-1.71033020861,0
93496,-1.76799453187,0
93497,-1.41636559076,0
93498,-1.28333179736,0
93499,-1.41353959497,0
93500,-1.53167137542,0
93501,-1.29886176167,0
93502,-1.27773412866,0
93503,-1.39462740972,0
93504,-1.38940427019,0
93505,-1.03614984405,0
93506,-0.923653354418,0
93507,-1.20810588649,0
93508,-0.832331362382,0
93509,-1.20085792296,0
93510,-0.746074776846,0
93511,-0.994261877619,0
93512,-0.86305028027,0
93513,-0.96774660545,0
93514,-0.785879943193,0
93515,-0.665793729875,0
93516,-0.558779093251,0
93517,-0.834359103912,0
93518,-0.462138456468,0
93519,-0.691919336611,0
93520,-0.673487411475,0
93521,-0.694144199503,0
93522,-0.420178598836,0
93523,-0.614525519146,0
93524,-0.584619358688,0
93525,-0.565849610883,0
93526,-0.50219628825,0
93527,-0.382189199913,0
93528,-0.111229024747,0
93529,-0.258033715594,0
93530,-0.382016934168,0
93531,-0.0388197919426,0
93532,-0.0558206850037,0
93533,-0.364537276394,0
93534,-0.068045982941,0
93535,0.0657060886846,0
93536,0.0678314507347,0
93537,-0.232043842299,0
93538,0.116074872823,0
93539,-0.237607964339,0
93540,0.0919840587686,0
93541,0.154679113199,0
93542,-0.01471505525,0
93543,0.0109797501385,0
93544,-0.212943541732,0
93545,-0.127454867998,0
93546,0.197936852784,0
93547,0.136160740756,0
93548,0.0594742948085,0
93549,-0.203794479581,0
93550,-0.186354865042,0
93551,0.0520935242503,0
93552,0.188104950208,0
93553,0.114815548375,0
93554,-0.0203621755139,0
93555,-0.0541082213402,0
93556,0.0193646975699,0
93557,-0.0133365180835,0
93558,-0.0972835878991,0
93559,-0.277019159253,0
93560,-0.0352541183692,0
93561,-0.303644684693,0
93562,-0.13642998857,0
93563,-0.336568358729,0
93564,-0.0351873673223,0
93565,-0.327896914006,0
93566,-0.127563124504,0
93567,-0.334630052499,0
93568,-0.33274007228,0
93569,-0.12623389387,0
93570,-0.489014916027,0
93571,-0.380880185182,0
93572,-0.543783472767,0
93573,-0.243222268161,0
93574,-0.532093662588,0
93575,-0.645356600576,0
93576,-0.385181392742,0
93577,-0.301399519007,0
93578,-0.598617725928,0
93579,-0.400312451939,0
93580,-0.604336962316,0
93581,-0.449110282859,0
93582,-0.520254049128,0
93583,-0.937065191661,0
93584,-0.642157018356,0
93585,-0.595782321467,0
93586,-1.02212654975,0
93587,-1.06471561072,0
93588,-0.748535055013,0
93589,-0.770847150836,0
93590,-1.08366121757,0
93591,-1.0581167172,0
93592,-1.29466783702,0
93593,-1.27547052863,0
93594,-1.0243031764,0
93595,-1.02381307273,0
93596,-1.1976862182,0
93597,-1.11620604336,0
93598,-1.48975736964,0
93599,-1.19704147043,0
93600,-1.63052127894,0
93601,-1.5647989844,0
93602,-1.35053798814,0
93603,-1.54805076967,0
93604,-1.72521619849,0
93605,-1.87586612258,0
93606,-1.59990226588,0
93607,-1.96693373571,0
93608,-1.89568585588,0
93609,-1.85399840046,0
93610,-1.71233244889,0
93611,-1.96781344829,0
93612,-1.881449624,0
93613,-2.1013673461,0
93614,-2.20647750142,0
93615,-1.93058100986,0
93616,-2.17870757548,0
93617,-2.39256676395,0
93618,-2.38818097781,0
93619,-2.22224380174,0
93620,-2.1100451989,0
93621,-2.47660666138,0
93622,-2.37753399247,0
93623,-2.60747751351,0
93624,-2.63959011067,0
93625,-2.28960227344,0
93626,-2.35318095742,0
93627,-2.31240085254,0
93628,-2.38427990174,0
93629,-2.42016843439,0
93630,-2.6112922987,0
93631,-2.72862739083,0
93632,-2.73778860065,0
93633,-2.52321473297,0
93634,-2.90311762071,0
93635,-2.92431518381,0
93636,-2.52938173007,0
93637,-2.82145223961,0
93638,-2.8774394733,0
93639,-2.98400755388,0
93640,-3.00947313117,0
93641,-2.60585656292,0
93642,-2.9778548879,0
93643,-3.02105744595,0
93644,-2.73776630838,0
93645,-2.71802233025,0
93646,-2.82862265093,0
93647,-2.70048540345,0
93648,-2.90231191048,0
93649,-3.04016648799,0
93650,-2.91091674231,0
93651,-2.6585360701,0
93652,-3.07463139417,0
93653,-2.92915211222,0
93654,-3.0461013886,0
93655,-2.78692064548,0
93656,-3.04864033588,0
93657,-2.65737350767,0
93658,-2.77489486384,0
93659,-2.92743736871,0
93660,-3.00495890582,0
93661,-2.68794347978,0
93662,-2.57024654645,0
93663,-2.55831535636,0
93664,-2.58210035776,0
93665,-2.6073431298,0
93666,-2.74994384644,0
93667,-2.57876139112,0
93668,-2.45596449204,0
93669,-2.66669396968,0
93670,-2.76588303478,0
93671,-2.44887232946,0
93672,-2.42362716463,0
93673,-2.42376840196,0
93674,-2.57907704357,0
93675,-2.64433395727,0
93676,-2.42414319365,0
93677,-2.39770969889,0
93678,-2.26951092069,0
93679,-2.40517380044,0
93680,-2.4768075341,0
93681,-2.44830760529,0
93682,-2.03844987678,0
93683,-1.9819816949,0
93684,-2.32738007581,0
93685,-1.87745208065,0
93686,-1.93675231546,0
93687,-1.80118819611,0
93688,-1.84409229216,0
93689,-1.72006127242,0
93690,-1.70047815223,0
93691,-2.04529492795,0
93692,-1.8263016486,0
93693,-1.73357371457,0
93694,-1.89615317986,0
93695,-1.77375767376,0
93696,-1.83142199702,0
93697,-1.47979305591,0
93698,-1.34675926251,0
93699,-1.47696706012,0
93700,-1.59509884057,0
93701,-1.36228922682,0
93702,-1.34116159381,0
93703,-1.45805487487,0
93704,-1.45283173534,0
93705,-1.0995773092,0
93706,-0.987080819567,0
93707,-1.27153335164,0
93708,-0.89575882753,0
93709,-1.26428538811,0
93710,-0.809502241994,0
93711,-1.05768934277,0
93712,-0.926477745418,0
93713,-1.0311740706,0
93714,-0.849307408341,0
93715,-0.729221195023,0
93716,-0.622206558399,0
93717,-0.89778656906,0
93718,-0.525565921616,0
93719,-0.755346801759,0
93720,-0.736914876623,0
93721,-0.757571664652,0
93722,-0.483606063985,0
93723,-0.677952984295,0
93724,-0.648046823836,0
93725,-0.629277076031,0
93726,-0.565623753399,0
93727,-0.445616665062,0
93728,-0.174656489895,0
93729,-0.321461180743,0
93730,-0.445444399316,0
93731,-0.102247257091,0
93732,-0.119248150152,0
93733,-0.427964741542,0
93734,-0.131473448089,0
93735,0.00227862353624,0
93736,0.00440398558634,0
93737,-0.295471307447,0
93738,0.0526474076746,0
93739,-0.301035429488,0
93740,0.0285565936201,0
93741,0.0912516480503,0
93742,-0.0781425203984,0
93743,-0.0524477150099,0
93744,-0.27637100688,0
93745,-0.190882333146,0
93746,0.134509387636,0
93747,0.0727332756079,0
93748,-0.0039531703399,0
93749,-0.267221944729,0
93750,-0.24978233019,0
93751,-0.0113339408981,0
93752,0.12467748506,0
93753,0.0513880832265,0
93754,-0.0837896406623,0
93755,-0.117535686489,0
93756,-0.0440627675785,0
93757,-0.0767639832319,0
93758,-0.160711053048,0
93759,-0.340446624401,0
93760,-0.0986815835176,0
93761,-0.367072149841,0
93762,-0.199857453718,0
93763,-0.399995823877,0
93764,-0.0986148324707,0
93765,-0.391324379155,0
93766,-0.190990589652,0
93767,-0.398057517647,0
93768,-0.396167537428,0
93769,-0.189661359018,0
93770,-0.552442381175,0
93771,-0.44430765033,0
93772,-0.607210937915,0
93773,-0.30664973331,0
93774,-0.595521127737,0
93775,-0.708784065724,0
93776,-0.44860885789,0
93777,-0.364826984156,0
93778,-0.662045191076,0
93779,-0.463739917087,0
93780,-0.667764427465,0
93781,-0.512537748007,0
93782,-0.583681514276,0
93783,-1.00049265681,0
93784,-0.705584483504,0
93785,-0.659209786615,0
93786,-1.0855540149,0
93787,-1.12814307587,0
93788,-0.811962520162,0
93789,-0.834274615984,0
93790,-1.14708868272,0
93791,-1.12154418235,0
93792,-1.35809530217,0
93793,-1.33889799378,0
93794,-1.08773064154,0
93795,-1.08724053787,0
93796,-1.26111368335,0
93797,-1.17963350851,0
93798,-1.55318483479,0
93799,-1.26046893558,0
93800,-1.73833834059,0
93801,-1.67261604606,0
93802,-1.45835504979,0
93803,-1.65586783133,0
93804,-1.83303326015,0
93805,-1.98368318424,0
93806,-1.70771932754,0
93807,-2.07475079737,0
93808,-2.00350291754,0
93809,-1.96181546211,0
93810,-1.82014951055,0
93811,-2.07563050994,0
93812,-1.98926668566,0
93813,-2.20918440775,0
93814,-2.31429456308,0
93815,-2.03839807152,0
93816,-2.28652463713,0
93817,-2.50038382561,0
93818,-2.49599803946,0
93819,-2.33006086339,0
93820,-2.21786226056,0
93821,-2.58442372303,0
93822,-2.48535105412,0
93823,-2.71529457517,0
93824,-2.74740717232,0
93825,-2.3974193351,0
93826,-2.46099801907,0
93827,-2.4202179142,0
93828,-2.49209696339,0
93829,-2.52798549604,0
93830,-2.71910936035,0
93831,-2.83644445248,0
93832,-2.8456056623,0
93833,-2.63103179462,0
93834,-3.01093468236,0
93835,-3.03213224547,0
93836,-2.63719879173,0
93837,-2.92926930127,0
93838,-2.98525653496,0
93839,-3.09182461553,0
93840,-3.11729019283,0
93841,-2.71367362458,0
93842,-3.08567194955,0
93843,-3.1288745076,0
93844,-2.84558337003,0
93845,-2.8258393919,0
93846,-2.93643971258,0
93847,-2.80830246511,0
93848,-3.01012897214,0
93849,-3.14798354965,0
93850,-3.01873380396,0
93851,-2.76635313176,0
93852,-3.18244845583,0
93853,-3.03696917388,0
93854,-3.15391845026,0
93855,-2.89473770714,0
93856,-3.15645739753,0
93857,-2.76519056933,0
93858,-2.8827119255,0
93859,-3.03525443037,0
93860,-3.11277596747,0
93861,-2.79576054144,0
93862,-2.67806360811,0
93863,-2.66613241802,0
93864,-2.68991741942,0
93865,-2.71516019145,0
93866,-2.85776090809,0
93867,-2.68657845278,0
93868,-2.56378155369,0
93869,-2.77451103134,0
93870,-2.87370009643,0
93871,-2.55668939112,0
93872,-2.53144422629,0
93873,-2.53158546361,0
93874,-2.68689410522,0
93875,-2.75215101893,0
93876,-2.5319602553,0
93877,-2.50552676054,0
93878,-2.37732798234,0
93879,-2.5129908621,0
93880,-2.58462459576,0
93881,-2.55612466695,0
93882,-2.14626693843,0
93883,-2.08979875655,0
93884,-2.43519713746,0
93885,-1.9852691423,0
93886,-2.04456937711,0
93887,-1.90900525777,0
93888,-1.95190935381,0
93889,-1.82787833407,0
93890,-1.80829521389,0
93891,-2.15311198961,0
93892,-1.93411871025,0
93893,-1.84139077622,0
93894,-2.00397024152,0
93895,-1.88157473542,0
93896,-1.93923905868,0
93897,-1.58761011756,0
93898,-1.45457632416,0
93899,-1.58478412178,0
93900,-1.70291590222,0
93901,-1.47010628847,0
93902,-1.44897865547,0
93903,-1.56587193653,0
93904,-1.56064879699,0
93905,-1.20739437086,0
93906,-1.09489788122,0
93907,-1.3793504133,0
93908,-1.00357588918,0
93909,-1.37210244976,0
93910,-0.917319303649,0
93911,-1.16550640442,0
93912,-1.03429480707,0
93913,-1.13899113225,0
93914,-0.957124469996,0
93915,-0.837038256678,0
93916,-0.730023620054,0
93917,-1.00560363072,0
93918,-0.633382983271,0
93919,-0.863163863414,0
93920,-0.844731938278,0
93921,-0.865388726306,0
93922,-0.591423125639,0
93923,-0.785770045949,0
93924,-0.755863885491,0
93925,-0.737094137686,0
93926,-0.673440815053,0
93927,-0.553433726716,0
93928,-0.28247355155,0
93929,-0.429278242397,0
93930,-0.553261460971,0
93931,-0.210064318746,0
93932,-0.227065211807,0
93933,-0.535781803197,0
93934,-0.239290509744,0
93935,-0.105538438118,0
93936,-0.103413076068,0
93937,-0.403288369102,0
93938,-0.05516965398,0
93939,-0.408852491142,0
93940,-0.0792604680344,0
93941,-0.0165654136043,0
93942,-0.185959582053,0
93943,-0.160264776664,0
93944,-0.384188068535,0
93945,-0.298699394801,0
93946,0.0266923259813,0
93947,-0.0350837860466,0
93948,-0.111770231994,0
93949,-0.375039006384,0
93950,-0.357599391845,0
93951,-0.119151002553,0
93952,0.0168604234054,0
93953,-0.0564289784281,0
93954,-0.191606702317,0
93955,-0.225352748143,0
93956,-0.151879829233,0
93957,-0.184581044886,0
93958,-0.268528114702,0
93959,-0.448263686056,0
93960,-0.206498645172,0
93961,-0.474889211496,0
93962,-0.307674515373,0
93963,-0.507812885532,0
93964,-0.206431894125,0
93965,-0.499141440809,0
93966,-0.298807651307,0
93967,-0.505874579302,0
93968,-0.503984599083,0
93969,-0.297478420673,0
93970,-0.66025944283,0
93971,-0.552124711985,0
93972,-0.71502799957,0
93973,-0.414466794964,0
93974,-0.703338189391,0
93975,-0.816601127379,0
93976,-0.556425919545,0
93977,-0.47264404581,0
93978,-0.769862252731,0
93979,-0.571556978742,0
93980,-0.775581489119,0
93981,-0.620354809662,0
93982,-0.691498575931,0
93983,-1.10830971846,0
93984,-0.813401545159,0
93985,-0.76702684827,0
93986,-1.19337107656,0
93987,-1.23596013753,0
93988,-0.919779581816,0
93989,-0.942091677638,0
93990,-1.25490574437,0
93991,-1.229361244,0
93992,-1.46591236383,0
93993,-1.44671505543,0
93994,-1.1955477032,0
93995,-1.19505759953,0
93996,-1.368930745,0
93997,-1.28745057016,0
93998,-1.66100189645,0
93999,-1.36828599724,0
94000,-1.58356555509,0
94001,-1.51784326055,0
94002,-1.30358226429,0
94003,-1.50109504582,0
94004,-1.67826047464,0
94005,-1.82891039873,0
94006,-1.55294654203,0
94007,-1.91997801186,0
94008,-1.84873013203,0
94009,-1.80704267661,0
94010,-1.66537672504,0
94011,-1.92085772444,0
94012,-1.83449390015,0
94013,-2.05441162225,0
94014,-2.15952177757,0
94015,-1.88362528601,0
94016,-2.13175185163,0
94017,-2.3456110401,0
94018,-2.34122525396,0
94019,-2.17528807789,0
94020,-2.06308947505,0
94021,-2.42965093753,0
94022,-2.33057826862,0
94023,-2.56052178966,0
94024,-2.59263438682,0
94025,-2.24264654959,0
94026,-2.30622523357,0
94027,-2.26544512869,0
94028,-2.33732417789,0
94029,-2.37321271054,0
94030,-2.56433657485,0
94031,-2.68167166698,0
94032,-2.6908328768,0
94033,-2.47625900912,0
94034,-2.85616189686,0
94035,-2.87735945996,0
94036,-2.48242600622,0
94037,-2.77449651576,0
94038,-2.83048374945,0
94039,-2.93705183003,0
94040,-2.96251740732,0
94041,-2.55890083907,0
94042,-2.93089916405,0
94043,-2.9741017221,0
94044,-2.69081058453,0
94045,-2.6710666064,0
94046,-2.78166692708,0
94047,-2.6535296796,0
94048,-2.85535618663,0
94049,-2.99321076414,0
94050,-2.86396101846,0
94051,-2.61158034625,0
94052,-3.02767567032,0
94053,-2.88219638837,0
94054,-2.99914566475,0
94055,-2.73996492163,0
94056,-3.00168461203,0
94057,-2.61041778382,0
94058,-2.72793913999,0
94059,-2.88048164486,0
94060,-2.95800318197,0
94061,-2.64098775593,0
94062,-2.52329082261,0
94063,-2.51135963251,0
94064,-2.53514463391,0
94065,-2.56038740595,0
94066,-2.70298812259,0
94067,-2.53180566727,0
94068,-2.40900876819,0
94069,-2.61973824583,0
94070,-2.71892731093,0
94071,-2.40191660561,0
94072,-2.37667144078,0
94073,-2.37681267811,0
94074,-2.53212131972,0
94075,-2.59737823342,0
94076,-2.3771874698,0
94077,-2.35075397504,0
94078,-2.22255519684,0
94079,-2.35821807659,0
94080,-2.42985181025,0
94081,-2.40135188144,0
94082,-1.99149415293,0
94083,-1.93502597105,0
94084,-2.28042435196,0
94085,-1.8304963568,0
94086,-1.88979659161,0
94087,-1.75423247226,0
94088,-1.79713656831,0
94089,-1.67310554857,0
94090,-1.65352242838,0
94091,-1.9983392041,0
94092,-1.77934592475,0
94093,-1.68661799072,0
94094,-1.84919745601,0
94095,-1.72680194991,0
94096,-1.78446627317,0
94097,-1.43283733206,0
94098,-1.29980353866,0
94099,-1.43001133627,0
94100,-1.54814311672,0
94101,-1.31533350297,0
94102,-1.29420586996,0
94103,-1.41109915102,0
94104,-1.40587601149,0
94105,-1.05262158535,0
94106,-0.940125095717,0
94107,-1.22457762779,0
94108,-0.848803103681,0
94109,-1.21732966426,0
94110,-0.762546518144,0
94111,-1.01073361892,0
94112,-0.879522021568,0
94113,-0.984218346748,0
94114,-0.802351684492,0
94115,-0.682265471173,0
94116,-0.575250834549,0
94117,-0.850830845211,0
94118,-0.478610197766,0
94119,-0.70839107791,0
94120,-0.689959152773,0
94121,-0.710615940802,0
94122,-0.436650340135,0
94123,-0.630997260445,0
94124,-0.601091099986,0
94125,-0.582321352181,0
94126,-0.518668029549,0
94127,-0.398660941212,0
94128,-0.127700766045,0
94129,-0.274505456893,0
94130,-0.398488675466,0
94131,-0.0552915332413,0
94132,-0.0722924263024,0
94133,-0.381009017693,0
94134,-0.0845177242397,0
94135,0.0492343473859,0
94136,0.051359709436,0
94137,-0.248515583598,0
94138,0.0996031315243,0
94139,-0.254079705638,0
94140,0.0755123174698,0
94141,0.1382073719,0
94142,-0.0311867965487,0
94143,-0.00549199116027,0
94144,-0.229415283031,0
94145,-0.143926609297,0
94146,0.181465111486,0
94147,0.119688999458,0
94148,0.0430025535097,0
94149,-0.220266220879,0
94150,-0.20282660634,0
94151,0.0356217829515,0
94152,0.17163320891,0
94153,0.0983438070761,0
94154,-0.0368339168127,0
94155,-0.0705799626389,0
94156,0.00289295627113,0
94157,-0.0298082593822,0
94158,-0.113755329198,0
94159,-0.293490900551,0
94160,-0.0517258596679,0
94161,-0.320116425992,0
94162,-0.152901729869,0
94163,-0.353040100028,0
94164,-0.051659108621,0
94165,-0.344368655305,0
94166,-0.144034865802,0
94167,-0.351101793798,0
94168,-0.349211813578,0
94169,-0.142705635168,0
94170,-0.505486657326,0
94171,-0.397351926481,0
94172,-0.560255214066,0
94173,-0.25969400946,0
94174,-0.548565403887,0
94175,-0.661828341875,0
94176,-0.401653134041,0
94177,-0.317871260306,0
94178,-0.615089467227,0
94179,-0.416784193238,0
94180,-0.620808703615,0
94181,-0.465582024158,0
94182,-0.536725790427,0
94183,-0.95353693296,0
94184,-0.658628759655,0
94185,-0.612254062765,0
94186,-1.03859829105,0
94187,-1.08118735202,0
94188,-0.765006796312,0
94189,-0.787318892134,0
94190,-1.10013295887,0
94191,-1.0745884585,0
94192,-1.31113957832,0
94193,-1.29194226993,0
94194,-1.04077491769,0
94195,-1.04028481402,0
94196,-1.2141579595,0
94197,-1.13267778466,0
94198,-1.50622911094,0
94199,-1.21351321173,0
94200,-1.40752769608,0
94201,-1.34180540154,0
94202,-1.12754440528,0
94203,-1.32505718681,0
94204,-1.50222261563,0
94205,-1.65287253972,0
94206,-1.37690868302,0
94207,-1.74394015285,0
94208,-1.67269227302,0
94209,-1.6310048176,0
94210,-1.48933886603,0
94211,-1.74481986543,0
94212,-1.65845604114,0
94213,-1.87837376324,0
94214,-1.98348391856,0
94215,-1.707587427,0
94216,-1.95571399262,0
94217,-2.16957318109,0
94218,-2.16518739495,0
94219,-1.99925021888,0
94220,-1.88705161604,0
94221,-2.25361307852,0
94222,-2.15454040961,0
94223,-2.38448393065,0
94224,-2.41659652781,0
94225,-2.06660869058,0
94226,-2.13018737456,0
94227,-2.08940726968,0
94228,-2.16128631888,0
94229,-2.19717485153,0
94230,-2.38829871584,0
94231,-2.50563380797,0
94232,-2.51479501779,0
94233,-2.30022115011,0
94234,-2.68012403785,0
94235,0.156389726796,1
94236,0.15819824922,1
94237,0.156791368044,1
94238,0.152172306824,1
94239,0.144351649118,1
94240,0.133347314229,1
94241,0.119184516155,1
94242,0.101895705809,1
94243,0.0815204966726,1
94244,0.0581055740242,1
94245,0.0317045879733,1
94246,0.00237803053233,1
94247,-0.0298069029875,1
94248,-0.0647764679391,1
94249,-0.102450539309,1
94250,-0.142742795308,1
94251,-0.185560915153,1
94252,-0.230806790607,1
94253,-0.278376750766,1
94254,-0.328161799604,1
94255,-0.380047865706,1
94256,-0.433916063643,1
94257,-0.48964296637,1
94258,-0.547100888033,1
94259,-0.606158176528,1
94260,-0.666679515159,1
94261,-0.728526232683,1
94262,-0.791556621043,1
94263,-0.855626260065,1
94264,-0.920588348361,1
94265,-0.986294039692,1
94266,-1.05259278402,1
94267,-1.11933267245,1
94268,-1.18636078532,1
94269,-1.25352354255,1
94270,-1.32066705555,1
94271,-1.38763747984,1
94272,-1.45428136752,1
94273,-1.52044601888,1
94274,-1.58597983228,1
94275,-1.65073265149,1
94276,-1.71455610978,1
94277,-1.77730396983,1
94278,-1.8388324588,1
94279,-1.8990005978,1
94280,-1.95767052486,1
94281,-2.01470781083,1
94282,-2.06998176742,1
94283,-2.12336574658,1
94284,-2.17473743075,1
94285,-2.2239791131,1
94286,-2.27097796722,1
94287,-2.31562630564,1
94288,-2.35782182658,1
94289,-2.39746784836,1
94290,-2.43447353089,1
94291,-2.46875408384,1
94292,-2.50023096093,1
94293,-2.52883203986,1
94294,-2.55449178759,1
94295,-2.5771514105,1
94296,-2.59675898907,1
94297,-2.61326959688,1
94298,-2.62664540354,1
94299,-2.63685576134,1
94300,-2.64387727551,1
94301,-2.6476938578,1
94302,-2.64829676337,1
94303,-2.64568461078,1
94304,-2.63986338521,1
94305,-2.6308464247,1
94306,-2.61865438963,1
94307,-2.60331521534,1
94308,-2.58486404815,1
94309,-2.56334316483,1
94310,-2.53880187571,1
94311,-2.51129641172,1
94312,-2.48088979554,1
94313,-2.4476516972,1
94314,-2.41165827444,1
94315,-2.37299199821,1
94316,-2.33174146373,1
94317,-2.28800118745,1
94318,-2.24187139054,1
94319,-2.1934577692,1
94320,-2.14287125253,1
94321,-2.09022774833,1
94322,-2.03564787752,1
94323,-1.9792566978,1
94324,-1.92118341705,1
94325,-1.86156109735,1
94326,-1.80052635004,1
94327,-1.73821902271,1
94328,-1.67478187881,1
94329,-1.61036027051,1
94330,-1.54510180565,1
94331,-1.47915600956,1
94332,-1.41267398241,1
94333,-1.34580805305,1
94334,-1.27871142995,1
94335,-1.21153785017,1
94336,-1.14444122707,1
94337,-1.07757529771,1
94338,-1.01109327056,1
94339,-0.945147474467,1
94340,-0.879889009609,1
94341,-0.815467401308,1
94342,-0.75203025741,1
94343,-0.689722930083,1
94344,-0.628688182766,1
94345,-0.569065863065,1
94346,-0.510992582322,1
94347,-0.454601402597,1
94348,-0.40002153179,1
94349,-0.347378027585,1
94350,-0.296791510915,1
94351,-0.248377889578,1
94352,-0.202248092665,1
94353,-0.158507816389,1
94354,-0.117257281906,1
94355,-0.0785910056796,1
94356,-0.0425975829181,1
94357,-0.0093594845782,1
94358,0.0210471315992,1
94359,0.0485525955874,1
94360,0.0730938847074,1
94361,0.0946147680307,1
94362,0.113065935219,1
94363,0.12840510951,1
94364,0.140597144582,1
94365,0.149614105088,1
94366,0.155435330659,1
94367,0.158047483247,1
94368,0.157444577682,1
94369,0.153627995388,1
94370,0.14660648122,1
94371,0.13639612342,1
94372,0.123020316764,1
94373,0.106509708949,1
94374,0.0869021303774,1
94375,0.0642425074718,1
94376,0.0385827597399,1
94377,0.00998168081064,1
94378,-0.021495196278,1
94379,-0.0557757492336,1
94380,-0.0927814317613,1
94381,-0.132427453535,1
94382,-0.174622974478,1
94383,-0.219271312897,1
94384,-0.266270167015,1
94385,-0.315511849365,1
94386,-0.36688353354,1
94387,-0.420267512701,1
94388,-0.475541469285,1
94389,-0.53257875526,1
94390,-0.59124868232,1
94391,-0.651416821319,1
94392,-0.712945310294,1
94393,-0.775693170338,1
94394,-0.839516628627,1
94395,-0.904269447843,1
94396,-0.969803261241,1
94397,-1.0359679126,1
94398,-1.10261180028,1
94399,-1.16958222457,1
94400,-1.35550963431,1
94401,-1.42267239154,1
94402,-1.48970050441,1
94403,-1.55644039284,1
94404,-1.62273913717,1
94405,-1.6884448285,1
94406,-1.7534069168,1
94407,-1.81747655582,1
94408,-1.88050694418,1
94409,-1.9423536617,1
94410,-2.00287500034,1
94411,-2.06193228883,1
94412,-2.11939021049,1
94413,-2.17511711322,1
94414,-2.22898531116,1
94415,-2.28087137726,1
94416,-2.3306564261,1
94417,-2.37822638626,1
94418,-2.42347226171,1
94419,-2.46629038156,1
94420,-2.50658263755,1
94421,-2.54425670892,1
94422,-2.57922627388,1
94423,-2.6114112074,1
94424,-2.64073776484,1
94425,-2.66713875089,1
94426,-2.69055367354,1
94427,-2.71092888267,1
94428,-2.72821769302,1
94429,-2.74238049109,1
94430,-2.75338482598,1
94431,-2.76120548369,1
94432,-2.76582454491,1
94433,-2.76723142608,1
94434,-2.76542290366,1
94435,-2.8201054977,0
94436,-2.42517204396,0
94437,-2.7172425535,0
94438,-2.77322978719,0
94439,-2.87979786776,0
94440,-2.90526344506,0
94441,-2.5016468768,0
94442,-2.87364520178,0
94443,-2.91684775983,0
94444,-2.63355662226,0
94445,-2.61381264413,0
94446,-2.72441296481,0
94447,-2.59627571734,0
94448,-2.79810222437,0
94449,-2.93595680188,0
94450,-2.80670705619,0
94451,-2.55432638399,0
94452,-2.97042170806,0
94453,-2.82494242611,0
94454,-2.94189170249,0
94455,-2.68271095937,0
94456,-2.94443064976,0
94457,-2.55316382156,0
94458,-2.67068517773,0
94459,-2.8232276826,0
94460,-2.9007492197,0
94461,-2.58373379367,0
94462,-2.46603686034,0
94463,-2.45410567024,0
94464,-2.47789067165,0
94465,-2.50313344368,0
94466,-2.64573416032,0
94467,-2.47455170501,0
94468,-2.35175480592,0
94469,-2.56248428357,0
94470,-2.66167334866,0
94471,-2.34466264335,0
94472,-2.31941747851,0
94473,-2.31955871584,0
94474,-2.47486735745,0
94475,-2.54012427116,0
94476,-2.31993350753,0
94477,-2.29350001277,0
94478,-2.16530123457,0
94479,-2.30096411433,0
94480,-2.37259784798,0
94481,-2.34409791918,0
94482,-1.93424019066,0
94483,-1.87777200878,0
94484,-2.22317038969,0
94485,-1.77324239453,0
94486,-1.83254262934,0
94487,-1.69697851,0
94488,-1.73988260604,0
94489,-1.6158515863,0
94490,-1.59626846612,0
94491,-1.94108524183,0
94492,-1.72209196248,0
94493,-1.62936402845,0
94494,-1.79194349375,0
94495,-1.66954798765,0
94496,-1.72721231091,0
94497,-1.37558336979,0
94498,-1.24254957639,0
94499,-1.37275737401,0
94500,-1.49088915445,0
94501,-1.2580795407,0
94502,-1.2369519077,0
94503,-1.35384518875,0
94504,-1.34862204922,0
94505,-0.995367623085,0
94506,-0.88287113345,0
94507,-1.16732366553,0
94508,-0.791549141414,0
94509,-1.16007570199,0
94510,-0.705292555878,0
94511,-0.953479656651,0
94512,-0.822268059302,0
94513,-0.926964384482,0
94514,-0.745097722225,0
94515,-0.625011508907,0
94516,-0.517996872283,0
94517,-0.793576882944,0
94518,-0.4213562355,0
94519,-0.651137115643,0
94520,-0.632705190507,0
94521,-0.653361978535,0
94522,-0.379396377869,0
94523,-0.573743298179,0
94524,-0.54383713772,0
94525,-0.525067389915,0
94526,-0.461414067283,0
94527,-0.341406978946,0
94528,-0.0704468037789,0
94529,-0.217251494627,0
94530,-0.3412347132,0
94531,0.00196242902518,0
94532,-0.0150384640359,0
94533,-0.323755055426,0
94534,-0.0272637619732,0
94535,0.106488309652,0
94536,0.108613671702,0
94537,-0.0176114356715,1
94538,0.0153507425072,1
94539,0.0306605291021,1
94540,0.0281219824567,1
94541,0.00776759205286,1
94542,-0.0301421373042,1
94543,-0.0851220195459,1
94544,-0.156468396973,1
94545,-0.243268145991,1
94546,-0.34441036368,1
94547,-0.458600585642,1
94548,-0.584377353149,1
94549,-0.720130917559,1
94550,-0.864123842616,1
94551,-1.01451324095,1
94552,-1.16937436022,1
94553,-1.32672521692,1
94554,-1.48455196277,1
94555,-1.64083465883,1
94556,-1.79357312762,1
94557,-1.94081255231,1
94558,-2.08066849534,1
94559,-2.21135101634,1
94560,-2.33118758059,1
94561,-2.43864446489,1
94562,-2.53234638684,1
94563,-2.61109410636,1
94564,-2.67387977408,1
94565,-2.7198998303,1
94566,-2.74856528927,1
94567,-2.75950927732,1
94568,-2.75259172829,1
94569,-2.72790117613,1
94570,-2.68575362183,1
94571,-2.62668848909,1
94572,-2.55146172051,1
94573,-2.46103610271,1
94574,-2.35656894413,1
94575,-2.23939726329,1
94576,-2.11102067699,1
94577,-1.97308220754,1
94578,-1.82734725462,1
94579,-1.67568100086,1
94580,-1.5200245404,1
94581,-1.36237003586,1
94582,-1.20473522177,1
94583,-1.04913758062,1
94584,-0.897568522241,1
94585,-0.75196789683,1
94586,-0.614199167832,1
94587,-0.486025562502,1
94588,-0.36908750531,1
94589,-0.264881623038,1
94590,-0.174741590265,1
94591,-0.0998210603898,1
94592,-0.0410789006475,1
94593,0.000733079913601,1
94594,0.0250797524277,1
94595,0.0316495170358,1
94596,0.0203582908833,1
94597,-0.00864941574925,1
94598,-0.0550023489546,1
94599,-0.118107262677,1
94600,-0.168021690509,1
94601,-0.262003565655,1
94602,-0.369715244223,1
94603,-0.489778182848,1
94604,-0.620655761084,1
94605,-0.76067294778,1
94606,-0.90803773889,1
94607,-1.06086409236,1
94608,-1.21719606658,1
94609,-1.37503285337,1
94610,-1.53235438529,1
94611,-1.68714718936,1
94612,-1.83743015644,1
94613,-1.9812798963,1
94614,-2.11685535415,1
94615,-2.24242137321,1
94616,-2.35637090209,1
94617,-2.45724556257,1
94618,-2.54375431457,1
94619,-2.61478997949,1
94620,-2.66944341036,1
94621,-2.70701512757,1
94622,-2.72702427108,1
94623,-2.7292147547,1
94624,-2.71355854364,1
94625,-2.68025601325,1
94626,-2.62973338454,1
94627,-2.56263726926,1
94628,-2.4798263942,1
94629,-2.38236061083,1
94630,-2.27148733087,1
94631,-2.14862556131,1
94632,-2.01534774331,1
94633,-1.87335962738,1
94634,-1.72447844244,1
94635,-1.57060963803,1
94636,-1.41372249754,1
94637,-1.2558249344,1
94638,-1.09893779391,1
94639,-0.945068989496,1
94640,-0.796187804552,1
94641,-0.654199688629,1
94642,-0.520921870626,1
94643,-0.398060101064,1
94644,-0.287186821107,1
94645,-0.18972103774,1
94646,-0.106910162674,1
94647,-0.039814047392,1
94648,0.0107085813109,1
94649,0.0440111117069,1
94650,0.0596673227682,1
94651,0.0574768391395,1
94652,0.0374676956329,1
94653,-0.00010402157426,1
94654,-0.0547574524475,1
94655,-0.125793117362,1
94656,-0.212301869363,1
94657,-0.313176529845,1
94658,-0.42712605873,1
94659,-0.552692077789,1
94660,-0.688267535635,1
94661,-0.832117275502,1
94662,-0.982400242574,1
94663,-1.13719304665,1
94664,-1.29451457857,1
94665,-1.45235136536,1
94666,-1.60868333957,1
94667,-1.76150969305,1
94668,-1.90887448416,1
94669,-2.04889167085,1
94670,-2.17976924909,1
94671,-2.29983218771,1
94672,-2.40754386628,1
94673,-2.50152574143,1
94674,-2.5805749901,1
94675,-2.64367990382,1
94676,-2.69003283702,1
94677,-2.71904054366,1
94678,-2.73033176981,1
94679,-2.7237620052,1
94680,-2.69941533269,1
94681,-2.65760335212,1
94682,-2.59886119238,1
94683,-2.52394066251,1
94684,-2.43380062973,1
94685,-2.32959474746,1
94686,-2.21265669027,1
94687,-2.08448308494,1
94688,-1.94671435594,1
94689,-1.80111373053,1
94690,-1.64954467216,1
94691,-1.493947031,1
94692,-1.33631221691,1
94693,-1.17865771237,1
94694,-1.02300125191,1
94695,-0.871334998151,1
94696,-0.725600045231,1
94697,-0.587661575785,1
94698,-0.459284989485,1
94699,-0.342113308643,1
94700,-0.237646150063,1
94701,-0.147220532259,1
94702,-0.0719937636782,1
94703,-0.0129286309378,1
94704,0.0292189233575,1
94705,0.0539094755154,1
94706,0.060827024548,1
94707,0.0498830364964,1
94708,0.0212175775289,1
94709,-0.0248024786895,1
94710,-0.0875881464145,1
94711,-0.166335865932,1
94712,-0.260037787882,1
94713,-0.367494672178,1
94714,-0.487331236428,1
94715,-0.61801375743,1
94716,-0.757869700464,1
94717,-0.905109125154,1
94718,-1.05784759395,1
94719,-1.21413029001,1
94720,-1.37195703585,1
94721,-1.52930789255,1
94722,-1.68416901182,1
94723,-1.83455841016,1
94724,-1.97855133521,1
94725,-2.11430489962,1
94726,-2.24008166713,1
94727,-2.35427188909,1
94728,-2.45541410678,1
94729,-2.5422138558,1
94730,-2.61356023323,1
94731,-2.66854011547,1
94732,-2.70644984483,1
94733,-2.72680423523,1
94734,-2.72934278187,1
94735,-2.71403299528,1
94736,-2.6810708171,1
94737,-0.162126800496,0
94738,0.185991914626,0
94739,-0.167690922536,0
94740,0.161901100572,0
94741,0.224596155002,0
94742,0.0552019865532,0
94743,0.0808967919417,0
94744,-0.143026499929,0
94745,-0.0575378261947,0
94746,0.267853894587,0
94747,0.20607778256,0
94748,0.129391336612,0
94749,-0.133877437777,0
94750,-0.116437823238,0
94751,0.122010566053,0
94752,0.258021992012,0
94753,0.184732590178,0
94754,0.0495548662893,0
94755,0.015808820463,0
94756,0.0892817393731,0
94757,0.0565805237197,0
94758,-0.027366546096,0
94759,-0.207102117449,0
94760,0.034662923434,0
94761,-0.23372764289,0
94762,-0.0665129467668,0
94763,-0.266651316926,0
94764,0.0347296744809,0
94765,-0.257979872203,0
94766,-0.0576460827005,0
94767,-0.264713010696,0
94768,-0.262823030477,0
94769,-0.0563168520665,0
94770,-0.419097874224,0
94771,-0.310963143379,0
94772,-0.473866430964,0
94773,-0.173305226358,0
94774,-0.462176620785,0
94775,-0.575439558773,0
94776,-0.315264350939,0
94777,-0.231482477204,0
94778,-0.528700684125,0
94779,-0.330395410136,0
94780,-0.534419920513,0
94781,-0.379193241056,0
94782,-0.450337007325,0
94783,-0.867148149858,0
94784,-0.572239976553,0
94785,-0.525865279663,0
94786,-0.952209507952,0
94787,-0.994798568922,0
94788,-0.67861801321,0
94789,-0.700930109032,0
94790,-1.01374417577,0
94791,-0.988199675396,0
94792,-1.22475079522,0
94793,-1.20555348682,0
94794,-0.954386134593,0
94795,-0.953896030923,0
94796,-1.1277691764,0
94797,-1.04628900156,0
94798,-1.41984032784,0
94799,-1.12712442863,0
94800,-1.6252094987,0
94801,-1.55948720416,0
94802,-1.3452262079,0
94803,-1.54273898944,0
94804,-1.71990441825,0
94805,-1.87055434235,0
94806,-1.59459048564,0
94807,-1.96162195548,0
94808,-1.89037407564,0
94809,-1.84868662022,0
94810,-1.70702066866,0
94811,-1.96250166805,0
94812,-1.87613784377,0
94813,-2.09605556586,0
94814,-2.20116572119,0
94815,-1.92526922962,0
94816,-2.17339579524,0
94817,-2.38725498371,0
94818,-2.38286919757,0
94819,-2.2169320215,0
94820,-2.10473341866,0
94821,-2.47129488114,0
94822,-2.37222221223,0
94823,-2.60216573328,0
94824,-2.68652709477,1
94825,-2.62520939266,1
94826,-2.55767477018,1
94827,-2.4842844251,1
94828,-2.40543087358,1
94829,-2.32153585082,1
94830,-2.23304805552,1
94831,-2.14044075004,1
94832,-2.04420922928,1
94833,-1.94486817165,1
94834,-1.8429488864,1
94835,-1.73899647201,1
94836,-1.63356690083,1
94837,-1.52722404551,1
94838,-1.42053666327,1
94839,-1.31407535397,1
94840,-1.20840950836,1
94841,-1.10410426278,1
94842,-1.00171747662,1
94843,-0.901796748712,1
94844,-0.804876488585,1
94845,-0.711475058259,1
94846,-0.622091999871,1
94847,-0.537205363961,1
94848,-0.457269152694,1
94849,-0.382710891708,1
94850,-0.313929343557,1
94851,-0.251292375005,1
94852,-0.195134989541,1
94853,-0.145757535676,1
94854,-0.103424100574,1
94855,-0.0683610976289,1
94856,-0.0407560555251,1
94857,-0.020756615276,1
94858,-0.00846974058759,1
94859,-0.00396114578194,1
94860,-0.00725494433441,1
94861,-0.0183335199069,1
94862,-0.037137620566,1
94863,-0.063566675682,1
94864,-0.0974793338145,1
94865,-0.138694218707,1
94866,-0.186990899348,1
94867,-0.242111068911,1
94868,-0.303759926264,1
94869,-0.371607752664,1
94870,-0.445291675208,1
94871,-0.524417607594,1
94872,-0.608562357828,1
94873,-0.697275891598,1
94874,-0.790083739207,1
94875,-0.886489533195,1
94876,-0.985977663079,1
94877,-1.08801603301,1
94878,-1.19205890761,1
94879,-1.29754983073,1
94880,-1.40392460157,1
94881,-1.51061429222,1
94882,-1.61704829047,1
94883,-1.72265735166,1
94884,-1.82687664313,1
94885,-1.9291487652,1
94886,-2.02892673232,1
94887,-2.12567689847,1
94888,-2.21888181137,1
94889,-2.30804297991,1
94890,-2.39268354029,1
94891,-2.47235080646,1
94892,-2.54661869117,1
94893,-2.6150899849,1
94894,-2.67739848023,1
94895,-2.73321093046,1
94896,-2.78222883191,1
94897,-2.82419002041,1
94898,-2.85887007348,1
94899,-2.88608351058,1
94900,-2.90568478512,1
94901,-2.91756906292,1
94902,-2.92167278289,1
94903,-2.91797399695,1
94904,-2.90649248746,1
94905,-2.88728966136,1
94906,-2.86046822181,1
94907,-2.82617161886,1
94908,-2.78458328222,1
94909,-2.73592564024,1
94910,-2.68045893031,1
94911,-2.61847980696,1
94912,-2.55031975531,1
94913,-2.47634331815,1
94914,-2.39694614625,1
94915,-2.31255288227,1
94916,-2.22361488968,1
94917,-2.13060783864,1
94918,-2.03402916202,1
94919,-1.93439539494,1
94920,-1.83223941217,1
94921,-1.72810757811,1
94922,-1.62255682471,1
94923,-1.51615167274,1
94924,-1.40946121262,1
94925,-1.30305606066,1
94926,-1.19750530725,1
94927,-1.0933734732,1
94928,-0.99121749042,1
94929,-0.891583723342,1
94930,-0.795005046725,1
94931,-0.701997995686,1
94932,-0.613060003091,1
94933,-0.528666739118,1
94934,-0.449269567215,1
94935,-0.375293130055,1
94936,-0.307133078405,1
94937,-0.245153955056,1
94938,-0.189687245122,1
94939,-0.141029603149,1
94940,-0.099441266506,1
94941,-0.0651446635501,1
94942,-0.038323224003,1
94943,-0.0191203979084,1
94944,-0.0076388884132,1
94945,-0.0039401024765,1
94946,-0.00804382244457,1
94947,-0.0199281002483,1
94948,-0.0395293747887,1
94949,-0.0667428118832,1
94950,-0.101422864954,1
94951,-0.143384053459,1
94952,-0.192401954906,1
94953,-0.248214405136,1
94954,-0.310522900469,1
94955,-0.378994194198,1
94956,-0.453262078907,1
94957,-0.532929345069,1
94958,-0.617569905456,1
94959,-0.706731073997,1
94960,-0.799935986893,1
94961,-0.896686153047,1
94962,-0.99646412016,1
94963,-1.09873624224,1
94964,-1.20295553371,1
94965,-1.30856459489,1
94966,-1.41499859315,1
94967,-1.5216882838,1
94968,-1.62806305463,1
94969,-1.73355397775,1
94970,-1.83759685235,1
94971,-1.93963522228,1
94972,-2.03912335217,1
94973,-2.13552914616,1
94974,-2.22833699377,1
94975,-2.31705052754,1
94976,-2.40119527777,1
94977,-2.48032121016,1
94978,-2.5540051327,1
94979,-2.6218529591,1
94980,-2.68350181645,1
94981,-2.73862198602,1
94982,-2.78691866666,1
94983,-2.82813355155,1
94984,-2.86204620968,1
94985,-2.8884752648,1
94986,-2.90727936546,1
94987,-2.91835794103,1
94988,-2.92165173958,1
94989,-2.91714314478,1
94990,-2.90485627009,1
94991,-2.88485682984,1
94992,-2.85725178774,1
94993,-2.82218878479,1
94994,-2.77985534969,1
94995,-2.73047789582,1
94996,-2.67432051036,1
94997,-2.61168354181,1
94998,-2.54290199366,1
94999,-2.46834373267,1
95000,-2.34253547906,1
95001,-2.25764884315,1
95002,-2.16826578476,1
95003,-2.07486435444,1
95004,-1.97794409431,1
95005,-1.8780233664,1
95006,-1.77563658024,1
95007,-1.67133133466,1
95008,-1.56566548905,1
95009,-1.45920417975,1
95010,-1.35251679751,1
95011,-1.24617394219,1
95012,-1.14074437101,1
95013,-1.03679195662,1
95014,-0.934872671376,1
95015,-0.835531613744,1
95016,-0.739300092983,1
95017,-0.646692787504,1
95018,-0.558204992201,1
95019,-0.474309969444,1
95020,-0.395456417922,1
95021,-0.322066072842,1
95022,-0.254531450357,1
95023,-0.19321374825,1
95024,-2.58840628809,0
95025,-2.23841845086,0
95026,-2.30199713484,0
95027,-2.26121702996,0
95028,-2.33309607916,0
95029,-2.36898461181,0
95030,-2.56010847612,0
95031,-2.67744356824,0
95032,-2.68660477807,0
95033,-2.47203091039,0
95034,-2.85193379813,0
95035,-2.87313136123,0
95036,-2.47819790749,0
95037,-2.77026841703,0
95038,-2.82625565072,0
95039,-2.9328237313,0
95040,-2.95828930859,0
95041,-2.55467274034,0
95042,-2.92667106532,0
95043,-2.96987362337,0
95044,-2.6865824858,0
95045,-2.66683850767,0
95046,-2.77743882835,0
95047,-2.64930158087,0
95048,-2.8511280879,0
95049,-2.98898266541,0
95050,-2.85973291973,0
95051,-2.60735224752,0
95052,-3.02344757159,0
95053,-2.87796828964,0
95054,-2.99491756602,0
95055,-2.7357368229,0
95056,-2.9974565133,0
95057,-2.60618968509,0
95058,-2.72371104126,0
95059,-2.87625354613,0
95060,-2.95377508324,0
95061,-2.6367596572,0
95062,-2.51906272387,0
95063,-2.50713153378,0
95064,-2.53091653518,0
95065,-2.55615930722,0
95066,-2.69876002386,0
95067,-2.52757756854,0
95068,-2.40478066946,0
95069,-2.6155101471,0
95070,-2.7146992122,0
95071,-2.39768850688,0
95072,-2.37244334205,0
95073,-2.37258457938,0
95074,-2.52789322099,0
95075,-2.59315013469,0
95076,-2.37295937107,0
95077,-2.34652587631,0
95078,-2.21832709811,0
95079,-2.35398997786,0
95080,-2.42562371152,0
95081,-2.39712378271,0
95082,-1.9872660542,0
95083,-1.93079787232,0
95084,-2.27619625323,0
95085,-1.82626825806,0
95086,-1.88556849288,0
95087,-1.75000437353,0
95088,-1.79290846958,0
95089,-1.66887744984,0
95090,-1.64929432965,0
95091,-1.99411110537,0
95092,-1.77511782601,0
95093,-1.68238989199,0
95094,-1.84496935728,0
95095,-1.72257385118,0
95096,-1.78023817444,0
95097,-1.42860923333,0
95098,-1.29557543993,0
95099,-1.42578323754,0
95100,-1.54391501799,0
95101,-1.31110540424,0
95102,-1.28997777123,0
95103,-1.40687105229,0
95104,-1.40164791276,0
95105,-1.04839348662,0
95106,-0.935896996986,0
95107,-1.22034952906,0
95108,-0.84457500495,0
95109,-1.21310156553,0
95110,-0.758318419414,0
95111,-1.00650552019,0
95112,-0.875293922837,0
95113,-0.979990248018,0
95114,-0.798123585761,0
95115,-0.678037372443,0
95116,-0.571022735818,0
95117,-0.84660274648,0
95118,-0.474382099036,0
95119,-0.704162979179,0
95120,-0.685731054043,0
95121,-0.706387842071,0
95122,-0.432422241404,0
95123,-0.626769161714,0
95124,-0.596863001256,0
95125,-0.57809325345,0
95126,-0.514439930818,0
95127,-0.394432842481,0
95128,-0.123472667315,0
95129,-0.270277358162,0
95130,-0.394260576736,0
95131,-0.0510634345104,0
95132,-0.0680643275715,0
95133,-0.376780918962,0
95134,-0.0802896255088,0
95135,0.0534624461168,0
95136,0.0555878081669,0
95137,-0.244287484867,0
95138,0.103831230255,0
95139,-0.249851606907,0
95140,0.0797404162007,0
95141,0.142435470631,0
95142,-0.0269586978178,0
95143,-0.00126389242938,0
95144,-0.2251871843,0
95145,-0.139698510566,0
95146,0.185693210216,0
95147,0.123917098188,0
95148,0.0472306522406,0
95149,-0.216038122148,0
95150,-0.198598507609,0
95151,0.0398498816824,0
95152,0.175861307641,0
95153,0.102571905807,0
95154,-0.0326058180818,0
95155,-0.0663518639081,0
95156,0.00712105500201,0
95157,-0.0255801606513,0
95158,-0.109527230467,0
95159,-0.28926280182,0
95160,-0.0474977609371,0
95161,-0.315888327261,0
95162,-0.148673631138,0
95163,-0.348812001297,0
95164,-0.0474310098901,0
95165,-0.340140556574,0
95166,-0.139806767072,0
95167,-0.346873695067,0
95168,-0.344983714848,0
95169,-0.138477536438,0
95170,-0.501258558595,0
95171,-0.39312382775,0
95172,-0.556027115335,0
95173,-0.255465910729,0
95174,-0.544337305156,0
95175,-0.657600243144,0
95176,-0.39742503531,0
95177,-0.313643161575,0
95178,-0.610861368496,0
95179,-0.412556094507,0
95180,-0.616580604884,0
95181,-0.461353925427,0
95182,-0.532497691696,0
95183,-0.949308834229,0
95184,-0.654400660924,0
95185,-0.608025964034,0
95186,-1.03437019232,0
95187,-1.07695925329,0
95188,-0.760778697581,0
95189,-0.783090793403,0
95190,-1.09590486014,0
95191,-1.07036035977,0
95192,-1.30691147959,0
95193,-1.2877141712,0
95194,-1.03654681896,0
95195,-1.03605671529,0
95196,-1.20992986077,0
95197,-1.12844968593,0
95198,-1.50200101221,0
95199,-1.209285113,0
95200,-1.53283870664,0
95201,-1.4671164121,0
95202,-1.25285541584,0
95203,-1.45036819737,0
95204,-1.62753362619,0
95205,-1.77818355028,0
95206,-1.50221969358,0
95207,-1.86925116341,0
95208,-1.79800328358,0
95209,-1.75631582816,0
95210,-1.61464987659,0
95211,-1.87013087599,0
95212,-1.7837670517,0
95213,-2.0036847738,0
95214,-2.10879492912,0
95215,-1.83289843756,0
95216,-2.08102500317,0
95217,-2.29488419165,0
95218,-2.29049840551,0
95219,-2.12456122944,0
95220,-2.0123626266,0
95221,-2.37892408908,0
95222,-2.27985142017,0
95223,-2.50979494121,0
95224,-2.54190753837,0
95225,-2.19191970114,0
95226,-2.25549838512,0
95227,-2.21471828024,0
95228,-2.28659732944,0
95229,-2.32248586209,0
95230,-2.51360972639,0
95231,-2.63094481852,0
95232,-2.64010602835,0
95233,-2.42553216067,0
95234,-2.80543504841,0
95235,-2.82663261151,0
95236,-2.43169915777,0
95237,-2.72376966731,0
95238,-2.779756901,0
95239,-2.88632498158,0
95240,-2.91179055887,0
95241,-2.50817399062,0
95242,-2.8801723156,0
95243,-2.92337487365,0
95244,-2.64008373608,0
95245,-2.62033975795,0
95246,-2.73094007862,0
95247,-2.60280283115,0
95248,-2.80462933818,0
95249,-2.94248391569,0
95250,-2.81323417001,0
95251,-2.5608534978,0
95252,-2.97694882187,0
95253,-2.83146953992,0
95254,-2.9484188163,0
95255,-2.68923807318,0
95256,-2.95095776358,0
95257,-2.55969093537,0
95258,-2.67721229154,0
95259,-2.82975479641,0
95260,-2.90727633352,0
95261,-2.59026090748,0
95262,-2.47256397415,0
95263,-2.46063278406,0
95264,-2.48441778546,0
95265,-2.5096605575,0
95266,-2.65226127414,0
95267,-2.48107881882,0
95268,-2.35828191974,0
95269,-2.56901139738,0
95270,-2.66820046248,0
95271,-2.35118975716,0
95272,-2.32594459233,0
95273,-2.32608582966,0
95274,-2.48139447127,0
95275,-2.54665138497,0
95276,-2.32646062135,0
95277,-2.30002712659,0
95278,-2.17182834839,0
95279,-2.30749122814,0
95280,-2.3791249618,0
95281,-2.35062503299,0
95282,-1.94076730448,0
95283,-1.8842991226,0
95284,-2.2296975035,0
95285,-1.77976950834,0
95286,-1.83906974316,0
95287,-1.70350562381,0
95288,-1.74640971986,0
95289,-1.62237870012,0
95290,-1.60279557993,0
95291,-1.94761235565,0
95292,-1.72861907629,0
95293,-1.63589114227,0
95294,-1.79847060756,0
95295,-1.67607510146,0
95296,-1.73373942472,0
95297,-1.38211048361,0
95298,-1.24907669021,0
95299,-1.37928448782,0
95300,-1.49741626827,0
95301,-1.26460665452,0
95302,-1.24347902151,0
95303,-1.36037230257,0
95304,-1.35514916304,0
95305,-1.0018947369,0
95306,-0.889398247266,0
95307,-1.17385077934,0
95308,-0.79807625523,0
95309,-1.16660281581,0
95310,-0.711819669693,0
95311,-0.960006770466,0
95312,-0.828795173117,0
95313,-0.933491498297,0
95314,-0.751624836041,0
95315,-0.631538622722,0
95316,-0.524523986098,0
95317,-0.80010399676,0
95318,-0.427883349315,0
95319,-0.657664229458,0
95320,-0.639232304322,0
95321,-0.659889092351,0
95322,-0.385923491684,0
95323,-0.580270411994,0
95324,-0.550364251535,0
95325,-0.53159450373,0
95326,-0.467941181098,0
95327,-0.347934092761,0
95328,-0.0769739175943,0
95329,-0.223778608442,0
95330,-0.347761827015,0
95331,-0.00456468479021,0
95332,-0.0215655778513,0
95333,-0.330282169242,0
95334,-0.0337908757886,0
95335,0.099961195837,0
95336,0.102086557887,0
95337,-0.197788735147,0
95338,0.150329979975,0
95339,-0.203352857187,0
95340,0.126239165921,0
95341,0.188934220351,0
95342,0.0195400519024,0
95343,0.0452348572908,0
95344,-0.17868843458,0
95345,-0.0931997608455,0
95346,0.232191959937,0
95347,0.170415847909,0
95348,0.0937294019609,0
95349,-0.169539372428,0
95350,-0.152099757889,0
95351,0.0863486314026,0
95352,0.222360057361,0
95353,0.149070655527,0
95354,0.0138929316384,0
95355,-0.0198531141878,0
95356,0.0536198047222,0
95357,0.0209185890689,0
95358,-0.0630284807468,0
95359,-0.2427640521,0
95360,-0.000999011216844,0
95361,-0.26938957754,0
95362,-0.102174881418,0
95363,-0.302313251576,0
95364,-0.000932260169913,0
95365,-0.293641806854,0
95366,-0.0933080173513,0
95367,-0.300374945346,0
95368,-0.298484965127,0
95369,-0.0919787867174,0
95370,-0.454759808875,0
95371,-0.34662507803,0
95372,-0.509528365614,0
95373,-0.208967161009,0
95374,-0.497838555436,0
95375,-0.611101493424,0
95376,-0.35092628559,0
95377,-0.267144411855,0
95378,-0.564362618776,0
95379,-0.366057344786,0
95380,-0.570081855164,0
95381,-0.414855175707,0
95382,-0.485998941976,0
95383,-0.902810084509,0
95384,-0.607901911203,0
95385,-0.561527214314,0
95386,-0.987871442602,0
95387,-1.03046050357,0
95388,-0.714279947861,0
95389,-0.736592043683,0
95390,-1.04940611042,0
95391,-1.02386161005,0
95392,-1.26041272987,0
95393,-1.24121542147,0
95394,-0.990048069243,0
95395,-0.989557965574,0
95396,-1.16343111105,0
95397,-1.08195093621,0
95398,-1.45550226249,0
95399,-1.16278636328,0
95400,-1.74707361868,0
95401,-1.68135132415,0
95402,-1.46709032788,0
95403,-1.66460310942,0
95404,-1.84176853824,0
95405,-1.99241846233,0
95406,-1.71645460563,0
95407,-2.08348607546,0
95408,-2.01223819563,0
95409,-1.97055074021,0
95410,-1.82888478864,0
95411,-2.08436578803,0
95412,-1.99800196375,0
95413,-2.21791968585,0
95414,-2.32302984117,0
95415,-2.04713334961,0
95416,-2.29525991522,0
95417,-2.5091191037,0
95418,-2.50473331755,0
95419,-2.33879614148,0
95420,-2.22659753865,0
95421,-2.59315900113,0
95422,-2.49408633221,0
95423,-2.72402985326,0
95424,-2.75614245042,0
95425,-2.40615461319,0
95426,-2.46973329717,0
95427,-2.42895319229,0
95428,-2.50083224148,0
95429,-2.53672077414,0
95430,-2.72784463844,0
95431,-2.84517973057,0
95432,-2.85434094039,0
95433,-2.63976707272,0
95434,-3.01966996045,0
95435,-3.04086752356,0
95436,-2.64593406982,0
95437,-2.93800457936,0
95438,-2.99399181305,0
95439,-3.10055989362,0
95440,-3.12602547092,0
95441,-2.72240890267,0
95442,-3.09440722764,0
95443,-3.13760978569,0
95444,-2.85431864813,0
95445,-2.83457466999,0
95446,-2.94517499067,0
95447,-2.8170377432,0
95448,-3.01886425023,0
95449,-3.15671882774,0
95450,-3.02746908205,0
95451,-2.77508840985,0
95452,-3.19118373392,0
95453,-3.04570445197,0
95454,-3.16265372835,0
95455,-2.90347298523,0
95456,-3.16519267562,0
95457,-2.77392584742,0
95458,-2.89144720359,0
95459,-3.04398970846,0
95460,-3.12151124556,0
95461,-2.80449581953,0
95462,-2.6867988862,0
95463,-2.67486769611,0
95464,-2.69865269751,0
95465,-2.72389546954,0
95466,-2.86649618619,0
95467,-2.69531373087,0
95468,-2.57251683178,0
95469,-2.78324630943,0
95470,-2.88243537452,0
95471,-2.56542466921,0
95472,-2.54017950438,0
95473,-2.5403207417,0
95474,-2.69562938331,0
95475,-2.76088629702,0
95476,-2.54069553339,0
95477,-2.51426203863,0
95478,-2.38606326044,0
95479,-2.52172614019,0
95480,-2.59335987385,0
95481,-2.56485994504,0
95482,-2.15500221652,0
95483,-2.09853403464,0
95484,-2.44393241555,0
95485,-1.99400442039,0
95486,-2.05330465521,0
95487,-1.91774053586,0
95488,-1.9606446319,0
95489,-1.83661361216,0
95490,-1.81703049198,0
95491,-2.1618472677,0
95492,-1.94285398834,0
95493,-1.85012605432,0
95494,-2.01270551961,0
95495,-1.89031001351,0
95496,-1.94797433677,0
95497,-1.59634539565,0
95498,-1.46331160226,0
95499,-1.59351939987,0
95500,-1.71165118031,0
95501,-1.47884156656,0
95502,-1.45771393356,0
95503,-1.57460721462,0
95504,-1.56938407508,0
95505,-1.21612964895,0
95506,-1.10363315931,0
95507,-1.38808569139,0
95508,-1.01231116728,0
95509,-1.38083772785,0
95510,-0.92605458174,0
95511,-1.17424168251,0
95512,-1.04303008516,0
95513,-1.14772641034,0
95514,-0.965859748087,0
95515,-0.845773534769,0
95516,-0.738758898144,0
95517,-1.01433890881,0
95518,-0.642118261362,0
95519,-0.871899141505,0
95520,-0.853467216368,0
95521,-0.874124004397,0
95522,-0.60015840373,0
95523,-0.79450532404,0
95524,-0.764599163581,0
95525,-0.745829415776,0
95526,-0.682176093144,0
95527,-0.562169004807,0
95528,-0.29120882964,0
95529,-0.438013520488,0
95530,-0.561996739061,0
95531,-0.218799596836,0
95532,-0.235800489897,0
95533,-0.544517081288,0
95534,-0.248025787835,0
95535,-0.114273716209,0
95536,-0.112148354159,0
95537,-0.412023647193,0
95538,-0.0639049320708,0
95539,-0.417587769233,0
95540,-0.0879957461252,0
95541,-0.0253006916951,0
95542,-0.194694860144,0
95543,-0.169000054755,0
95544,-0.392923346626,0
95545,-0.307434672892,0
95546,0.0179570478905,0
95547,-0.0438190641375,0
95548,-0.120505510085,0
95549,-0.383774284474,0
95550,-0.366334669935,0
95551,-0.127886280644,0
95552,0.00812514531461,0
95553,-0.0651642565189,0
95554,-0.200341980408,0
95555,-0.234088026234,0
95556,-0.160615107324,0
95557,-0.193316322977,0
95558,-0.277263392793,0
95559,-0.456998964146,0
95560,-0.215233923263,0
95561,-0.483624489587,0
95562,-0.316409793464,0
95563,-0.516548163623,0
95564,-0.215167172216,0
95565,-0.5078767189,0
95566,-0.307542929397,0
95567,-0.514609857393,0
95568,-0.512719877174,0
95569,-0.306213698764,0
95570,-0.668994720921,0
95571,-0.560859990076,0
95572,-0.723763277661,0
95573,-0.423202073055,0
95574,-0.712073467482,0
95575,-0.82533640547,0
95576,-0.565161197636,0
95577,-0.481379323901,0
95578,-0.778597530822,0
95579,-0.580292256833,0
95580,-0.78431676721,0
95581,-0.629090087753,0
95582,-0.700233854022,0
95583,-1.11704499656,0
95584,-0.82213682325,0
95585,-0.77576212636,0
95586,-1.20210635465,0
95587,-1.24469541562,0
95588,-0.928514859907,0
95589,-0.950826955729,0
95590,-1.26364102246,0
95591,-1.23809652209,0
95592,-1.47464764192,0
95593,-1.45545033352,0
95594,-1.20428298129,0
95595,-1.20379287762,0
95596,-1.3776660231,0
95597,-1.29618584825,0
95598,-1.66973717454,0
95599,-1.37702127533,0
95600,-1.69865013745,0
95601,-1.63292784291,0
95602,-1.41866684665,0
95603,-1.61617962819,0
95604,-1.79334505701,0
95605,-1.9439949811,0
95606,-1.66803112439,0
95607,-2.03506259423,0
95608,-1.96381471439,0
95609,-1.92212725897,0
95610,-1.78046130741,0
95611,-2.0359423068,0
95612,-1.94957848252,0
95613,-2.16949620461,0
95614,-2.27460635994,0
95615,-1.99870986838,0
95616,-2.24683643399,0
95617,-2.46069562246,0
95618,-2.45630983632,0
95619,-2.29037266025,0
95620,-2.17817405742,0
95621,-2.54473551989,0
95622,-2.44566285098,0
95623,-2.67560637203,0
95624,-2.70771896918,0
95625,-2.35773113196,0
95626,-2.42130981593,0
95627,-2.38052971106,0
95628,-2.45240876025,0
95629,-2.4882972929,0
95630,-2.67942115721,0
95631,-2.79675624934,0
95632,-2.80591745916,0
95633,-2.59134359148,0
95634,-2.97124647922,0
95635,-2.99244404232,0
95636,-2.59751058858,0
95637,-2.88958109813,0
95638,-2.94556833181,0
95639,-3.05213641239,0
95640,-3.07760198969,0
95641,-2.67398542143,0
95642,-3.04598374641,0
95643,-3.08918630446,0
95644,-2.80589516689,0
95645,-2.78615118876,0
95646,-2.89675150944,0
95647,-2.76861426196,0
95648,-2.97044076899,0
95649,-3.10829534651,0
95650,-2.97904560082,0
95651,-2.72666492861,0
95652,-3.14276025269,0
95653,-2.99728097074,0
95654,-3.11423024712,0
95655,-2.855049504,0
95656,-3.11676919439,0
95657,-2.72550236619,0
95658,-2.84302372235,0
95659,-2.99556622723,0
95660,-3.07308776433,0
95661,-2.7560723383,0
95662,-2.63837540497,0
95663,-2.62644421487,0
95664,-2.65022921628,0
95665,-2.67547198831,0
95666,-2.81807270495,0
95667,-2.64689024964,0
95668,-2.52409335055,0
95669,-2.7348228282,0
95670,-2.83401189329,0
95671,-2.51700118798,0
95672,-2.49175602314,0
95673,-2.49189726047,0
95674,-2.64720590208,0
95675,-2.71246281579,0
95676,-2.49227205216,0
95677,-2.4658385574,0
95678,-2.3376397792,0
95679,-2.47330265896,0
95680,-2.54493639261,0
95681,-2.51643646381,0
95682,-2.10657873529,0
95683,-2.05011055341,0
95684,-2.39550893432,0
95685,-1.94558093916,0
95686,-2.00488117397,0
95687,-1.86931705463,0
95688,-1.91222115067,0
95689,-1.78819013093,0
95690,-1.76860701074,0
95691,-2.11342378646,0
95692,-1.89443050711,0
95693,-1.80170257308,0
95694,-1.96428203838,0
95695,-1.84188653228,0
95696,-1.89955085554,0
95697,-1.54792191442,0
95698,-1.41488812102,0
95699,-1.54509591864,0
95700,-1.66322769908,0
95701,-1.43041808533,0
95702,-1.40929045233,0
95703,-1.52618373338,0
95704,-1.52096059385,0
95705,-1.16770616771,0
95706,-1.05520967808,0
95707,-1.33966221016,0
95708,-0.963887686044,0
95709,-1.33241424662,0
95710,-0.877631100507,0
95711,-1.12581820128,0
95712,-0.994606603931,0
95713,-1.09930292911,0
95714,-0.917436266855,0
95715,-0.797350053536,0
95716,-0.690335416912,0
95717,-0.965915427574,0
95718,-0.593694780129,0
95719,-0.823475660273,0
95720,-0.805043735136,0
95721,-0.825700523165,0
95722,-0.551734922498,0
95723,-0.746081842808,0
95724,-0.716175682349,0
95725,-0.697405934544,0
95726,-0.633752611912,0
95727,-0.513745523575,0
95728,-0.242785348408,0
95729,-0.389590039256,0
95730,-0.513573257829,0
95731,-0.170376115604,0
95732,-0.187377008665,0
95733,-0.496093600056,0
95734,-0.199602306603,0
95735,-0.0658502349771,0
95736,-0.063724872927,0
95737,-0.363600165961,0
95738,-0.0154814508388,0
95739,-0.369164288001,0
95740,-0.0395722648932,0
95741,0.0231227895369,0
95742,-0.146271378912,0
95743,-0.120576573523,0
95744,-0.344499865394,0
95745,-0.25901119166,0
95746,0.0663805291225,0
95747,0.00460441709458,0
95748,-0.0720820288533,0
95749,-0.335350803242,0
95750,-0.317911188703,0
95751,-0.0794627994115,0
95752,0.0565486265467,0
95753,-0.0167407752869,0
95754,-0.151918499176,0
95755,-0.185664545002,0
95756,-0.112191626092,0
95757,-0.144892841745,0
95758,-0.228839911561,0
95759,-0.408575482914,0
95760,-0.166810442031,0
95761,-0.435201008355,0
95762,-0.267986312232,0
95763,-0.468124682391,0
95764,-0.166743690984,0
95765,-0.459453237668,0
95766,-0.259119448165,0
95767,-0.466186376161,0
95768,-0.464296395941,0
95769,-0.257790217531,0
95770,-0.620571239689,0
95771,-0.512436508844,0
95772,-0.675339796429,0
95773,-0.374778591823,0
95774,-0.66364998625,0
95775,-0.776912924238,0
95776,-0.516737716404,0
95777,-0.432955842669,0
95778,-0.73017404959,0
95779,-0.531868775601,0
95780,-0.735893285978,0
95781,-0.580666606521,0
95782,-0.65181037279,0
95783,-1.06862151532,0
95784,-0.773713342018,0
95785,-0.727338645128,0
95786,-1.15368287342,0
95787,-1.19627193439,0
95788,-0.880091378675,0
95789,-0.902403474497,0
95790,-1.21521754123,0
95791,-1.18967304086,0
95792,-1.42622416068,0
95793,-1.40702685229,0
95794,-1.15585950006,0
95795,-1.15536939639,0
95796,-1.32924254186,0
95797,-1.24776236702,0
95798,-1.6213136933,0
95799,-1.32859779409,0
95800,-1.61016852164,0
95801,-1.5444462271,0
95802,-1.33018523084,0
95803,-1.52769801238,0
95804,-1.70486344119,0
95805,-1.85551336529,0
95806,-1.57954950858,0
95807,-1.94658097842,0
95808,-1.87533309858,0
95809,-1.83364564316,0
95810,-1.6919796916,0
95811,-1.94746069099,0
95812,-1.86109686671,0
95813,-2.0810145888,0
95814,-2.18612474412,0
95815,-1.91022825256,0
95816,-2.15835481818,0
95817,-2.37221400665,0
95818,-2.36782822051,0
95819,-2.20189104444,0
95820,-2.0896924416,0
95821,-2.45625390408,0
95822,-2.35718123517,0
95823,-2.58712475622,0
95824,-2.61923735337,0
95825,-2.26924951614,0
95826,-2.33282820012,0
95827,-2.29204809524,0
95828,-2.36392714444,0
95829,-2.39981567709,0
95830,-2.5909395414,0
95831,-2.70827463353,0
95832,-2.71743584335,0
95833,-2.50286197567,0
95834,-2.88276486341,0
95835,-2.90396242651,0
95836,-2.50902897277,0
95837,-2.80109948232,0
95838,-2.857086716,0
95839,-2.96365479658,0
95840,-2.98912037388,0
95841,-2.58550380562,0
95842,-2.9575021306,0
95843,-3.00070468865,0
95844,-2.71741355108,0
95845,-2.69766957295,0
95846,-2.80826989363,0
95847,-2.68013264615,0
95848,-2.88195915318,0
95849,-3.0198137307,0
95850,-2.89056398501,0
95851,-2.6381833128,0
95852,-3.05427863687,0
95853,-2.90879935493,0
95854,-3.02574863131,0
95855,-2.76656788819,0
95856,-3.02828757858,0
95857,-2.63702075037,0
95858,-2.75454210654,0
95859,-2.90708461141,0
95860,-2.98460614852,0
95861,-2.66759072249,0
95862,-2.54989378916,0
95863,-2.53796259906,0
95864,-2.56174760046,0
95865,-2.5869903725,0
95866,-2.72959108914,0
95867,-2.55840863383,0
95868,-2.43561173474,0
95869,-2.64634121238,0
95870,-2.74553027748,0
95871,-2.42851957216,0
95872,-2.40327440733,0
95873,-2.40341564466,0
95874,-2.55872428627,0
95875,-2.62398119998,0
95876,-2.40379043635,0
95877,-2.37735694159,0
95878,-2.24915816339,0
95879,-2.38482104314,0
95880,-2.4564547768,0
95881,-2.427954848,0
95882,-2.01809711948,0
95883,-1.9616289376,0
95884,-2.30702731851,0
95885,-1.85709932335,0
95886,-1.91639955816,0
95887,-1.78083543882,0
95888,-1.82373953486,0
95889,-1.69970851512,0
95890,-1.68012539493,0
95891,-2.02494217065,0
95892,-1.8059488913,0
95893,-1.71322095727,0
95894,-1.87580042257,0
95895,-1.75340491646,0
95896,-1.81106923973,0
95897,-1.45944029861,0
95898,-1.32640650521,0
95899,-1.45661430282,0
95900,-1.57474608327,0
95901,-1.34193646952,0
95902,-1.32080883651,0
95903,-1.43770211757,0
95904,-1.43247897804,0
95905,-1.0792245519,0
95906,-0.966728062269,0
95907,-1.25118059435,0
95908,-0.875406070232,0
95909,-1.24393263081,0
95910,-0.789149484696,0
95911,-1.03733658547,0
95912,-0.90612498812,0
95913,-1.0108213133,0
95914,-0.828954651043,0
95915,-0.708868437725,0
95916,-0.601853801101,0
95917,-0.877433811762,0
95918,-0.505213164318,0
95919,-0.734994044461,0
95920,-0.716562119325,0
95921,-0.737218907354,0
95922,-0.463253306687,0
95923,-0.657600226997,0
95924,-0.627694066538,0
95925,-0.608924318733,0
95926,-0.545270996101,0
95927,-0.425263907764,0
95928,-0.154303732597,0
95929,-0.301108423445,0
95930,-0.425091642018,0
95931,-0.081894499793,0
95932,-0.0988953928541,0
95933,-0.407611984244,0
95934,-0.111120690791,0
95935,0.0226313808342,0
95936,0.0247567428843,0
95937,-0.275118550149,0
95938,0.0730001649726,0
95939,-0.28068267219,0
95940,0.0489093509182,0
95941,0.111604405348,0
95942,-0.0577897631004,0
95943,-0.0320949577119,0
95944,-0.256018249582,0
95945,-0.170529575848,0
95946,0.154862144934,0
95947,0.0930860329059,0
95948,0.0163995869581,0
95949,-0.246869187431,0
95950,-0.229429572892,0
95951,0.0090188163999,0
95952,0.145030242358,0
95953,0.0717408405245,0
95954,-0.0634368833643,0
95955,-0.0971829291906,0
95956,-0.0237100102805,0
95957,-0.0564112259339,0
95958,-0.14035829575,0
95959,-0.320093867103,0
95960,-0.0783288262196,0
95961,-0.346719392543,0
95962,-0.17950469642,0
95963,-0.379643066579,0
95964,-0.0782620751727,0
95965,-0.370971621857,0
95966,-0.170637832354,0
95967,-0.377704760349,0
95968,-0.37581478013,0
95969,-0.16930860172,0
95970,-0.532089623877,0
95971,-0.423954893032,0
95972,-0.586858180617,0
95973,-0.286296976012,0
95974,-0.575168370439,0
95975,-0.688431308426,0
95976,-0.428256100592,0
95977,-0.344474226858,0
95978,-0.641692433778,0
95979,-0.443387159789,0
95980,-0.647411670167,0
95981,-0.492184990709,0
95982,-0.563328756978,0
95983,-0.980139899512,0
95984,-0.685231726206,0
95985,-0.638857029317,0
95986,-1.06520125761,0
95987,-1.10779031858,0
95988,-0.791609762864,0
95989,-0.813921858686,0
95990,-1.12673592542,0
95991,-1.10119142505,0
95992,-1.33774254487,0
95993,-1.31854523648,0
95994,-1.06737788425,0
95995,-1.06688778058,0
95996,-1.24076092605,0
95997,-1.15928075121,0
95998,-1.53283207749,0
95999,-1.24011617828,0
96000,-1.80859974504,0
96001,-1.74287745051,0
96002,-1.52861645424,0
96003,-1.72612923578,0
96004,-1.9032946646,0
96005,-2.05394458869,0
96006,-1.77798073199,0
96007,-2.14501220182,0
96008,-2.07376432199,0
96009,-2.03207686657,0
96010,-1.890410915,0
96011,-2.14589191439,0
96012,-2.05952809011,0
96013,-2.27944581221,0
96014,-2.38455596753,0
96015,-2.10865947597,0
96016,-2.35678604158,0
96017,-2.57064523006,0
96018,-2.56625944391,0
96019,-2.40032226784,0
96020,-2.28812366501,0
96021,-2.65468512749,0
96022,-2.55561245857,0
96023,-2.78555597962,0
96024,-2.81766857677,0
96025,-2.46768073955,0
96026,-2.53125942352,0
96027,-2.49047931865,0
96028,-2.56235836784,0
96029,-2.5982469005,0
96030,-2.7893707648,0
96031,-2.90670585693,0
96032,-2.91586706675,0
96033,-2.70129319908,0
96034,-3.08119608681,0
96035,-3.10239364992,0
96036,-2.70746019618,0
96037,-2.99953070572,0
96038,-3.05551793941,0
96039,-3.16208601998,0
96040,-3.18755159728,0
96041,-2.78393502903,0
96042,-3.155933354,0
96043,-3.19913591205,0
96044,-2.91584477449,0
96045,-2.89610079635,0
96046,-3.00670111703,0
96047,-2.87856386956,0
96048,-3.08039037659,0
96049,-3.2182449541,0
96050,-3.08899520841,0
96051,-2.83661453621,0
96052,-3.25270986028,0
96053,-3.10723057833,0
96054,-3.22417985471,0
96055,-2.96499911159,0
96056,-3.22671880198,0
96057,-2.83545197378,0
96058,-2.95297332995,0
96059,-3.10551583482,0
96060,-3.18303737192,0
96061,-2.86602194589,0
96062,-2.74832501256,0
96063,-2.73639382247,0
96064,-2.76017882387,0
96065,-2.7854215959,0
96066,-2.92802231255,0
96067,-2.75683985723,0
96068,-2.63404295814,0
96069,-2.84477243579,0
96070,-2.94396150088,0
96071,-2.62695079557,0
96072,-2.60170563074,0
96073,-2.60184686806,0
96074,-2.75715550967,0
96075,-2.82241242338,0
96076,-2.60222165975,0
96077,-2.57578816499,0
96078,-2.4475893868,0
96079,-2.58325226655,0
96080,-2.65488600021,0
96081,-2.6263860714,0
96082,-2.21652834288,0
96083,-2.160060161,0
96084,-2.50545854191,0
96085,-2.05553054675,0
96086,-2.11483078157,0
96087,-1.97926666222,0
96088,-2.02217075826,0
96089,-1.89813973852,0
96090,-1.87855661834,0
96091,-2.22337339406,0
96092,-2.0043801147,0
96093,-1.91165218068,0
96094,-2.07423164597,0
96095,-1.95183613987,0
96096,-2.00950046313,0
96097,-1.65787152201,0
96098,-1.52483772862,0
96099,-1.65504552623,0
96100,-1.77317730667,0
96101,-1.54036769292,0
96102,-1.51924005992,0
96103,-1.63613334098,0
96104,-1.63091020144,0
96105,-1.27765577531,0
96106,-1.16515928567,0
96107,-1.44961181775,0
96108,-1.07383729364,0
96109,-1.44236385421,0
96110,-0.987580708099,0
96111,-1.23576780887,0
96112,-1.10455621152,0
96113,-1.2092525367,0
96114,-1.02738587445,0
96115,-0.907299661128,0
96116,-0.800285024504,0
96117,-1.07586503517,0
96118,-0.703644387721,0
96119,-0.933425267864,0
96120,-0.914993342728,0
96121,-0.935650130757,0
96122,-0.66168453009,0
96123,-0.8560314504,0
96124,-0.826125289941,0
96125,-0.807355542136,0
96126,-0.743702219504,0
96127,-0.623695131167,0
96128,-0.352734956,0
96129,-0.499539646848,0
96130,-0.623522865421,0
96131,-0.280325723196,0
96132,-0.297326616257,0
96133,-0.606043207648,0
96134,-0.309551914195,0
96135,-0.175799842569,0
96136,-0.173674480519,0
96137,-0.473549773553,0
96138,-0.125431058431,0
96139,-0.479113895593,0
96140,-0.149521872485,0
96141,-0.086826818055,0
96142,-0.256220986504,0
96143,-0.230526181115,0
96144,-0.454449472986,0
96145,-0.368960799252,0
96146,-0.0435690784694,0
96147,-0.105345190497,0
96148,-0.182031636445,0
96149,-0.445300410834,0
96150,-0.427860796295,0
96151,-0.189412407003,0
96152,-0.0534009810453,0
96153,-0.126690382879,0
96154,-0.261868106768,0
96155,-0.295614152594,0
96156,-0.222141233684,0
96157,-0.254842449337,0
96158,-0.338789519153,0
96159,-0.518525090506,0
96160,-0.276760049623,0
96161,-0.545150615946,0
96162,-0.377935919824,0
96163,-0.578074289982,0
96164,-0.276693298576,0
96165,-0.56940284526,0
96166,-0.369069055757,0
96167,-0.576135983753,0
96168,-0.574246003533,0
96169,-0.367739825123,0
96170,-0.730520847281,0
96171,-0.622386116436,0
96172,-0.78528940402,0
96173,-0.484728199415,0
96174,-0.773599593842,0
96175,-0.88686253183,0
96176,-0.626687323996,0
96177,-0.542905450261,0
96178,-0.840123657182,0
96179,-0.641818383193,0
96180,-0.84584289357,0
96181,-0.690616214113,0
96182,-0.761759980382,0
96183,-1.17857112292,0
96184,-0.883662949609,0
96185,-0.83728825272,0
96186,-1.26363248101,0
96187,-1.30622154198,0
96188,-0.990040986267,0
96189,-1.01235308209,0
96190,-1.32516714882,0
96191,-1.29962264845,0
96192,-1.53617376828,0
96193,-1.51697645988,0
96194,-1.26580910765,0
96195,-1.26531900398,0
96196,-1.43919214946,0
96197,-1.35771197461,0
96198,-1.7312633009,0
96199,-1.43854740169,0
96200,-2.02985845826,0
96201,-1.96413616372,0
96202,-1.74987516746,0
96203,-1.947387949,0
96204,-2.12455337782,0
96205,-2.27520330191,0
96206,-1.99923944521,0
96207,-2.36627091504,0
96208,-2.29502303521,0
96209,-2.25333557978,0
96210,-2.11166962822,0
96211,-2.36715062761,0
96212,-2.28078680333,0
96213,-2.50070452542,0
96214,-2.60581468075,0
96215,-2.32991818919,0
96216,-2.5780447548,0
96217,-2.79190394328,0
96218,-2.78751815713,0
96219,-2.62158098106,0
96220,-2.50938237823,0
96221,-2.8759438407,0
96222,-2.77687117179,0
96223,-3.00681469284,0
96224,-3.03892728999,0
96225,-2.68893945277,0
96226,-2.75251813674,0
96227,-2.71173803187,0
96228,-2.78361708106,0
96229,-2.81950561371,0
96230,-3.01062947802,0
96231,-3.12796457015,0
96232,-3.13712577997,0
96233,-2.92255191229,0
96234,-3.30245480003,0
96235,-3.32365236314,0
96236,-2.9287189094,0
96237,-3.22078941894,0
96238,-3.27677665263,0
96239,-3.3833447332,0
96240,-3.4088103105,0
96241,-3.00519374225,0
96242,-3.37719206722,0
96243,-3.42039462527,0
96244,-3.1371034877,0
96245,-3.11735950957,0
96246,-3.22795983025,0
96247,-3.09982258278,0
96248,-3.30164908981,0
96249,-3.43950366732,0
96250,-3.31025392163,0
96251,-3.05787324943,0
96252,-3.4739685735,0
96253,-3.32848929155,0
96254,-3.44543856793,0
96255,-3.18625782481,0
96256,-3.4479775152,0
96257,-3.056710687,0
96258,-3.17423204317,0
96259,-3.32677454804,0
96260,-3.40429608514,0
96261,-3.08728065911,0
96262,-2.96958372578,0
96263,-2.95765253568,0
96264,-2.98143753709,0
96265,-3.00668030912,0
96266,-3.14928102576,0
96267,-2.97809857045,0
96268,-2.85530167136,0
96269,-3.06603114901,0
96270,-3.1652202141,0
96271,-2.84820950879,0
96272,-2.82296434395,0
96273,-2.82310558128,0
96274,-2.97841422289,0
96275,-3.0436711366,0
96276,-2.82348037297,0
96277,-2.79704687821,0
96278,-2.66884810001,0
96279,-2.80451097977,0
96280,-2.87614471342,0
96281,-2.84764478462,0
96282,-2.4377870561,0
96283,-2.38131887422,0
96284,-2.72671725513,0
96285,-2.27678925997,0
96286,-2.33608949478,0
96287,-2.20052537544,0
96288,-2.24342947148,0
96289,-2.11939845174,0
96290,-2.09981533156,0
96291,-2.44463210728,0
96292,-2.22563882792,0
96293,-2.13291089389,0
96294,-2.29549035919,0
96295,-2.17309485309,0
96296,-2.23075917635,0
96297,-1.87913023523,0
96298,-1.74609644183,0
96299,-1.87630423945,0
96300,-1.99443601989,0
96301,-1.76162640614,0
96302,-1.74049877314,0
96303,-1.85739205419,0
96304,-1.85216891466,0
96305,-1.49891448853,0
96306,-1.38641799889,0
96307,-1.67087053097,0
96308,-1.29509600685,0
96309,-1.66362256743,0
96310,-1.20883942132,0
96311,-1.45702652209,0
96312,-1.32581492474,0
96313,-1.43051124992,0
96314,-1.24864458767,0
96315,-1.12855837435,0
96316,-1.02154373772,0
96317,-1.29712374838,0
96318,-0.92490310094,0
96319,-1.15468398108,0
96320,-1.13625205595,0
96321,-1.15690884398,0
96322,-0.882943243309,0
96323,-1.07729016362,0
96324,-1.04738400316,0
96325,-1.02861425536,0
96326,-0.964960932723,0
96327,-0.844953844386,0
96328,-0.573993669219,0
96329,-0.720798360067,0
96330,-0.84478157864,0
96331,-0.501584436415,0
96332,-0.518585329476,0
96333,-0.827301920866,0
96334,-0.530810627414,0
96335,-0.397058555788,0
96336,-0.394933193738,0
96337,-0.694808486772,0
96338,-0.34668977165,0
96339,-0.700372608812,0
96340,-0.370780585704,0
96341,-0.308085531274,0
96342,-0.477479699723,0
96343,-0.451784894334,0
96344,-0.675708186205,0
96345,-0.59021951247,0
96346,-0.264827791688,0
96347,-0.326603903716,0
96348,-0.403290349664,0
96349,-0.666559124053,0
96350,-0.649119509514,0
96351,-0.410671120222,0
96352,-0.274659694264,0
96353,-0.347949096098,0
96354,-0.483126819986,0
96355,-0.516872865813,0
96356,-0.443399946903,0
96357,-0.476101162556,0
96358,-0.560048232372,0
96359,-0.739783803725,0
96360,-0.498018762842,0
96361,-0.766409329165,0
96362,-0.599194633042,0
96363,-0.799333003201,0
96364,-0.497952011795,0
96365,-0.790661558479,0
96366,-0.590327768976,0
96367,-0.797394696971,0
96368,-0.795504716752,0
96369,-0.588998538342,0
96370,-0.9517795605,0
96371,-0.843644829655,0
96372,-1.00654811724,0
96373,-0.705986912634,0
96374,-0.994858307061,0
96375,-1.10812124505,0
96376,-0.847946037215,0
96377,-0.76416416348,0
96378,-1.0613823704,0
96379,-0.863077096411,0
96380,-1.06710160679,0
96381,-0.911874927331,0
96382,-0.9830186936,0
96383,-1.39982983613,0
96384,-1.10492166283,0
96385,-1.05854696594,0
96386,-1.48489119423,0
96387,-1.5274802552,0
96388,-1.21129969949,0
96389,-1.23361179531,0
96390,-1.54642586204,0
96391,-1.52088136167,0
96392,-1.7574324815,0
96393,-1.7382351731,0
96394,-1.48706782087,0
96395,-1.4865777172,0
96396,-1.66045086267,0
96397,-1.57897068783,0
96398,-1.95252201412,0
96399,-1.65980611491,0
96400,-1.85647594535,0
96401,-1.79075365082,0
96402,-1.57649265455,0
96403,-1.77400543609,0
96404,-1.95117086491,0
96405,-2.101820789,0
96406,-1.8258569323,0
96407,-2.19288840213,0
96408,-2.1216405223,0
96409,-2.07995306688,0
96410,-1.93828711531,0
96411,-2.1937681147,0
96412,-2.10740429042,0
96413,-2.32732201252,0
96414,-2.43243216784,0
96415,-2.15653567628,0
96416,-2.40466224189,0
96417,-2.61852143037,0
96418,-2.61413564422,0
96419,-2.44819846815,0
96420,-2.33599986532,0
96421,-2.7025613278,0
96422,-2.60348865888,0
96423,-2.83343217993,0
96424,-2.86554477709,0
96425,-2.51555693986,0
96426,-2.57913562384,0
96427,-2.53835551896,0
96428,-2.61023456815,0
96429,-2.64612310081,0
96430,-2.83724696511,0
96431,-2.95458205724,0
96432,-2.96374326706,0
96433,-2.74916939939,0
96434,-3.12907228713,0
96435,-3.15026985023,0
96436,-2.75533639649,0
96437,-3.04740690603,0
96438,-3.10339413972,0
96439,-3.20996222029,0
96440,-3.23542779759,0
96441,-2.83181122934,0
96442,-3.20380955431,0
96443,-3.24701211236,0
96444,-2.9637209748,0
96445,-2.94397699667,0
96446,-3.05457731734,0
96447,-2.92644006987,0
96448,-3.1282665769,0
96449,-3.26612115441,0
96450,-3.13687140872,0
96451,-2.88449073652,0
96452,-3.30058606059,0
96453,-3.15510677864,0
96454,-3.27205605502,0
96455,-3.0128753119,0
96456,-3.27459500229,0
96457,-2.88332817409,0
96458,-3.00084953026,0
96459,-3.15339203513,0
96460,-3.23091357223,0
96461,-2.9138981462,0
96462,-2.79620121287,0
96463,-2.78427002278,0
96464,-2.80805502418,0
96465,-2.83329779621,0
96466,-2.97589851286,0
96467,-2.80471605754,0
96468,-2.68191915845,0
96469,-2.8926486361,0
96470,-2.99183770119,0
96471,-2.67482699588,0
96472,-2.64958183105,0
96473,-2.64972306837,0
96474,-2.80503170998,0
96475,-2.87028862369,0
96476,-2.65009786006,0
96477,-2.6236643653,0
96478,-2.49546558711,0
96479,-2.63112846686,0
96480,-2.70276220052,0
96481,-2.67426227171,0
96482,-2.2644045432,0
96483,-2.20793636131,0
96484,-2.55333474222,0
96485,-2.10340674706,0
96486,-2.16270698188,0
96487,-2.02714286253,0
96488,-2.07004695857,0
96489,-1.94601593883,0
96490,-1.92643281865,0
96491,-2.27124959437,0
96492,-2.05225631501,0
96493,-1.95952838099,0
96494,-2.12210784628,0
96495,-1.99971234018,0
96496,-2.05737666344,0
96497,-1.70574772232,0
96498,-1.57271392893,0
96499,-1.70292172654,0
96500,-1.82105350698,0
96501,-1.58824389323,0
96502,-1.56711626023,0
96503,-1.68400954129,0
96504,-1.67878640175,0
96505,-1.32553197562,0
96506,-1.21303548598,0
96507,-1.49748801806,0
96508,-1.12171349395,0
96509,-1.49024005452,0
96510,-1.03545690841,0
96511,-1.28364400918,0
96512,-1.15243241183,0
96513,-1.25712873701,0
96514,-1.07526207476,0
96515,-0.955175861439,0
96516,-0.848161224815,0
96517,-1.12374123548,0
96518,-0.751520588032,0
96519,-0.981301468175,0
96520,-0.962869543039,0
96521,-0.983526331067,0
96522,-0.7095607304,0
96523,-0.90390765071,0
96524,-0.874001490252,0
96525,-0.855231742447,0
96526,-0.791578419814,0
96527,-0.671571331477,0
96528,-0.400611156311,0
96529,-0.547415847159,0
96530,-0.671399065732,0
96531,-0.328201923507,0
96532,-0.345202816568,0
96533,-0.653919407958,0
96534,-0.357428114505,0
96535,-0.223676042879,0
96536,-0.221550680829,0
96537,-0.521425973863,0
96538,-0.173307258741,0
96539,-0.526990095903,0
96540,-0.197398072795,0
96541,-0.134703018365,0
96542,-0.304097186814,0
96543,-0.278402381426,0
96544,-0.502325673296,0
96545,-0.416836999562,0
96546,-0.0914452787798,0
96547,-0.153221390808,0
96548,-0.229907836756,0
96549,-0.493176611145,0
96550,-0.475736996606,0
96551,-0.237288607314,0
96552,-0.101277181356,0
96553,-0.174566583189,0
96554,-0.309744307078,0
96555,-0.343490352904,0
96556,-0.270017433994,0
96557,-0.302718649648,0
96558,-0.386665719463,0
96559,-0.566401290817,0
96560,-0.324636249933,0
96561,-0.593026816257,0
96562,-0.425812120134,0
96563,-0.625950490293,0
96564,-0.324569498886,0
96565,-0.617279045571,0
96566,-0.416945256068,0
96567,-0.624012184063,0
96568,-0.622122203844,0
96569,-0.415616025434,0
96570,-0.778397047591,0
96571,-0.670262316746,0
96572,-0.833165604331,0
96573,-0.532604399726,0
96574,-0.821475794152,0
96575,-0.93473873214,0
96576,-0.674563524306,0
96577,-0.590781650571,0
96578,-0.887999857492,0
96579,-0.689694583503,0
96580,-0.893719093881,0
96581,-0.738492414423,0
96582,-0.809636180692,0
96583,-1.22644732323,0
96584,-0.93153914992,0
96585,-0.885164453031,0
96586,-1.31150868132,0
96587,-1.35409774229,0
96588,-1.03791718658,0
96589,-1.0602292824,0
96590,-1.37304334913,0
96591,-1.34749884876,0
96592,-1.58404996859,0
96593,-1.56485266019,0
96594,-1.31368530796,0
96595,-1.31319520429,0
96596,-1.48706834977,0
96597,-1.40558817492,0
96598,-1.77913950121,0
96599,-1.486423602,0
96600,-1.52121850734,0
96601,-1.45549621281,0
96602,-1.24123521655,0
96603,-1.43874799808,0
96604,-1.6159134269,0
96605,-1.76656335099,0
96606,-1.49059949429,0
96607,-1.85763096412,0
96608,-1.78638308429,0
96609,-1.74469562887,0
96610,-1.6030296773,0
96611,-1.85851067669,0
96612,-1.77214685241,0
96613,-1.99206457451,0
96614,-2.09717472983,0
96615,-1.82127823827,0
96616,-2.06940480388,0
96617,-2.28326399236,0
96618,-2.27887820621,0
96619,-2.11294103015,0
96620,-2.00074242731,0
96621,-2.36730388979,0
96622,-2.26823122087,0
96623,-2.49817474192,0
96624,-2.53028733908,0
96625,-2.18029950185,0
96626,-2.24387818583,0
96627,-2.20309808095,0
96628,-2.27497713014,0
96629,-2.3108656628,0
96630,-2.5019895271,0
96631,-2.61932461923,0
96632,-2.62848582905,0
96633,-2.41391196138,0
96634,-2.79381484912,0
96635,-2.81501241222,0
96636,-2.42007895848,0
96637,-2.71214946802,0
96638,-2.76813670171,0
96639,-2.87470478229,0
96640,-2.90017035958,0
96641,-2.49655379133,0
96642,-2.86855211631,0
96643,-2.91175467436,0
96644,-2.62846353679,0
96645,-2.60871955866,0
96646,-2.71931987933,0
96647,-2.59118263186,0
96648,-2.79300913889,0
96649,-2.9308637164,0
96650,-2.80161397072,0
96651,-2.54923329851,0
96652,-2.96532862258,0
96653,-2.81984934063,0
96654,-2.93679861701,0
96655,-2.67761787389,0
96656,-2.93933756429,0
96657,-2.54807073608,0
96658,-2.66559209225,0
96659,-2.81813459712,0
96660,-2.89565613423,0
96661,-2.57864070819,0
96662,-2.46094377486,0
96663,-2.44901258477,0
96664,-2.47279758617,0
96665,-2.4980403582,0
96666,-2.64064107485,0
96667,-2.46945861953,0
96668,-2.34666172045,0
96669,-2.55739119809,0
96670,-2.65658026319,0
96671,-2.33956955787,0
96672,-2.31432439304,0
96673,-2.31446563037,0
96674,-2.46977427198,0
96675,-2.53503118568,0
96676,-2.31484042206,0
96677,-2.2884069273,0
96678,-2.1602081491,0
96679,-2.29587102885,0
96680,-2.36750476251,0
96681,-2.3390048337,0
96682,-1.92914710519,0
96683,-1.8726789233,0
96684,-2.21807730421,0
96685,-1.76814930905,0
96686,-1.82744954387,0
96687,-1.69188542452,0
96688,-1.73478952057,0
96689,-1.61075850083,0
96690,-1.59117538064,0
96691,-1.93599215636,0
96692,-1.716998877,0
96693,-1.62427094298,0
96694,-1.78685040827,0
96695,-1.66445490217,0
96696,-1.72211922543,0
96697,-1.37049028431,0
96698,-1.23745649092,0
96699,-1.36766428853,0
96700,-1.48579606897,0
96701,-1.25298645523,0
96702,-1.23185882222,0
96703,-1.34875210328,0
96704,-1.34352896375,0
96705,-0.990274537609,0
96706,-0.877778047974,0
96707,-1.16223058005,0
96708,-0.786456055938,0
96709,-1.15498261651,0
96710,-0.700199470402,0
96711,-0.948386571175,0
96712,-0.817174973826,0
96713,-0.921871299006,0
96714,-0.740004636749,0
96715,-0.619918423431,0
96716,-0.512903786807,0
96717,-0.788483797468,0
96718,-0.416263150024,0
96719,-0.646044030167,0
96720,-0.627612105031,0
96721,-0.64826889306,0
96722,-0.374303292393,0
96723,-0.568650212703,0
96724,-0.538744052244,0
96725,-0.519974304439,0
96726,-0.456320981807,0
96727,-0.33631389347,0
96728,-0.065353718303,0
96729,-0.212158409151,0
96730,-0.336141627724,0
96731,0.00705551450107,0
96732,-0.00994537856004,0
96733,-0.31866196995,0
96734,-0.0221706764973,0
96735,0.111581395128,0
96736,0.113706757178,0
96737,-0.186168535855,0
96738,0.161950179267,0
96739,-0.191732657896,0
96740,0.137859365212,0
96741,0.200554419642,0
96742,0.0311602511937,0
96743,0.0568550565821,0
96744,-0.167068235288,0
96745,-0.0815795615543,0
96746,0.243812159228,0
96747,0.1820360472,0
96748,0.105349601252,0
96749,-0.157919173137,0
96750,-0.140479558598,0
96751,0.0979688306939,0
96752,0.233980256652,0
96753,0.160690854819,0
96754,0.0255131309297,0
96755,-0.00823291489655,0
96756,0.0652400040135,0
96757,0.0325387883602,0
96758,-0.0514082814555,0
96759,-0.231143852809,0
96760,0.0106211880744,0
96761,-0.257769378249,0
96762,-0.0905546821263,0
96763,-0.290693052285,0
96764,0.0106879391214,0
96765,-0.282021607563,0
96766,-0.08168781806,0
96767,-0.288754746055,0
96768,-0.286864765836,0
96769,-0.0803585874261,0
96770,-0.443139609583,0
96771,-0.335004878738,0
96772,-0.497908166323,0
96773,-0.197346961718,0
96774,-0.486218356145,0
96775,-0.599481294132,0
96776,-0.339306086298,0
96777,-0.255524212564,0
96778,-0.552742419484,0
96779,-0.354437145495,0
96780,-0.558461655873,0
96781,-0.403234976415,0
96782,-0.474378742684,0
96783,-0.891189885218,0
96784,-0.596281711912,0
96785,-0.549907015023,0
96786,-0.976251243311,0
96787,-1.01884030428,0
96788,-0.70265974857,0
96789,-0.724971844392,0
96790,-1.03778591113,0
96791,-1.01224141076,0
96792,-1.24879253058,0
96793,-1.22959522218,0
96794,-0.978427869952,0
96795,-0.977937766283,0
96796,-1.15181091176,0
96797,-1.07033073691,0
96798,-1.4438820632,0
96799,-1.15116616399,0
96800,-1.50340467655,0
96801,-1.43768238201,0
96802,-1.22342138575,0
96803,-1.42093416729,0
96804,-1.59809959611,0
96805,-1.7487495202,0
96806,-1.47278566349,0
96807,-1.83981713333,0
96808,-1.76856925349,0
96809,-1.72688179807,0
96810,-1.58521584651,0
96811,-1.8406968459,0
96812,-1.75433302162,0
96813,-1.97425074371,0
96814,-2.07936089904,0
96815,-1.80346440747,0
96816,-2.05159097309,0
96817,-2.26545016156,0
96818,-2.26106437542,0
96819,-2.09512719935,0
96820,-1.98292859651,0
96821,-2.34949005899,0
96822,-2.25041739008,0
96823,-2.48036091113,0
96824,-2.51247350828,0
96825,-2.16248567105,0
96826,-2.22606435503,0
96827,-2.18528425015,0
96828,-2.25716329935,0
96829,-2.293051832,0
96830,-2.48417569631,0
96831,-2.60151078844,0
96832,-2.61067199826,0
96833,-2.39609813058,0
96834,-2.77600101832,0
96835,-2.79719858142,0
96836,-2.40226512768,0
96837,-2.69433563723,0
96838,-2.75032287091,0
96839,-2.85689095149,0
96840,-2.88235652879,0
96841,-2.47873996053,0
96842,-2.85073828551,0
96843,-2.89394084356,0
96844,-2.61064970599,0
96845,-2.59090572786,0
96846,-2.70150604854,0
96847,-2.57336880106,0
96848,-2.77519530809,0
96849,-2.91304988561,0
96850,-2.78380013992,0
96851,-2.53141946771,0
96852,-2.94751479178,0
96853,-2.80203550984,0
96854,-2.91898478622,0
96855,-2.6598040431,0
96856,-2.92152373349,0
96857,-2.53025690528,0
96858,-2.64777826145,0
96859,-2.80032076632,0
96860,-2.87784230343,0
96861,-2.5608268774,0
96862,-2.44312994407,0
96863,-2.43119875397,0
96864,-2.45498375538,0
96865,-2.48022652741,0
96866,-2.62282724405,0
96867,-2.45164478874,0
96868,-2.32884788965,0
96869,-2.53957736729,0
96870,-2.63876643239,0
96871,-2.32175572708,0
96872,-2.29651056224,0
96873,-2.29665179957,0
96874,-2.45196044118,0
96875,-2.51721735489,0
96876,-2.29702659126,0
96877,-2.2705930965,0
96878,-2.1423943183,0
96879,-2.27805719805,0
96880,-2.34969093171,0
96881,-2.32119100291,0
96882,-1.91133327439,0
96883,-1.85486509251,0
96884,-2.20026347342,0
96885,-1.75033547826,0
96886,-1.80963571307,0
96887,-1.67407159373,0
96888,-1.71697568977,0
96889,-1.59294467003,0
96890,-1.57336154984,0
96891,-1.91817832556,0
96892,-1.69918504621,0
96893,-1.60645711218,0
96894,-1.76903657748,0
96895,-1.64664107137,0
96896,-1.70430539464,0
96897,-1.35267645352,0
96898,-1.21964266012,0
96899,-1.34985045774,0
96900,-1.46798223818,0
96901,-1.23517262443,0
96902,-1.21404499142,0
96903,-1.33093827248,0
96904,-1.32571513295,0
96905,-0.972460706813,0
96906,-0.859964217179,0
96907,-1.14441674926,0
96908,-0.768642225143,0
96909,-1.13716878572,0
96910,-0.682385639607,0
96911,-0.930572740379,0
96912,-0.79936114303,0
96913,-0.904057468211,0
96914,-0.722190805954,0
96915,-0.602104592636,0
96916,-0.495089956011,0
96917,-0.770669966673,0
96918,-0.398449319229,0
96919,-0.628230199372,0
96920,-0.609798274235,0
96921,-0.630455062264,0
96922,-0.356489461597,0
96923,-0.550836381907,0
96924,-0.520930221448,0
96925,-0.502160473643,0
96926,-0.438507151011,0
96927,-0.318500062674,0
96928,-0.0475398875075,0
96929,-0.194344578355,0
96930,-0.318327796928,0
96931,0.0248693452966,0
96932,0.00786845223551,0
96933,-0.300848139155,0
96934,-0.00435684570179,0
96935,0.129395225924,0
96936,0.131520587974,0
96937,-0.16835470506,0
96938,0.179764010062,0
96939,-0.1739188271,0
96940,0.155673196008,0
96941,0.218368250438,0
96942,0.0489740819892,0
96943,0.0746688873777,0
96944,-0.149254404493,0
96945,-0.0637657307587,0
96946,0.261625990023,0
96947,0.199849877996,0
96948,0.123163432048,0
96949,-0.140105342341,0
96950,-0.122665727802,0
96951,0.115782661489,0
96952,0.251794087448,0
96953,0.178504685614,0
96954,0.0433269617253,0
96955,0.009580915899,0
96956,0.0830538348091,0
96957,0.0503526191557,0
96958,-0.0335944506599,0
96959,-0.213330022013,0
96960,0.02843501887,0
96961,-0.239955547454,0
96962,-0.0727408513307,0
96963,-0.27287922149,0
96964,0.0285017699169,0
96965,-0.264207776767,0
96966,-0.0638739872645,0
96967,-0.27094091526,0
96968,-0.269050935041,0
96969,-0.0625447566305,0
96970,-0.425325778788,0
96971,-0.317191047943,0
96972,-0.480094335528,0
96973,-0.179533130922,0
96974,-0.468404525349,0
96975,-0.581667463337,0
96976,-0.321492255503,0
96977,-0.237710381768,0
96978,-0.534928588689,0
96979,-0.3366233147,0
96980,-0.540647825077,0
96981,-0.38542114562,0
96982,-0.456564911889,0
96983,-0.873376054422,0
96984,-0.578467881117,0
96985,-0.532093184227,0
96986,-0.958437412515,0
96987,-1.00102647349,0
96988,-0.684845917774,0
96989,-0.707158013596,0
96990,-1.01997208033,0
96991,-0.99442757996,0
96992,-1.23097869978,0
96993,-1.21178139139,0
96994,-0.960614039157,0
96995,-0.960123935487,0
96996,-1.13399708096,0
96997,-1.05251690612,0
96998,-1.4260682324,0
96999,-1.13335233319,0
97000,-1.49132804715,0
97001,-1.42560575261,0
97002,-1.21134475635,0
97003,-1.40885753788,0
97004,-1.5860229667,0
97005,-1.73667289079,0
97006,-1.46070903409,0
97007,-1.82774050392,0
97008,-1.75649262409,0
97009,-1.71480516867,0
97010,-1.5731392171,0
97011,-1.8286202165,0
97012,-1.74225639221,0
97013,-1.96217411431,0
97014,-2.06728426963,0
97015,-1.79138777807,0
97016,-2.03951434368,0
97017,-2.25337353216,0
97018,-2.24898774601,0
97019,-2.08305056995,0
97020,-1.97085196711,0
97021,-2.33741342959,0
97022,-2.23834076067,0
97023,-2.46828428172,0
97024,-2.50039687888,0
97025,-2.15040904165,0
97026,-2.21398772563,0
97027,-2.17320762075,0
97028,-2.24508666994,0
97029,-2.2809752026,0
97030,-2.4720990669,0
97031,-2.58943415903,0
97032,-2.59859536886,0
97033,-2.38402150118,0
97034,-2.76392438892,0
97035,-2.78512195202,0
97036,-2.39018849828,0
97037,-2.68225900782,0
97038,-2.73824624151,0
97039,-2.84481432209,0
97040,-2.87027989938,0
97041,-2.46666333113,0
97042,-2.83866165611,0
97043,-2.88186421416,0
97044,-2.59857307659,0
97045,-2.57882909846,0
97046,-2.68942941913,0
97047,-2.56129217166,0
97048,-2.76311867869,0
97049,-2.9009732562,0
97050,-2.77172351052,0
97051,-2.51934283831,0
97052,-2.93543816238,0
97053,-2.78995888043,0
97054,-2.90690815681,0
97055,-2.64772741369,0
97056,-2.90944710409,0
97057,-2.51818027588,0
97058,-2.63570163205,0
97059,-2.78824413692,0
97060,-2.86576567403,0
97061,-2.54875024799,0
97062,-2.43105331466,0
97063,-2.41912212457,0
97064,-2.44290712597,0
97065,-2.468149898,0
97066,-2.61075061465,0
97067,-2.43956815933,0
97068,-2.31677126025,0
97069,-2.52750073789,0
97070,-2.62668980299,0
97071,-2.30967909767,0
97072,-2.28443393284,0
97073,-2.28457517017,0
97074,-2.43988381178,0
97075,-2.50514072548,0
97076,-2.28494996186,0
97077,-2.2585164671,0
97078,-2.1303176889,0
97079,-2.26598056865,0
97080,-2.33761430231,0
97081,-2.3091143735,0
97082,-1.89925664499,0
97083,-1.84278846311,0
97084,-2.18818684401,0
97085,-1.73825884885,0
97086,-1.79755908367,0
97087,-1.66199496432,0
97088,-1.70489906037,0
97089,-1.58086804063,0
97090,-1.56128492044,0
97091,-1.90610169616,0
97092,-1.6871084168,0
97093,-1.59438048278,0
97094,-1.75695994807,0
97095,-1.63456444197,0
97096,-1.69222876523,0
97097,-1.34059982412,0
97098,-1.20756603072,0
97099,-1.33777382833,0
97100,-1.45590560877,0
97101,-1.22309599503,0
97102,-1.20196836202,0
97103,-1.31886164308,0
97104,-1.31363850355,0
97105,-0.960384077409,0
97106,-0.847887587775,0
97107,-1.13234011985,0
97108,-0.756565595739,0
97109,-1.12509215632,0
97110,-0.670309010203,0
97111,-0.918496110976,0
97112,-0.787284513627,0
97113,-0.891980838807,0
97114,-0.71011417655,0
97115,-0.590027963232,0
97116,-0.483013326607,0
97117,-0.758593337269,0
97118,-0.386372689825,0
97119,-0.616153569968,0
97120,-0.597721644832,0
97121,-0.61837843286,0
97122,-0.344412832193,0
97123,-0.538759752503,0
97124,-0.508853592045,0
97125,-0.490083844239,0
97126,-0.426430521607,0
97127,-0.30642343327,0
97128,-0.0354632581036,0
97129,-0.182267948951,0
97130,-0.306251167525,0
97131,0.0369459747005,0
97132,0.0199450816394,0
97133,-0.288771509751,0
97134,0.0077197837021,0
97135,0.141471855328,0
97136,0.143597217378,0
97137,-0.156278075656,0
97138,0.191840639466,0
97139,-0.161842197696,0
97140,0.167749825412,0
97141,0.230444879842,0
97142,0.0610507113931,0
97143,0.0867455167816,0
97144,-0.137177775089,0
97145,-0.0516891013548,0
97146,0.273702619427,0
97147,0.211926507399,0
97148,0.135240061452,0
97149,-0.128028712938,0
97150,-0.110589098398,0
97151,0.127859290893,0
97152,0.263870716852,0
97153,0.190581315018,0
97154,0.0554035911292,0
97155,0.0216575453029,0
97156,0.095130464213,0
97157,0.0624292485596,0
97158,-0.0215178212561,0
97159,-0.20125339261,0
97160,0.0405116482739,0
97161,-0.22787891805,0
97162,-0.0606642219268,0
97163,-0.260802592086,0
97164,0.0405783993208,0
97165,-0.252131147363,0
97166,-0.0517973578606,0
97167,-0.258864285856,0
97168,-0.256974305637,0
97169,-0.0504681272266,0
97170,-0.413249149384,0
97171,-0.305114418539,0
97172,-0.468017706124,0
97173,-0.167456501518,0
97174,-0.456327895945,0
97175,-0.569590833933,0
97176,-0.309415626099,0
97177,-0.225633752364,0
97178,-0.522851959285,0
97179,-0.324546685296,0
97180,-0.528571195673,0
97181,-0.373344516216,0
97182,-0.444488282485,0
97183,-0.861299425018,0
97184,-0.566391251713,0
97185,-0.520016554824,0
97186,-0.946360783112,0
97187,-0.988949844082,0
97188,-0.67276928837,0
97189,-0.695081384192,0
97190,-1.00789545093,0
97191,-0.982350950556,0
97192,-1.21890207038,0
97193,-1.19970476198,0
97194,-0.948537409753,0
97195,-0.948047306083,0
97196,-1.12192045156,0
97197,-1.04044027672,0
97198,-1.413991603,0
97199,-1.12127570379,0
97200,-1.64309894783,0
97201,-1.5773766533,0
97202,-1.36311565703,0
97203,-1.56062843857,0
97204,-1.73779386739,0
97205,-1.88844379148,0
97206,-1.61247993478,0
97207,-1.97951140461,0
97208,-1.90826352478,0
97209,-1.86657606936,0
97210,-1.72491011779,0
97211,-1.98039111718,0
97212,-1.8940272929,0
97213,-2.113945015,0
97214,-2.21905517032,0
97215,-1.94315867876,0
97216,-2.19128524437,0
97217,-2.40514443285,0
97218,-2.4007586467,0
97219,-2.23482147063,0
97220,-2.1226228678,0
97221,-2.48918433028,0
97222,-2.39011166136,0
97223,-2.62005518241,0
97224,-2.65216777957,0
97225,-2.30217994234,0
97226,-2.36575862632,0
97227,-2.32497852144,0
97228,-2.39685757063,0
97229,-2.43274610329,0
97230,-2.62386996759,0
97231,-2.74120505972,0
97232,-2.75036626954,0
97233,-2.53579240187,0
97234,-2.91569528961,0
97235,-2.93689285271,0
97236,-2.54195939897,0
97237,-2.83402990851,0
97238,-2.8900171422,0
97239,-2.99658522278,0
97240,-3.02205080007,0
97241,-2.61843423182,0
97242,-2.99043255679,0
97243,-3.03363511484,0
97244,-2.75034397728,0
97245,-2.73059999915,0
97246,-2.84120031982,0
97247,-2.71306307235,0
97248,-2.91488957938,0
97249,-3.05274415689,0
97250,-2.9234944112,0
97251,-2.671113739,0
97252,-3.08720906307,0
97253,-2.94172978112,0
97254,-3.0586790575,0
97255,-2.79949831438,0
97256,-3.06121800477,0
97257,-2.66995117657,0
97258,-2.78747253274,0
97259,-2.94001503761,0
97260,-3.01753657471,0
97261,-2.70052114868,0
97262,-2.58282421535,0
97263,-2.57089302526,0
97264,-2.59467802666,0
97265,-2.61992079869,0
97266,-2.76252151534,0
97267,-2.59133906002,0
97268,-2.46854216093,0
97269,-2.67927163858,0
97270,-2.77846070367,0
97271,-2.46144999836,0
97272,-2.43620483353,0
97273,-2.43634607085,0
97274,-2.59165471247,0
97275,-2.65691162617,0
97276,-2.43672086254,0
97277,-2.41028736778,0
97278,-2.28208858959,0
97279,-2.41775146934,0
97280,-2.489385203,0
97281,-2.46088527419,0
97282,-2.05102754568,0
97283,-1.99455936379,0
97284,-2.3399577447,0
97285,-1.89002974954,0
97286,-1.94932998436,0
97287,-1.81376586501,0
97288,-1.85666996105,0
97289,-1.73263894131,0
97290,-1.71305582113,0
97291,-2.05787259685,0
97292,-1.83887931749,0
97293,-1.74615138347,0
97294,-1.90873084876,0
97295,-1.78633534266,0
97296,-1.84399966592,0
97297,-1.4923707248,0
97298,-1.35933693141,0
97299,-1.48954472902,0
97300,-1.60767650946,0
97301,-1.37486689571,0
97302,-1.35373926271,0
97303,-1.47063254377,0
97304,-1.46540940423,0
97305,-1.1121549781,0
97306,-0.999658488462,0
97307,-1.28411102054,0
97308,-0.908336496426,0
97309,-1.276863057,0
97310,-0.82207991089,0
97311,-1.07026701166,0
97312,-0.939055414314,0
97313,-1.04375173949,0
97314,-0.861885077237,0
97315,-0.741798863919,0
97316,-0.634784227295,0
97317,-0.910364237956,0
97318,-0.538143590512,0
97319,-0.767924470655,0
97320,-0.749492545519,0
97321,-0.770149333547,0
97322,-0.496183732881,0
97323,-0.690530653191,0
97324,-0.660624492732,0
97325,-0.641854744927,0
97326,-0.578201422295,0
97327,-0.458194333958,0
97328,-0.187234158791,0
97329,-0.334038849639,0
97330,-0.458022068212,0
97331,-0.114824925987,0
97332,-0.131825819048,0
97333,-0.440542410438,0
97334,-0.144051116985,0
97335,-0.0102990453596,0
97336,-0.00817368330947,0
97337,-0.308048976343,0
97338,0.0400697387788,0
97339,-0.313613098384,0
97340,0.0159789247243,0
97341,0.0786739791545,0
97342,-0.0907201892942,0
97343,-0.0650253839057,0
97344,-0.288948675776,0
97345,-0.203460002042,0
97346,0.12193171874,0
97347,0.0601556067121,0
97348,-0.0165308392357,0
97349,-0.279799613625,0
97350,-0.262359999086,0
97351,-0.0239116097939,0
97352,0.112099816164,0
97353,0.0388104143307,0
97354,-0.0963673095581,0
97355,-0.130113355384,0
97356,-0.0566404364743,0
97357,-0.0893416521277,0
97358,-0.173288721943,0
97359,-0.353024293297,0
97360,-0.111259252413,0
97361,-0.379649818737,0
97362,-0.212435122614,0
97363,-0.412573492773,0
97364,-0.111192501366,0
97365,-0.403902048051,0
97366,-0.203568258548,0
97367,-0.410635186543,0
97368,-0.408745206324,0
97369,-0.202239027914,0
97370,-0.565020050071,0
97371,-0.456885319226,0
97372,-0.619788606811,0
97373,-0.319227402206,0
97374,-0.608098796632,0
97375,-0.72136173462,0
97376,-0.461186526786,0
97377,-0.377404653052,0
97378,-0.674622859972,0
97379,-0.476317585983,0
97380,-0.680342096361,0
97381,-0.525115416903,0
97382,-0.596259183172,0
97383,-1.01307032571,0
97384,-0.7181621524,0
97385,-0.671787455511,0
97386,-1.0981316838,0
97387,-1.14072074477,0
97388,-0.824540189058,0
97389,-0.84685228488,0
97390,-1.15966635161,0
97391,-1.13412185124,0
97392,-1.37067297107,0
97393,-1.35147566267,0
97394,-1.10030831044,0
97395,-1.09981820677,0
97396,-1.27369135225,0
97397,-1.1922111774,0
97398,-1.56576250369,0
97399,-1.27304660448,0
97400,-1.64010250318,0
97401,-1.57438020865,0
97402,-1.36011921239,0
97403,-1.55763199392,0
97404,-1.73479742274,0
97405,-1.88544734683,0
97406,-1.60948349013,0
97407,-1.97651495996,0
97408,-1.90526708013,0
97409,-1.86357962471,0
97410,-1.72191367314,0
97411,-1.97739467253,0
97412,-1.89103084825,0
97413,-2.11094857035,0
97414,-2.21605872567,0
97415,-1.94016223411,0
97416,-2.18828879972,0
97417,-2.4021479882,0
97418,-2.39776220205,0
97419,-2.23182502599,0
97420,-2.11962642315,0
97421,-2.48618788563,0
97422,-2.38711521671,0
97423,-2.61705873776,0
97424,-2.64917133492,0
97425,-2.29918349769,0
97426,-2.36276218167,0
97427,-2.32198207679,0
97428,-2.39386112598,0
97429,-2.42974965864,0
97430,-2.62087352294,0
97431,-2.73820861507,0
97432,-2.74736982489,0
97433,-2.53279595722,0
97434,-2.91269884496,0
97435,-2.93389640806,0
97436,-2.53896295432,0
97437,-2.83103346386,0
97438,-2.88702069755,0
97439,-2.99358877813,0
97440,-3.01905435542,0
97441,-2.61543778717,0
97442,-2.98743611215,0
97443,-3.0306386702,0
97444,-2.74734753263,0
97445,-2.7276035545,0
97446,-2.83820387517,0
97447,-2.7100666277,0
97448,-2.91189313473,0
97449,-3.04974771224,0
97450,-2.92049796656,0
97451,-2.66811729435,0
97452,-3.08421261842,0
97453,-2.93873333647,0
97454,-3.05568261285,0
97455,-2.79650186973,0
97456,-3.05822156012,0
97457,-2.66695473192,0
97458,-2.78447608809,0
97459,-2.93701859296,0
97460,-3.01454013006,0
97461,-2.69752470403,0
97462,-2.5798277707,0
97463,-2.56789658061,0
97464,-2.59168158201,0
97465,-2.61692435404,0
97466,-2.75952507069,0
97467,-2.58834261537,0
97468,-2.46554571628,0
97469,-2.67627519393,0
97470,-2.77546425903,0
97471,-2.45845355371,0
97472,-2.43320838888,0
97473,-2.43334962621,0
97474,-2.58865826782,0
97475,-2.65391518152,0
97476,-2.4337244179,0
97477,-2.40729092314,0
97478,-2.27909214494,0
97479,-2.41475502469,0
97480,-2.48638875835,0
97481,-2.45788882954,0
97482,-2.04803110103,0
97483,-1.99156291914,0
97484,-2.33696130005,0
97485,-1.88703330489,0
97486,-1.94633353971,0
97487,-1.81076942036,0
97488,-1.8536735164,0
97489,-1.72964249666,0
97490,-1.71005937648,0
97491,-2.0548761522,0
97492,-1.83588287284,0
97493,-1.74315493882,0
97494,-1.90573440411,0
97495,-1.78333889801,0
97496,-1.84100322127,0
97497,-1.48937428015,0
97498,-1.35634048676,0
97499,-1.48654828437,0
97500,-1.60468006481,0
97501,-1.37187045107,0
97502,-1.35074281806,0
97503,-1.46763609912,0
97504,-1.46241295959,0
97505,-1.10915853345,0
97506,-0.996662043814,0
97507,-1.28111457589,0
97508,-0.905340051778,0
97509,-1.27386661235,0
97510,-0.819083466241,0
97511,-1.06727056701,0
97512,-0.936058969665,0
97513,-1.04075529485,0
97514,-0.858888632589,0
97515,-0.73880241927,0
97516,-0.631787782646,0
97517,-0.907367793308,0
97518,-0.535147145863,0
97519,-0.764928026006,0
97520,-0.74649610087,0
97521,-0.767152888899,0
97522,-0.493187288232,0
97523,-0.687534208542,0
97524,-0.657628048083,0
97525,-0.638858300278,0
97526,-0.575204977646,0
97527,-0.455197889309,0
97528,-0.184237714142,0
97529,-0.33104240499,0
97530,-0.455025623563,0
97531,-0.111828481338,0
97532,-0.128829374399,0
97533,-0.437545965789,0
97534,-0.141054672336,0
97535,-0.00730260071086,0
97536,-0.00517723866077,0
97537,-0.305052531694,0
97538,0.0430661834275,0
97539,-0.310616653735,0
97540,0.018975369373,0
97541,0.0816704238032,0
97542,-0.0877237446455,0
97543,-0.062028939257,0
97544,-0.285952231128,0
97545,-0.200463557393,0
97546,0.124928163389,0
97547,0.0631520513608,0
97548,-0.013534394587,0
97549,-0.276803168976,0
97550,-0.259363554437,0
97551,-0.0209151651452,0
97552,0.115096260813,0
97553,0.0418068589794,0
97554,-0.0933708649094,0
97555,-0.127116910736,0
97556,-0.0536439918256,0
97557,-0.086345207479,0
97558,-0.170292277295,0
97559,-0.350027848648,0
97560,-0.108262807765,0
97561,-0.376653374088,0
97562,-0.209438677965,0
97563,-0.409577048124,0
97564,-0.108196056718,0
97565,-0.400905603402,0
97566,-0.200571813899,0
97567,-0.407638741894,0
97568,-0.405748761675,0
97569,-0.199242583265,0
97570,-0.562023605423,0
97571,-0.453888874578,0
97572,-0.616792162162,0
97573,-0.316230957557,0
97574,-0.605102351984,0
97575,-0.718365289971,0
97576,-0.458190082137,0
97577,-0.374408208403,0
97578,-0.671626415323,0
97579,-0.473321141334,0
97580,-0.677345651712,0
97581,-0.522118972254,0
97582,-0.593262738523,0
97583,-1.01007388106,0
97584,-0.715165707751,0
97585,-0.668791010862,0
97586,-1.09513523915,0
97587,-1.13772430012,0
97588,-0.821543744409,0
97589,-0.843855840231,0
97590,-1.15666990696,0
97591,-1.13112540659,0
97592,-1.36767652642,0
97593,-1.34847921802,0
97594,-1.09731186579,0
97595,-1.09682176212,0
97596,-1.2706949076,0
97597,-1.18921473275,0
97598,-1.56276605904,0
97599,-1.27005015983,0
97600,-1.52009565663,0
97601,-1.45437336209,0
97602,-1.24011236583,0
97603,-1.43762514736,0
97604,-1.61479057618,0
97605,-1.76544050027,0
97606,-1.48947664357,0
97607,-1.8565081134,0
97608,-1.78526023357,0
97609,-1.74357277815,0
97610,-1.60190682658,0
97611,-1.85738782598,0
97612,-1.77102400169,0
97613,-1.99094172379,0
97614,-2.09605187911,0
97615,-1.82015538755,0
97616,-2.06828195317,0
97617,-2.28214114164,0
97618,-2.2777553555,0
97619,-2.11181817943,0
97620,-1.99961957659,0
97621,-2.36618103907,0
97622,-2.26710837016,0
97623,-2.4970518912,0
97624,-2.52916448836,0
97625,-2.17917665113,0
97626,-2.24275533511,0
97627,-2.20197523023,0
97628,-2.27385427943,0
97629,-2.30974281208,0
97630,-2.50086667639,0
97631,-2.61820176852,0
97632,-2.62736297834,0
97633,-2.41278911066,0
97634,-2.7926919984,0
97635,-2.8138895615,0
97636,-2.41895610776,0
97637,-2.7110266173,0
97638,-2.76701385099,0
97639,-2.87358193157,0
97640,-2.89904750886,0
97641,-2.49543094061,0
97642,-2.86742926559,0
97643,-2.91063182364,0
97644,-2.62734068607,0
97645,-2.60759670794,0
97646,-2.71819702862,0
97647,-2.59005978114,0
97648,-2.79188628817,0
97649,-2.92974086568,0
97650,-2.80049112,0
97651,-2.54811044779,0
97652,-2.96420577186,0
97653,-2.81872648991,0
97654,-2.93567576629,0
97655,-2.67649502317,0
97656,-2.93821471357,0
97657,-2.54694788536,0
97658,-2.66446924153,0
97659,-2.8170117464,0
97660,-2.89453328351,0
97661,-2.57751785747,0
97662,-2.45982092414,0
97663,-2.44788973405,0
97664,-2.47167473545,0
97665,-2.49691750749,0
97666,-2.63951822413,0
97667,-2.46833576881,0
97668,-2.34553886973,0
97669,-2.55626834737,0
97670,-2.65545741247,0
97671,-2.33844670715,0
97672,-2.31320154232,0
97673,-2.31334277965,0
97674,-2.46865142126,0
97675,-2.53390833496,0
97676,-2.31371757134,0
97677,-2.28728407658,0
97678,-2.15908529838,0
97679,-2.29474817813,0
97680,-2.36638191179,0
97681,-2.33788198298,0
97682,-1.92802425447,0
97683,-1.87155607259,0
97684,-2.2169544535,0
97685,-1.76702645834,0
97686,-1.82632669315,0
97687,-1.6907625738,0
97688,-1.73366666985,0
97689,-1.60963565011,0
97690,-1.59005252992,0
97691,-1.93486930564,0
97692,-1.71587602629,0
97693,-1.62314809226,0
97694,-1.78572755755,0
97695,-1.66333205145,0
97696,-1.72099637471,0
97697,-1.3693674336,0
97698,-1.2363336402,0
97699,-1.36654143781,0
97700,-1.48467321826,0
97701,-1.25186360451,0
97702,-1.2307359715,0
97703,-1.34762925256,0
97704,-1.34240611303,0
97705,-0.989151686891,0
97706,-0.876655197256,0
97707,-1.16110772933,0
97708,-0.78533320522,0
97709,-1.1538597658,0
97710,-0.699076619684,0
97711,-0.947263720457,0
97712,-0.816052123108,0
97713,-0.920748448288,0
97714,-0.738881786031,0
97715,-0.618795572713,0
97716,-0.511780936089,0
97717,-0.78736094675,0
97718,-0.415140299306,0
97719,-0.644921179449,0
97720,-0.626489254313,0
97721,-0.647146042341,0
97722,-0.373180441675,0
97723,-0.567527361985,0
97724,-0.537621201526,0
97725,-0.518851453721,0
97726,-0.455198131089,0
97727,-0.335191042752,0
97728,-0.064230867585,0
97729,-0.211035558433,0
97730,-0.335018777006,0
97731,0.0081783652191,0
97732,-0.00882252784201,0
97733,-0.317539119232,0
97734,-0.0210478257793,0
97735,0.112704245846,0
97736,0.114829607896,0
97737,-0.185045685137,0
97738,0.163073029985,0
97739,-0.190609807178,0
97740,0.13898221593,0
97741,0.20167727036,0
97742,0.0322831019117,0
97743,0.0579779073002,0
97744,-0.16594538457,0
97745,-0.0804567108362,0
97746,0.244935009946,0
97747,0.183158897918,0
97748,0.10647245197,0
97749,-0.156796322419,0
97750,-0.13935670788,0
97751,0.099091681412,0
97752,0.23510310737,0
97753,0.161813705537,0
97754,0.0266359816477,0
97755,-0.00711006417852,0
97756,0.0663628547316,0
97757,0.0336616390782,0
97758,-0.0502854307375,0
97759,-0.230021002091,0
97760,0.0117440387925,0
97761,-0.256646527531,0
97762,-0.0894318314083,0
97763,-0.289570201567,0
97764,0.0118107898394,0
97765,-0.280898756845,0
97766,-0.080564967342,0
97767,-0.287631895337,0
97768,-0.285741915118,0
97769,-0.079235736708,0
97770,-0.442016758865,0
97771,-0.33388202802,0
97772,-0.496785315605,0
97773,-0.196224111,0
97774,-0.485095505427,0
97775,-0.598358443414,0
97776,-0.33818323558,0
97777,-0.254401361846,0
97778,-0.551619568766,0
97779,-0.353314294777,0
97780,-0.557338805155,0
97781,-0.402112125697,0
97782,-0.473255891966,0
97783,-0.8900670345,0
97784,-0.595158861194,0
97785,-0.548784164305,0
97786,-0.975128392593,0
97787,-1.01771745356,0
97788,-0.701536897852,0
97789,-0.723848993674,0
97790,-1.03666306041,0
97791,-1.01111856004,0
97792,-1.24766967986,0
97793,-1.22847237147,0
97794,-0.977305019234,0
97795,-0.976814915564,0
97796,-1.15068806104,0
97797,-1.0692078862,0
97798,-1.44275921248,0
97799,-1.15004331327,0
97800,-1.51064608445,0
97801,-1.44492378991,0
97802,-1.23066279365,0
97803,-1.42817557519,0
97804,-1.60534100401,0
97805,-1.7559909281,0
97806,-1.48002707139,0
97807,-1.84705854123,0
97808,-1.7758106614,0
97809,-1.73412320597,0
97810,-1.59245725441,0
97811,-1.8479382538,0
97812,-1.76157442952,0
97813,-1.98149215161,0
97814,-2.08660230694,0
97815,-1.81070581538,0
97816,-2.05883238099,0
97817,-2.27269156946,0
97818,-2.26830578332,0
97819,-2.10236860725,0
97820,-1.99017000442,0
97821,-2.35673146689,0
97822,-2.25765879798,0
97823,-2.48760231903,0
97824,-2.51971491618,0
97825,-2.16972707896,0
97826,-2.23330576293,0
97827,-2.19252565806,0
97828,-2.26440470725,0
97829,-2.3002932399,0
97830,-2.49141710421,0
97831,-2.60875219634,0
97832,-2.61791340616,0
97833,-2.40333953848,0
97834,-2.78324242622,0
97835,-2.80443998932,0
97836,-2.40950653558,0
97837,-2.70157704513,0
97838,-2.75756427882,0
97839,-2.86413235939,0
97840,-2.88959793669,0
97841,-2.48598136843,0
97842,-2.85797969341,0
97843,-2.90118225146,0
97844,-2.61789111389,0
97845,-2.59814713576,0
97846,-2.70874745644,0
97847,-2.58061020896,0
97848,-2.78243671599,0
97849,-2.92029129351,0
97850,-2.79104154782,0
97851,-2.53866087562,0
97852,-2.95475619969,0
97853,-2.80927691774,0
97854,-2.92622619412,0
97855,-2.667045451,0
97856,-2.92876514139,0
97857,-2.53749831319,0
97858,-2.65501966935,0
97859,-2.80756217423,0
97860,-2.88508371133,0
97861,-2.5680682853,0
97862,-2.45037135197,0
97863,-2.43844016187,0
97864,-2.46222516328,0
97865,-2.48746793531,0
97866,-2.63006865195,0
97867,-2.45888619664,0
97868,-2.33608929755,0
97869,-2.5468187752,0
97870,-2.64600784029,0
97871,-2.32899713498,0
97872,-2.30375197014,0
97873,-2.30389320747,0
97874,-2.45920184908,0
97875,-2.52445876279,0
97876,-2.30426799916,0
97877,-2.2778345044,0
97878,-2.1496357262,0
97879,-2.28529860596,0
97880,-2.35693233961,0
97881,-2.32843241081,0
97882,-1.91857468229,0
97883,-1.86210650041,0
97884,-2.20750488132,0
97885,-1.75757688616,0
97886,-1.81687712097,0
97887,-1.68131300163,0
97888,-1.72421709767,0
97889,-1.60018607793,0
97890,-1.58060295774,0
97891,-1.92541973346,0
97892,-1.70642645411,0
97893,-1.61369852008,0
97894,-1.77627798538,0
97895,-1.65388247928,0
97896,-1.71154680254,0
97897,-1.35991786142,0
97898,-1.22688406802,0
97899,-1.35709186564,0
97900,-1.47522364608,0
97901,-1.24241403233,0
97902,-1.22128639933,0
97903,-1.33817968038,0
97904,-1.33295654085,0
97905,-0.979702114714,0
97906,-0.86720562508,0
97907,-1.15165815716,0
97908,-0.775883633044,0
97909,-1.14441019362,0
97910,-0.689627047508,0
97911,-0.937814148281,0
97912,-0.806602550931,0
97913,-0.911298876112,0
97914,-0.729432213855,0
97915,-0.609346000537,0
97916,-0.502331363912,0
97917,-0.777911374574,0
97918,-0.40569072713,0
97919,-0.635471607273,0
97920,-0.617039682137,0
97921,-0.637696470165,0
97922,-0.363730869498,0
97923,-0.558077789808,0
97924,-0.52817162935,0
97925,-0.509401881544,0
97926,-0.445748558912,0
97927,-0.325741470575,0
97928,-0.0547812954085,0
97929,-0.201585986256,0
97930,-0.32556920483,0
97931,0.0176279373956,0
97932,0.00062704433447,0
97933,-0.308089547056,0
97934,-0.0115982536028,0
97935,0.122153818023,0
97936,0.124279180073,0
97937,-0.175596112961,0
97938,0.172522602161,0
97939,-0.181160235001,0
97940,0.148431788107,0
97941,0.211126842537,0
97942,0.0417326740882,0
97943,0.0674274794766,0
97944,-0.156495812394,0
97945,-0.0710071386598,0
97946,0.254384582122,0
97947,0.192608470094,0
97948,0.115922024147,0
97949,-0.147346750242,0
97950,-0.129907135703,0
97951,0.108541253588,0
97952,0.244552679547,0
97953,0.171263277713,0
97954,0.0360855538242,0
97955,0.00233950799796,0
97956,0.075812426908,0
97957,0.0431112112547,0
97958,-0.040835858561,0
97959,-0.220571429914,0
97960,0.021193610969,0
97961,-0.247196955355,0
97962,-0.0799822592318,0
97963,-0.280120629391,0
97964,0.0212603620159,0
97965,-0.271449184668,0
97966,-0.0711153951655,0
97967,-0.278182323161,0
97968,-0.276292342942,0
97969,-0.0697861645316,0
97970,-0.432567186689,0
97971,-0.324432455844,0
97972,-0.487335743429,0
97973,-0.186774538823,0
97974,-0.47564593325,0
97975,-0.588908871238,0
97976,-0.328733663404,0
97977,-0.244951789669,0
97978,-0.54216999659,0
97979,-0.343864722601,0
97980,-0.547889232978,0
97981,-0.392662553521,0
97982,-0.46380631979,0
97983,-0.880617462323,0
97984,-0.585709289018,0
97985,-0.539334592128,0
97986,-0.965678820417,0
97987,-1.00826788139,0
97988,-0.692087325675,0
97989,-0.714399421497,0
97990,-1.02721348823,0
97991,-1.00166898786,0
97992,-1.23822010768,0
97993,-1.21902279929,0
97994,-0.967855447058,0
97995,-0.967365343388,0
97996,-1.14123848886,0
97997,-1.05975831402,0
97998,-1.4333096403,0
97999,-1.14059374109,0
98000,-1.42152307281,0
98001,-1.35580077827,0
98002,-1.14153978201,0
98003,-1.33905256354,0
98004,-1.51621799236,0
98005,-1.66686791645,0
98006,-1.39090405975,0
98007,-1.75793552958,0
98008,-1.68668764975,0
98009,-1.64500019433,0
98010,-1.50333424276,0
98011,-1.75881524216,0
98012,-1.67245141787,0
98013,-1.89236913997,0
98014,-1.99747929529,0
98015,-1.72158280373,0
98016,-1.96970936935,0
98017,-2.18356855782,0
98018,-2.17918277168,0
98019,-2.01324559561,0
98020,-1.90104699277,0
98021,-2.26760845525,0
98022,-2.16853578634,0
98023,-2.39847930738,0
98024,-2.43059190454,0
98025,-2.08060406731,0
98026,-2.14418275129,0
98027,-2.10340264641,0
98028,-2.17528169561,0
98029,-2.21117022826,0
98030,-2.40229409257,0
98031,-2.5196291847,0
98032,-2.52879039452,0
98033,-2.31421652684,0
98034,-2.69411941458,0
98035,-2.71531697768,0
98036,-2.32038352394,0
98037,-2.61245403348,0
98038,-2.66844126717,0
98039,-2.77500934775,0
98040,-2.80047492504,0
98041,-2.39685835679,0
98042,-2.76885668177,0
98043,-2.81205923982,0
98044,-2.52876810225,0
98045,-2.50902412412,0
98046,-2.6196244448,0
98047,-2.49148719732,0
98048,-2.69331370435,0
98049,-2.83116828186,0
98050,-2.70191853618,0
98051,-2.44953786397,0
98052,-2.86563318804,0
98053,-2.72015390609,0
98054,-2.83710318247,0
98055,-2.57792243935,0
98056,-2.83964212975,0
98057,-2.44837530154,0
98058,-2.56589665771,0
98059,-2.71843916258,0
98060,-2.79596069969,0
98061,-2.47894527365,0
98062,-2.36124834033,0
98063,-2.34931715023,0
98064,-2.37310215163,0
98065,-2.39834492367,0
98066,-2.54094564031,0
98067,-2.36976318499,0
98068,-2.24696628591,0
98069,-2.45769576355,0
98070,-2.55688482865,0
98071,-2.23987412333,0
98072,-2.2146289585,0
98073,-2.21477019583,0
98074,-2.37007883744,0
98075,-2.43533575115,0
98076,-2.21514498752,0
98077,-2.18871149276,0
98078,-2.06051271456,0
98079,-2.19617559431,0
98080,-2.26780932797,0
98081,-2.23930939916,0
98082,-1.82945167065,0
98083,-1.77298348877,0
98084,-2.11838186968,0
98085,-1.66845387452,0
98086,-1.72775410933,0
98087,-1.59218998998,0
98088,-1.63509408603,0
98089,-1.51106306629,0
98090,-1.4914799461,0
98091,-1.83629672182,0
98092,-1.61730344247,0
98093,-1.52457550844,0
98094,-1.68715497373,0
98095,-1.56475946763,0
98096,-1.62242379089,0
98097,-1.27079484978,0
98098,-1.13776105638,0
98099,-1.26796885399,0
98100,-1.38610063444,0
98101,-1.15329102069,0
98102,-1.13216338768,0
98103,-1.24905666874,0
98104,-1.24383352921,0
98105,-0.890579103071,0
98106,-0.778082613437,0
98107,-1.06253514551,0
98108,-0.686760621401,0
98109,-1.05528718198,0
98110,-0.600504035865,0
98111,-0.848691136637,0
98112,-0.717479539288,0
98113,-0.822175864469,0
98114,-0.640309202212,0
98115,-0.520222988894,0
98116,-0.413208352269,0
98117,-0.688788362931,0
98118,-0.316567715487,0
98119,-0.54634859563,0
98120,-0.527916670494,0
98121,-0.548573458522,0
98122,-0.274607857855,0
98123,-0.468954778165,0
98124,-0.439048617706,0
98125,-0.420278869901,0
98126,-0.356625547269,0
98127,-0.236618458932,0
98128,0.0343417162345,0
98129,-0.112462974613,0
98130,-0.236446193186,0
98131,0.106750949039,0
98132,0.0897500559775,0
98133,-0.218966535413,0
98134,0.0775247580402,0
98135,0.211276829666,0
98136,0.213402191716,0
98137,-0.0864731013177,0
98138,0.261645613804,0
98139,-0.0920372233581,0
98140,0.23755479975,0
98141,0.30024985418,0
98142,0.130855685731,0
98143,0.15655049112,0
98144,-0.0673728007509,0
98145,0.0181158729833,0
98146,0.343507593765,0
98147,0.281731481738,0
98148,0.20504503579,0
98149,-0.0582237385994,0
98150,-0.0407841240604,0
98151,0.197664265231,0
98152,0.33367569119,0
98153,0.260386289356,0
98154,0.125208565467,0
98155,0.091462519641,0
98156,0.164935438551,0
98157,0.132234222898,0
98158,0.048287153082,0
98159,-0.131448418271,0
98160,0.110316622612,0
98161,-0.158073943712,0
98162,0.00914075241126,0
98163,-0.190997617748,0
98164,0.110383373659,0
98165,-0.182326173025,0
98166,0.0180076164775,0
98167,-0.189059311518,0
98168,-0.187169331299,0
98169,0.0193368471115,0
98170,-0.343444175046,0
98171,-0.235309444201,0
98172,-0.398212731786,0
98173,-0.0976515271803,0
98174,-0.386522921607,0
98175,-0.499785859595,0
98176,-0.239610651761,0
98177,-0.155828778026,0
98178,-0.453046984947,0
98179,-0.254741710958,0
98180,-0.458766221335,0
98181,-0.303539541878,0
98182,-0.374683308147,0
98183,-0.79149445068,0
98184,-0.496586277375,0
98185,-0.450211580485,0
98186,-0.876555808774,0
98187,-0.919144869744,0
98188,-0.602964314032,0
98189,-0.625276409854,0
98190,-0.938090476588,0
98191,-0.912545976218,0
98192,-1.14909709604,0
98193,-1.12989978765,0
98194,-0.878732435415,0
98195,-0.878242331745,0
98196,-1.05211547722,0
98197,-0.970635302377,0
98198,-1.34418662866,0
98199,-1.05147072945,0
98200,-1.19400762213,0
98201,-1.1282853276,0
98202,-0.914024331335,0
98203,-1.11153711287,0
98204,-1.28870254169,0
98205,-1.43935246578,0
98206,-1.16338860908,0
98207,-1.53042007891,0
98208,-1.45917219908,0
98209,-1.41748474366,0
98210,-1.27581879209,0
98211,-1.53129979148,0
98212,-1.4449359672,0
98213,-1.6648536893,0
98214,-1.76996384462,0
98215,-1.49406735306,0
98216,-1.74219391867,0
98217,-1.95605310715,0
98218,-1.951667321,0
98219,-1.78573014493,0
98220,-1.6735315421,0
98221,-2.04009300458,0
98222,-1.94102033566,0
98223,-2.17096385671,0
98224,-2.20307645387,0
98225,-1.85308861664,0
98226,-1.91666730062,0
98227,-1.87588719574,0
98228,-1.94776624493,0
98229,-1.98365477759,0
98230,-2.17477864189,0
98231,-2.29211373402,0
98232,-2.30127494384,0
98233,-2.08670107617,0
98234,-2.46660396391,0
98235,-2.48780152701,0
98236,-2.09286807327,0
98237,-2.38493858281,0
98238,-2.4409258165,0
98239,-2.54749389708,0
98240,-2.57295947437,0
98241,-2.16934290612,0
98242,-2.54134123109,0
98243,-2.58454378914,0
98244,0.358378245119,1
98245,0.337263731409,1
98246,0.313471090941,1
98247,0.287046872903,1
98248,0.258042775042,1
98249,0.226515542517,1
98250,0.192526856884,1
98251,0.156143215414,1
98252,0.117435800999,1
98253,0.0764803428849,1
98254,0.0333569685077,1
98255,-0.0118499532687,1
98256,-0.0590519772176,1
98257,-0.108156754789,1
98258,-0.159068214782,1
98259,-0.21168675131,1
98260,-0.265909418668,1
98261,-0.321630132745,1
98262,-0.378739878572,1
98263,-0.437126923605,1
98264,-0.496677036322,1
98265,-0.557273709714,1
98266,-0.618798389227,1
98267,-0.681130704705,1
98268,-0.744148705889,1
98269,-0.807729101011,1
98270,-0.871747498001,1
98271,-0.936078647864,1
98272,-1.00059668971,1
98273,-1.06517539702,1
98274,-1.12968842457,1
98275,-1.19400955565,1
98276,-1.25801294896,1
98277,-1.32157338486,1
98278,-1.38456651035,1
98279,-1.44686908231,1
98280,-1.50835920868,1
98281,-1.5689165869,1
98282,-1.6284227393,1
98283,-1.68676124488,1
98284,-1.74381796709,1
98285,-1.7994812771,1
98286,-1.85364227227,1
98287,-1.90619498914,1
98288,-1.95703661079,1
98289,-2.00606766795,1
98290,-2.05319223366,1
98291,-2.09831811091,1
98292,-2.14135701303,1
98293,-2.18222473644,1
98294,-2.22084132533,1
98295,-2.25713122816,1
98296,-2.29102344544,1
98297,-2.32245166862,1
98298,-2.35135440986,1
98299,-2.3776751223,1
98300,-2.4013623107,1
98301,-2.42236963218,1
98302,-2.4406559869,1
98303,-2.45618559847,1
98304,-2.46892808391,1
98305,-2.47885851317,1
98306,-2.48595745781,1
98307,-2.49021102909,1
98308,-2.49161090509,1
98309,-2.49015434703,1
98310,-2.48584420458,1
98311,-2.47868891034,1
98312,-2.4687024633,1
98313,-2.4559044015,1
98314,-2.44031976372,1
98315,-2.4219790406,1
98316,-2.40091811488,1
98317,-2.3771781913,1
98318,-2.3508057159,1
98319,-2.32185228519,1
98320,-2.2903745452,1
98321,-2.25643408067,1
98322,-2.22009729451,1
98323,-2.18143527796,1
98324,-2.14052367144,1
98325,-2.09744251658,1
98326,-2.05227609966,1
98327,-2.00511278666,1
98328,-1.95604485038,1
98329,-1.90516828996,1
98330,-1.85258264299,1
98331,-1.79839079084,1
98332,-1.74269875733,1
98333,-1.68561550132,1
98334,-1.62725270352,1
98335,-1.56772454802,1
98336,-1.50714749886,1
98337,-1.44564007222,1
98338,-1.38332260448,1
98339,-1.32031701687,1
98340,-1.25674657686,1
98341,-1.19273565704,1
98342,-1.12840949178,1
98343,-1.06389393221,1
98344,-0.999315200017,1
98345,-0.934799640454,1
98346,-0.870473475196,1
98347,-0.806462555377,1
98348,-0.742892115364,1
98349,-0.679886527748,1
98350,-0.617569060013,1
98351,-0.556061633368,1
98352,-0.495484584214,1
98353,-0.435956428713,1
98354,-0.377593630914,1
98355,-0.320510374901,1
98356,-0.264818341391,1
98357,-0.210626489242,1
98358,-0.158040842276,1
98359,-0.107164281851,1
98360,-0.0580963455756,1
98361,-0.0109330325705,1
98362,0.0342333843496,1
98363,0.0773145392039,1
98364,0.118226145729,1
98365,0.156888162282,1
98366,0.193224948437,1
98367,0.227165412972,1
98368,0.258643152958,1
98369,0.287596583668,1
98370,0.313969059071,1
98371,0.337708982653,1
98372,0.358769908365,1
98373,0.377110631491,1
98374,0.392695269265,1
98375,0.405493331072,1
98376,0.415479778104,1
98377,0.422635072344,1
98378,0.426945214794,1
98379,0.428401772862,1
98380,0.42700189686,1
98381,0.422748325581,1
98382,0.415649380937,1
98383,0.405718951681,1
98384,0.392976466234,1
98385,0.377446854671,1
98386,0.359160499951,1
98387,0.338153178471,1
98388,0.314465990073,1
98389,0.288145277631,1
98390,0.259242536389,1
98391,0.227814313205,1
98392,0.193922095929,1
98393,0.157632193096,1
98394,0.119015604204,1
98395,0.0781478808013,1
98396,0.0351089786756,1
98397,-0.0100168985753,1
98398,-0.0571414642844,1
98399,-0.106172521445,1
98400,0.0467381088399,1
98401,-0.00581460803204,1
98402,-0.0599756032023,1
98403,-0.115638913219,1
98404,-0.172695635421,1
98405,-0.231034141001,1
98406,-0.290540293405,1
98407,-0.351097671629,1
98408,-0.412587797999,1
98409,-0.474890369958,1
98410,-0.537883495442,1
98411,-0.601443931348,1
98412,-0.665447324659,1
98413,-0.729768455731,1
98414,-0.794281483281,1
98415,-0.85886019059,1
98416,-0.923378232441,1
98417,-0.987709382304,1
98418,-1.05172777929,1
98419,-1.11530817442,1
98420,-1.1783261756,1
98421,-1.24065849108,1
98422,-1.30218317059,1
98423,-1.36277984398,1
98424,-1.4223299567,1
98425,-1.48071700173,1
98426,-1.53782674756,1
98427,-1.59354746164,1
98428,-1.64777012899,1
98429,-1.70038866552,1
98430,-1.75130012552,1
98431,-1.80040490309,1
98432,-1.84760692704,1
98433,-1.89281384881,1
98434,-1.93593722319,1
98435,-1.9768926813,1
98436,-2.01560009572,1
98437,-2.05198373719,1
98438,-2.08597242282,1
98439,-2.11749965535,1
98440,-2.14650375321,1
98441,-2.17292797125,1
98442,-2.19672061171,1
98443,-2.21783512542,1
98444,-2.09750039965,0
98445,-2.07775642152,0
98446,-2.18835674219,0
98447,-2.06021949472,0
98448,-2.26204600175,0
98449,-2.39990057926,0
98450,-2.27065083358,0
98451,-2.01827016137,0
98452,-2.43436548544,0
98453,-2.28888620349,0
98454,-2.40583547987,0
98455,-2.14665473675,0
98456,-2.40837442715,0
98457,-2.01710759894,0
98458,-2.13462895511,0
98459,-2.28717145998,0
98460,-2.36469299709,0
98461,-2.04767757105,0
98462,-1.92998063772,0
98463,-1.91804944763,0
98464,-1.94183444903,0
98465,-1.96707722107,0
98466,-2.10967793771,0
98467,-1.93849548239,0
98468,-1.81569858331,0
98469,-2.02642806095,0
98470,-2.12561712605,0
98471,-1.80860642073,0
98472,-1.7833612559,0
98473,-1.78350249323,0
98474,-1.93881113484,0
98475,-2.00406804854,0
98476,-1.78387728492,0
98477,-1.75744379016,0
98478,-1.62924501196,0
98479,-1.76490789171,0
98480,-1.83654162537,0
98481,-1.80804169656,0
98482,-1.39818396805,0
98483,-1.34171578617,0
98484,-1.68711416707,0
98485,-1.23718617191,0
98486,-1.29648640673,0
98487,-1.16092228738,0
98488,-1.20382638343,0
98489,-1.07979536369,0
98490,-1.0602122435,0
98491,-1.40502901922,0
98492,-1.18603573986,0
98493,-1.09330780584,0
98494,-1.25588727113,0
98495,-1.13349176503,0
98496,-1.19115608829,0
98497,-0.839527147176,0
98498,-0.706493353779,0
98499,-0.836701151392,0
98500,-0.954832931835,0
98501,-0.722023318088,0
98502,-0.700895685081,0
98503,-0.81778896614,0
98504,-0.812565826608,0
98505,-0.45931140047,0
98506,-0.346814910835,0
98507,-0.631267442912,0
98508,-0.255492918799,0
98509,-0.624019479376,0
98510,-0.169236333263,0
98511,-0.417423434036,0
98512,-0.286211836687,0
98513,-0.390908161867,0
98514,-0.20904149961,0
98515,-0.0889552862921,0
98516,0.0180593503321,0
98517,-0.257520660329,0
98518,0.114699987115,0
98519,-0.115080893028,0
98520,-0.0966489678921,0
98521,-0.117305755921,0
98522,0.156659844746,0
98523,-0.0376870755637,0
98524,-0.00778091510504,0
98525,0.0109888327,0
98526,0.0746421553322,0
98527,0.194649243669,0
98528,0.465609418836,0
98529,0.318804727988,0
98530,0.194821509415,0
98531,0.53801865164,0
98532,0.521017758579,0
98533,0.212301167189,0
98534,0.508792460642,0
98535,0.642544532267,0
98536,0.644669894317,0
98537,0.344794601284,0
98538,0.692913316406,0
98539,0.339230479243,0
98540,0.668822502351,0
98541,0.731517556781,0
98542,0.562123388333,0
98543,0.587818193721,0
98544,0.363894901851,0
98545,0.449383575585,0
98546,0.774775296367,0
98547,0.712999184339,0
98548,0.636312738391,0
98549,0.373043964002,0
98550,0.390483578541,0
98551,0.628931967833,0
98552,0.764943393791,0
98553,0.691653991958,0
98554,0.556476268069,0
98555,0.522730222242,0
98556,0.596203141153,0
98557,0.563501925499,0
98558,0.479554855683,0
98559,0.29981928433,0
98560,0.541584325213,0
98561,0.27319375889,0
98562,0.440408455013,0
98563,0.240270084854,0
98564,0.54165107626,0
98565,0.248941529576,0
98566,0.449275319079,0
98567,0.242208391084,0
98568,0.244098371303,0
98569,0.450604549713,0
98570,0.0878235275556,0
98571,0.195958258401,0
98572,0.0330549708158,0
98573,0.333616175421,0
98574,0.0447447809944,0
98575,-0.0685181569933,0
98576,0.191657050841,0
98577,0.275438924575,0
98578,-0.0217792823453,0
98579,0.176525991644,0
98580,-0.0274985187339,0
98581,0.127728160724,0
98582,0.0565843944548,0
98583,-0.360226748079,0
98584,-0.0653185747732,0
98585,-0.018943877884,0
98586,-0.445288106172,0
98587,-0.487877167142,0
98588,-0.171696611431,0
98589,-0.194008707253,0
98590,-0.506822773987,0
98591,-0.481278273616,0
98592,-0.71782939344,0
98593,-0.698632085045,0
98594,-0.447464732813,0
98595,-0.446974629144,0
98596,-0.620847774619,0
98597,-0.539367599776,0
98598,-0.91291892606,0
98599,-0.62020302685,0
98600,-1.00508037259,0
98601,-0.939358078052,0
98602,-0.72509708179,0
98603,-0.922609863326,0
98604,-1.09977529214,0
98605,-1.25042521623,0
98606,-0.974461359532,0
98607,-1.34149282937,0
98608,-1.27024494953,0
98609,-1.22855749411,0
98610,-1.08689154255,0
98611,-1.34237254194,0
98612,-1.25600871766,0
98613,-1.47592643975,0
98614,-1.58103659507,0
98615,-1.30514010351,0
98616,-1.55326666913,0
98617,-1.7671258576,0
98618,-1.76274007146,0
98619,-1.59680289539,0
98620,-1.48460429255,0
98621,-1.85116575503,0
98622,-1.75209308612,0
98623,-1.98203660716,0
98624,-2.01414920432,0
98625,-1.66416136709,0
98626,-1.72774005107,0
98627,-1.68695994619,0
98628,-1.75883899539,0
98629,-1.79472752804,0
98630,-1.98585139235,0
98631,-2.10318648448,0
98632,-2.1123476943,0
98633,-1.89777382662,0
98634,-2.27767671436,0
98635,-2.29887427746,0
98636,-1.90394082372,0
98637,-2.19601133327,0
98638,-2.25199856695,0
98639,-2.35856664753,0
98640,-2.38403222483,0
98641,-1.98041565657,0
98642,-2.35241398155,0
98643,-2.3956165396,0
98644,-2.11232540203,0
98645,-2.0925814239,0
98646,-2.20318174458,0
98647,-2.0750444971,0
98648,-2.27687100413,0
98649,-2.41472558165,0
98650,-2.28547583596,0
98651,-2.03309516375,0
98652,-2.44919048782,0
98653,-2.30371120587,0
98654,-2.42066048225,0
98655,-2.16147973913,0
98656,-2.42319942953,0
98657,-2.03193260132,0
98658,-2.14945395749,0
98659,-2.30199646236,0
98660,-2.37951799947,0
98661,-2.06250257343,0
98662,-1.94480564011,0
98663,-1.93287445001,0
98664,-1.95665945141,0
98665,-1.98190222345,0
98666,-2.12450294009,0
98667,-1.95332048478,0
98668,-1.83052358569,0
98669,-2.04125306333,0
98670,-2.14044212843,0
98671,-1.82343142311,0
98672,-1.79818625828,0
98673,-1.79832749561,0
98674,-1.95363613722,0
98675,-2.01889305093,0
98676,-1.7987022873,0
98677,-1.77226879254,0
98678,-1.64407001434,0
98679,-1.77973289409,0
98680,-1.85136662775,0
98681,-1.82286669895,0
98682,-1.41300897043,0
98683,-1.35654078855,0
98684,-1.70193916946,0
98685,-1.2520111743,0
98686,-1.31131140911,0
98687,-1.17574728976,0
98688,-1.21865138581,0
98689,-1.09462036607,0
98690,-1.07503724588,0
98691,-1.4198540216,0
98692,-1.20086074225,0
98693,-1.10813280822,0
98694,-1.27071227351,0
98695,-1.14831676741,0
98696,-1.20598109067,0
98697,-0.854352149558,0
98698,-0.721318356161,0
98699,-0.851526153774,0
98700,-0.969657934218,0
98701,-0.73684832047,0
98702,-0.715720687464,0
98703,-0.832613968522,0
98704,-0.82739082899,0
98705,-0.474136402852,0
98706,-0.361639913218,0
98707,-0.646092445295,0
98708,-0.270317921182,0
98709,-0.638844481758,0
98710,-0.184061335645,0
98711,-0.432248436418,0
98712,-0.301036839069,0
98713,-0.405733164249,0
98714,-0.223866501993,0
98715,-0.103780288674,0
98716,0.00323434794976,0
98717,-0.272345662712,0
98718,0.0998749847326,0
98719,-0.129905895411,0
98720,-0.111473970274,0
98721,-0.132130758303,0
98722,0.141834842364,0
98723,-0.052512077946,0
98724,-0.0226059174874,0
98725,-0.00383616968229,0
98726,0.0598171529498,0
98727,0.179824241287,0
98728,0.450784416454,0
98729,0.303979725606,0
98730,0.179996507033,0
98731,0.523193649258,0
98732,0.506192756197,0
98733,0.197476164806,0
98734,0.493967458259,0
98735,0.627719529885,0
98736,0.629844891935,0
98737,0.329969598901,0
98738,0.678088314023,0
98739,0.324405476861,0
98740,0.653997499969,0
98741,0.716692554399,0
98742,0.54729838595,0
98743,0.572993191339,0
98744,0.349069899468,0
98745,0.434558573202,0
98746,0.759950293985,0
98747,0.698174181957,0
98748,0.621487736009,0
98749,0.35821896162,0
98750,0.375658576159,0
98751,0.614106965451,0
98752,0.750118391409,0
98753,0.676828989575,0
98754,0.541651265686,0
98755,0.50790521986,0
98756,0.58137813877,0
98757,0.548676923117,0
98758,0.464729853301,0
98759,0.284994281948,0
98760,0.526759322831,0
98761,0.258368756508,0
98762,0.42558345263,0
98763,0.225445082472,0
98764,0.526826073878,0
98765,0.234116527194,0
98766,0.434450316697,0
98767,0.227383388701,0
98768,0.229273368921,0
98769,0.435779547331,0
98770,0.0729985251732,0
98771,0.181133256018,0
98772,0.0182299684335,0
98773,0.318791173039,0
98774,0.0299197786121,0
98775,-0.0833431593756,0
98776,0.176832048458,0
98777,0.260613922193,0
98778,-0.0366042847276,0
98779,0.161700989261,0
98780,-0.0423235211162,0
98781,0.112903158341,0
98782,0.0417593920724,0
98783,-0.375051750461,0
98784,-0.0801435771555,0
98785,-0.0337688802663,0
98786,-0.460113108554,0
98787,-0.502702169525,0
98788,-0.186521613813,0
98789,-0.208833709635,0
98790,-0.521647776369,0
98791,-0.496103275999,0
98792,-0.732654395822,0
98793,-0.713457087427,0
98794,-0.462289735195,0
98795,-0.461799631526,0
98796,-0.635672777001,0
98797,-0.554192602158,0
98798,-0.927743928442,0
98799,-0.635028029233,0
98800,-1.05496889112,0
98801,-0.989246596582,0
98802,-0.77498560032,0
98803,-0.972498381856,0
98804,-1.14966381067,0
98805,-1.30031373477,0
98806,-1.02434987806,0
98807,-1.3913813479,0
98808,-1.32013346806,0
98809,-1.27844601264,0
98810,-1.13678006108,0
98811,-1.39226106047,0
98812,-1.30589723619,0
98813,-1.52581495828,0
98814,-1.6309251136,0
98815,-1.35502862204,0
98816,-1.60315518766,0
98817,-1.81701437613,0
98818,-1.81262858999,0
98819,-1.64669141392,0
98820,-1.53449281108,0
98821,-1.90105427356,0
98822,-1.80198160465,0
98823,-2.03192512569,0
98824,-2.06403772285,0
98825,-1.71404988562,0
98826,-1.7776285696,0
98827,-1.73684846472,0
98828,-1.80872751392,0
98829,-1.84461604657,0
98830,-2.03573991088,0
98831,-2.15307500301,0
98832,-2.16223621283,0
98833,-1.94766234515,0
98834,-2.32756523289,0
98835,-2.34876279599,0
98836,-1.95382934225,0
98837,-2.2458998518,0
98838,-2.30188708548,0
98839,-2.40845516606,0
98840,-2.43392074336,0
98841,-2.0303041751,0
98842,-2.40230250008,0
98843,-2.44550505813,0
98844,-2.16221392056,0
98845,-2.14246994243,0
98846,-2.25307026311,0
98847,-2.12493301563,0
98848,-2.32675952266,0
98849,-2.46461410018,0
98850,-2.33536435449,0
98851,-2.08298368228,0
98852,-2.49907900635,0
98853,-2.3535997244,0
98854,-2.47054900079,0
98855,-2.21136825767,0
98856,-2.47308794806,0
98857,-2.08182111985,0
98858,-2.19934247602,0
98859,-2.35188498089,0
98860,-2.429406518,0
98861,-2.11239109197,0
98862,-1.99469415864,0
98863,-1.98276296854,0
98864,-2.00654796994,0
98865,-2.03179074198,0
98866,-2.17439145862,0
98867,-2.00320900331,0
98868,-1.88041210422,0
98869,-2.09114158186,0
98870,-2.19033064696,0
98871,-1.87331994164,0
98872,-1.84807477681,0
98873,-1.84821601414,0
98874,-2.00352465575,0
98875,-2.06878156946,0
98876,-1.84859080583,0
98877,-1.82215731107,0
98878,-1.69395853287,0
98879,-1.82962141262,0
98880,-1.90125514628,0
98881,-1.87275521748,0
98882,-1.46289748896,0
98883,-1.40642930708,0
98884,-1.75182768799,0
98885,-1.30189969283,0
98886,-1.36119992764,0
98887,-1.22563580829,0
98888,-1.26853990434,0
98889,-1.1445088846,0
98890,-1.12492576441,0
98891,-1.46974254013,0
98892,-1.25074926078,0
98893,-1.15802132675,0
98894,-1.32060079204,0
98895,-1.19820528594,0
98896,-1.2558696092,0
98897,-0.904240668088,0
98898,-0.771206874692,0
98899,-0.901414672305,0
98900,-1.01954645275,0
98901,-0.786736839001,0
98902,-0.765609205994,0
98903,-0.882502487052,0
98904,-0.87727934752,0
98905,-0.524024921383,0
98906,-0.411528431748,0
98907,-0.695980963825,0
98908,-0.320206439712,0
98909,-0.688733000288,0
98910,-0.233949854176,0
98911,-0.482136954949,0
98912,-0.3509253576,0
98913,-0.45562168278,0
98914,-0.273755020523,0
98915,-0.153668807205,0
98916,-0.0466541705806,0
98917,-0.322234181242,0
98918,0.0499864662022,0
98919,-0.179794413941,0
98920,-0.161362488805,0
98921,-0.182019276833,0
98922,0.0919463238336,0
98923,-0.102400596476,0
98924,-0.0724944360177,0
98925,-0.0537246882126,0
98926,0.00992863441952,0
98927,0.129935722757,0
98928,0.400895897923,0
98929,0.254091207075,0
98930,0.130107988502,0
98931,0.473305130727,0
98932,0.456304237666,0
98933,0.147587646276,0
98934,0.444078939729,0
98935,0.577831011355,0
98936,0.579956373405,0
98937,0.280081080371,0
98938,0.628199795493,0
98939,0.274516958331,0
98940,0.604108981439,0
98941,0.666804035869,0
98942,0.49740986742,0
98943,0.523104672808,0
98944,0.299181380938,0
98945,0.384670054672,0
98946,0.710061775454,0
98947,0.648285663426,0
98948,0.571599217478,0
98949,0.308330443089,0
98950,0.325770057628,0
98951,0.56421844692,0
98952,0.700229872878,0
98953,0.626940471045,0
98954,0.491762747156,0
98955,0.45801670133,0
98956,0.53148962024,0
98957,0.498788404586,0
98958,0.414841334771,0
98959,0.235105763417,0
98960,0.476870804301,0
98961,0.208480237977,0
98962,0.3756949341,0
98963,0.175556563941,0
98964,0.476937555348,0
98965,0.184228008663,0
98966,0.384561798166,0
98967,0.177494870171,0
98968,0.17938485039,0
98969,0.3858910288,0
98970,0.0231100066429,0
98971,0.131244737488,0
98972,-0.0316585500968,0
98973,0.268902654508,0
98974,-0.0199687399182,0
98975,-0.133231677906,0
98976,0.126943529928,0
98977,0.210725403663,0
98978,0.453625569593,1
98979,0.393448852538,1
98980,0.318565227457,1
98981,0.229831066052,1
98982,0.128261135232,1
98983,0.0150169922066,1
98984,-0.108606299125,1
98985,-0.241194978568,1
98986,-0.381232757442,1
98987,-0.527118158911,1
98988,-0.677182832524,1
98989,-0.829710633533,1
98990,-0.982957248781,1
98991,-1.13517014473,1
98992,-1.28460860947,1
98993,-1.42956365962,1
98994,-1.56837758425,1
98995,-1.69946290257,1
98996,-1.82132051838,1
98997,-1.93255686381,1
98998,-2.0318998362,1
98999,-2.11821334593,1
99000,-1.98710894766,1
99001,-2.04456257299,1
99002,-2.08651581923,1
99003,-2.11248890762,1
99004,-2.12218480902,1
99005,-2.11549264077,1
99006,-2.09248893475,1
99007,-2.05343676211,1
99008,-1.99878272485,1
99009,-1.9291518484,1
99010,-1.84534043386,1
99011,-1.74830695144,1
99012,-1.63916107935,1
99013,-1.51915101355,1
99014,-1.38964919324,1
99015,-1.25213660568,1
99016,-1.10818584954,1
99017,-0.959443150591,1
99018,-0.807609535439,1
99019,-0.654421378507,1
99020,-0.501630544806,1
99021,-0.350984355544,1
99022,-0.204205605702,1
99023,-0.0629728620936,1
99024,0.0710987327881,1
99025,0.196475931591,1
99026,0.311724916373,1
99027,0.415527695797,1
99028,0.50669717772,1
99029,0.584190744825,1
99030,0.647122178022,1
99031,0.694771791286,1
99032,0.726594662007,1
99033,0.742226862746,1
99034,0.741489623118,1
99035,0.724391374222,1
99036,0.691127652218,1
99037,0.64207886217,1
99038,0.577805927721,1
99039,0.499043876353,1
99040,0.406693433582,1
99041,0.301810722237,1
99042,0.185595184596,1
99043,0.0593758655313,1
99044,-0.0754037865016,1
99045,-0.217202426784,1
99046,-0.364398441208,1
99047,-0.515308491109,1
99048,-0.668206763988,1
99049,-0.821344709956,1
99050,-0.972971038218,1
99051,-1.12135174489,1
99052,-1.26478994312,1
99053,-1.40164526877,1
99054,-1.53035263964,1
99055,-1.64944015383,1
99056,-1.75754592245,1
99057,-1.85343364422,1
99058,-1.93600674388,1
99059,-2.00432091262,1
99060,-2.05759490727,1
99061,-2.0952194846,1
99062,-2.11676436867,1
99063,-2.12198317142,1
99064,-2.11081621047,1
99065,-2.08339119156,1
99066,-2.04002174814,1
99067,-1.98120385465,1
99068,-1.90761015454,1
99069,-1.82008226788,1
99070,-1.71962116659,1
99071,-1.60737572726,1
99072,-1.48462959258,1
99073,-1.35278649156,1
99074,-1.2133541864,1
99075,-1.06792722974,1
99076,-0.918168729223,1
99077,-0.7657913282,1
99078,-0.612537619848,1
99079,-0.460160218825,1
99080,-0.31040171831,1
99081,-0.164974761646,1
99082,-0.0255424564909,1
99083,0.106300644536,1
99084,0.229046779215,1
99085,0.341292218545,1
99086,0.441753319836,1
99087,0.529281206491,1
99088,0.602874906601,1
99089,0.661692800089,1
99090,0.705062243511,1
99091,0.732487262426,1
99092,0.743654223377,1
99093,0.738435420618,1
99094,0.716890536554,1
99095,0.679265959219,1
99096,0.625991964568,1
99097,0.557677795829,1
99098,0.475104696175,1
99099,0.379216974403,1
99100,0.271111205786,1
99101,0.152023691595,1
99102,0.0233163207239,1
99103,-0.113539004925,1
99104,-0.25697720316,1
99105,-0.40535790983,1
99106,-0.556984238092,1
99107,-0.71012218406,1
99108,-0.863020456938,1
99109,-1.01393050684,1
99110,-1.16112652126,1
99111,-1.30292516155,1
99112,-1.43770481358,1
99113,-1.56392413264,1
99114,-1.68013967028,1
99115,-1.78502238163,1
99116,-1.8773728244,1
99117,-1.95613487577,1
99118,-2.02040781022,1
99119,-2.06945660027,1
99120,-2.10272032227,1
99121,-2.11981857117,1
99122,-2.12055581079,1
99123,-2.10492361006,1
99124,-2.07310073933,1
99125,-2.02545112607,1
99126,-1.96251969287,1
99127,-1.88502612577,1
99128,-1.79385664384,1
99129,-1.69005386442,1
99130,-1.57480487964,1
99131,-1.44942768084,1
99132,-1.31535608595,1
99133,-1.17412334235,1
99134,-1.0273445925,1
99135,-0.876698403242,1
99136,-0.723907569541,1
99137,-0.570719412608,1
99138,-0.418885797457,1
99139,-0.27014309851,1
99140,-0.126192342368,1
99141,0.0113202451881,1
99142,0.140822065497,1
99143,0.260832131306,1
99144,0.36997800339,1
99145,0.467011485816,1
99146,0.550822900355,1
99147,0.6204537768,1
99148,0.675107814062,1
99149,0.714159986697,1
99150,0.737163692723,1
99151,0.743855860969,1
99152,0.734159959569,1
99153,0.708186871185,1
99154,0.666233624944,1
99155,0.608779999608,1
99156,0.536483036804,1
99157,0.450169527077,1
99158,0.35082655468,1
99159,0.23959020925,1
99160,0.117732593443,1
99161,-0.0133527248717,1
99162,-0.152166649502,1
99163,-0.297121699652,1
99164,-0.4465601644,1
99165,-0.598773060344,1
99166,-0.752019675592,1
99167,-0.904547476602,1
99168,-1.05461215021,1
99169,-1.20049755168,1
99170,-1.34053533056,1
99171,-1.47312401,1
99172,-1.59674730133,1
99173,-1.70999144436,1
99174,-1.81156137518,1
99175,-1.90029553658,1
99176,-1.97517916166,1
99177,-2.03535587872,1
99178,0.11690855782,0
99179,0.315213831809,0
99180,0.111189321431,0
99181,0.266416000889,0
99182,0.19527223462,0
99183,-0.221538907914,0
99184,0.0733692653918,0
99185,0.119743962281,0
99186,-0.306600266007,0
99187,-0.349189326977,0
99188,-0.0330087712657,0
99189,-0.0553208670879,0
99190,-0.368134933822,0
99191,-0.342590433451,0
99192,-0.579141553275,0
99193,-0.55994424488,0
99194,-0.308776892648,0
99195,-0.308286788979,0
99196,-0.482159934454,0
99197,-0.400679759611,0
99198,-0.774231085895,0
99199,-0.481515186685,0
99200,-0.645789359473,0
99201,-0.580067064937,0
99202,-0.365806068675,0
99203,-0.563318850211,0
99204,-0.740484279029,0
99205,-0.89113420312,0
99206,-0.615170346417,0
99207,-0.98220181625,0
99208,-0.910953936418,0
99209,-0.869266480996,0
99210,-0.727600529431,0
99211,-0.983081528823,0
99212,-0.896717704541,0
99213,-1.11663542664,0
99214,-1.22174558196,0
99215,-0.945849090399,0
99216,-1.19397565601,0
99217,-1.40783484449,0
99218,-1.40344905834,0
99219,-1.23751188228,0
99220,-1.12531327944,0
99221,-1.49187474192,0
99222,-1.392802073,0
99223,-1.62274559405,0
99224,-1.65485819121,0
99225,-1.30487035398,0
99226,-1.36844903796,0
99227,-1.32766893308,0
99228,-1.39954798227,0
99229,-1.43543651493,0
99230,-1.62656037923,0
99231,-1.74389547136,0
99232,-1.75305668118,0
99233,-1.53848281351,0
99234,-1.91838570125,0
99235,-1.93958326435,0
99236,-1.54464981061,0
99237,-1.83672032015,0
99238,-1.89270755384,0
99239,-1.99927563442,0
99240,-2.02474121171,0
99241,-1.62112464346,0
99242,-1.99312296843,0
99243,-2.03632552649,0
99244,-1.75303438892,0
99245,-1.73329041079,0
99246,-1.84389073146,0
99247,-1.71575348399,0
99248,-1.91757999102,0
99249,-2.05543456853,0
99250,-1.92618482284,0
99251,-1.67380415064,0
99252,-2.08989947471,0
99253,-1.94442019276,0
99254,-2.06136946914,0
99255,-1.80218872602,0
99256,-2.06390841641,0
99257,-1.67264158821,0
99258,-1.79016294438,0
99259,-1.94270544925,0
99260,-2.02022698635,0
99261,-1.70321156032,0
99262,-1.58551462699,0
99263,-1.5735834369,0
99264,-1.5973684383,0
99265,-1.62261121033,0
99266,-1.76521192698,0
99267,-1.59402947166,0
99268,-1.47123257257,0
99269,-1.68196205022,0
99270,-1.78115111532,0
99271,-1.46414041,0
99272,-1.43889524517,0
99273,-1.4390364825,0
99274,-1.59434512411,0
99275,-1.65960203781,0
99276,-1.43941127419,0
99277,-1.41297777942,0
99278,-1.28477900123,0
99279,-1.42044188098,0
99280,-1.49207561464,0
99281,-1.46357568583,0
99282,-1.05371795732,0
99283,-0.997249775433,0
99284,-1.34264815634,0
99285,-0.892720161182,0
99286,-0.952020395996,0
99287,-0.816456276649,0
99288,-0.859360372694,0
99289,-0.735329352954,0
99290,-0.715746232768,0
99291,-1.06056300849,0
99292,-0.841569729132,0
99293,-0.748841795107,0
99294,-0.911421260399,0
99295,-0.789025754299,0
99296,-0.84669007756,0
99297,-0.495061136443,0
99298,-0.362027343046,0
99299,-0.492235140659,0
99300,-0.610366921103,0
99301,-0.377557307355,0
99302,-0.356429674349,0
99303,-0.473322955407,0
99304,-0.468099815875,0
99305,-0.114845389737,0
99306,-0.00234890010292,0
99307,-0.28680143218,0
99308,0.0889730919332,0
99309,-0.279553468643,0
99310,0.175229677469,0
99311,-0.0729574233035,0
99312,0.0582541740456,0
99313,-0.0464421511345,0
99314,0.135424511122,0
99315,0.25551072444,0
99316,0.362525361065,0
99317,0.0869453504031,0
99318,0.459165997847,0
99319,0.229385117704,0
99320,0.247817042841,0
99321,0.227160254812,0
99322,0.501125855479,0
99323,0.306778935169,0
99324,0.336685095628,0
99325,0.355454843433,0
99326,0.419108166065,0
99327,0.539115254402,0
99328,0.810075429569,0
99329,0.663270738721,0
99330,0.539287520148,0
99331,0.882484662373,0
99332,0.865483769312,0
99333,0.556767177921,0
99334,0.853258471374,0
99335,0.987010543,0
99336,0.98913590505,0
99337,0.689260612016,0
99338,1.03737932714,0
99339,0.683696489976,0
99340,1.01328851308,0
99341,1.07598356751,0
99342,0.906589399065,0
99343,0.932284204454,0
99344,0.708360912583,0
99345,0.793849586317,0
99346,1.1192413071,0
99347,1.05746519507,0
99348,0.980778749124,0
99349,0.717509974735,0
99350,0.734949589274,0
99351,0.973397978565,0
99352,1.10940940452,0
99353,1.03612000269,0
99354,0.900942278801,0
99355,0.867196232975,0
99356,0.940669151885,0
99357,0.907967936232,0
99358,0.824020866416,0
99359,0.644285295063,0
99360,0.886050335946,0
99361,0.617659769622,0
99362,0.784874465745,0
99363,0.584736095586,0
99364,0.886117086993,0
99365,0.593407540309,0
99366,0.793741329812,0
99367,0.586674401816,0
99368,0.588564382035,0
99369,0.795070560445,0
99370,0.432289538288,0
99371,0.540424269133,0
99372,0.377520981548,0
99373,0.678082186154,0
99374,0.389210791727,0
99375,0.275947853739,0
99376,0.536123061573,0
99377,0.619904935308,0
99378,0.322686728387,0
99379,0.520992002376,0
99380,0.316967491999,0
99381,0.472194171456,0
99382,0.401050405187,0
99383,-0.0157607373462,0
99384,0.279147435959,0
99385,0.325522132849,0
99386,-0.100822095439,0
99387,-0.14341115641,0
99388,0.172769399302,0
99389,0.15045730348,0
99390,-0.162356763254,0
99391,-0.136812262884,0
99392,-0.373363382707,0
99393,-0.354166074312,0
99394,-0.102998722081,0
99395,-0.102508618411,0
99396,-0.276381763887,0
99397,-0.194901589043,0
99398,-0.568452915327,0
99399,-0.275737016118,0
99400,-0.598060043704,0
99401,-0.532337749168,0
99402,-0.318076752906,0
99403,-0.515589534442,0
99404,-0.69275496326,0
99405,-0.843404887351,0
99406,-0.567441030649,0
99407,-0.934472500481,0
99408,-0.863224620649,0
99409,-0.821537165228,0
99410,-0.679871213662,0
99411,-0.935352213055,0
99412,-0.848988388772,0
99413,-1.06890611087,0
99414,-1.17401626619,0
99415,-0.89811977463,0
99416,-1.14624634024,0
99417,-1.36010552872,0
99418,-1.35571974257,0
99419,-1.18978256651,0
99420,-1.07758396367,0
99421,-1.44414542615,0
99422,-1.34507275723,0
99423,-1.57501627828,0
99424,-1.60712887544,0
99425,-1.25714103821,0
99426,-1.32071972219,0
99427,-1.27993961731,0
99428,-1.3518186665,0
99429,-1.38770719916,0
99430,-1.57883106346,0
99431,-1.69616615559,0
99432,-1.70532736541,0
99433,-1.49075349774,0
99434,-1.87065638548,0
99435,-1.89185394858,0
99436,-1.49692049484,0
99437,-1.78899100438,0
99438,-1.84497823807,0
99439,-1.95154631865,0
99440,-1.97701189594,0
99441,-1.57339532769,0
99442,-1.94539365267,0
99443,-1.98859621072,0
99444,-1.70530507315,0
99445,-1.68556109502,0
99446,-1.79616141569,0
99447,-1.66802416822,0
99448,-1.86985067525,0
99449,-2.00770525276,0
99450,-1.87845550708,0
99451,-1.62607483487,0
99452,-2.04217015894,0
99453,-1.89669087699,0
99454,-2.01364015337,0
99455,-1.75445941025,0
99456,-2.01617910065,0
99457,-1.62491227244,0
99458,-1.74243362861,0
99459,-1.89497613348,0
99460,-1.97249767059,0
99461,-1.65548224455,0
99462,-1.53778531122,0
99463,-1.52585412113,0
99464,-1.54963912253,0
99465,-1.57488189456,0
99466,-1.71748261121,0
99467,-1.54630015589,0
99468,-1.4235032568,0
99469,-1.63423273445,0
99470,-1.73342179955,0
99471,-1.41641109423,0
99472,-1.3911659294,0
99473,-1.39130716673,0
99474,-1.54661580834,0
99475,-1.61187272204,0
99476,-1.39168195842,0
99477,-1.36524846366,0
99478,-1.23704968546,0
99479,-1.37271256521,0
99480,-1.44434629887,0
99481,-1.41584637006,0
99482,-1.00598864155,0
99483,-0.949520459665,0
99484,-1.29491884057,0
99485,-0.844990845413,0
99486,-0.904291080228,0
99487,-0.768726960881,0
99488,-0.811631056925,0
99489,-0.687600037185,0
99490,-0.668016916999,0
99491,-1.01283369272,0
99492,-0.793840413363,0
99493,-0.701112479338,0
99494,-0.863691944631,0
99495,-0.74129643853,0
99496,-0.798960761791,0
99497,-0.447331820674,0
99498,-0.314298027278,0
99499,-0.444505824891,0
99500,-0.562637605334,0
99501,-0.329827991587,0
99502,-0.30870035858,0
99503,-0.425593639638,0
99504,-0.420370500106,0
99505,-0.0671160739685,0
99506,0.0453804156658,0
99507,-0.239072116411,0
99508,0.136702407702,0
99509,-0.231824152874,0
99510,0.222958993238,0
99511,-0.0252281075347,0
99512,0.105983489814,0
99513,0.00128716463423,0
99514,0.183153826891,0
99515,0.303240040209,0
99516,0.410254676833,0
99517,0.134674666172,0
99518,0.506895313616,0
99519,0.277114433473,0
99520,0.295546358609,0
99521,0.274889570581,0
99522,0.548855171248,0
99523,0.354508250938,0
99524,0.384414411396,0
99525,0.403184159201,0
99526,0.466837481834,0
99527,0.586844570171,0
99528,0.857804745337,0
99529,0.711000054489,0
99530,0.587016835916,0
99531,0.930213978141,0
99532,0.91321308508,0
99533,0.60449649369,0
99534,0.900987787143,0
99535,1.03473985877,0
99536,1.03686522082,0
99537,0.736989927785,0
99538,1.08510864291,0
99539,0.731425805745,0
99540,1.06101782885,0
99541,1.12371288328,0
99542,0.954318714834,0
99543,0.980013520222,0
99544,0.756090228352,0
99545,0.841578902086,0
99546,1.16697062287,0
99547,1.10519451084,0
99548,1.02850806489,0
99549,0.765239290503,0
99550,0.782678905042,0
99551,1.02112729433,0
99552,1.15713872029,0
99553,1.08384931846,0
99554,0.94867159457,0
99555,0.914925548744,0
99556,0.988398467654,0
99557,0.955697252,0
99558,0.871750182185,0
99559,0.692014610831,0
99560,0.933779651715,0
99561,0.665389085391,0
99562,0.832603781514,0
99563,0.632465411355,0
99564,0.933846402762,0
99565,0.641136856077,0
99566,0.84147064558,0
99567,0.634403717585,0
99568,0.636293697804,0
99569,0.842799876214,0
99570,0.480018854057,0
99571,0.588153584902,0
99572,0.425250297317,0
99573,0.725811501922,0
99574,0.436940107496,0
99575,0.323677169508,0
99576,0.583852377342,0
99577,0.667634251077,0
99578,0.370416044156,0
99579,0.568721318145,0
99580,0.364696807767,0
99581,0.519923487225,0
99582,0.448779720956,0
99583,0.0319685784225,0
99584,0.326876751728,0
99585,0.373251448617,0
99586,-0.0530927796707,0
99587,-0.095681840641,0
99588,0.220498715071,0
99589,0.198186619248,0
99590,-0.114627447485,0
99591,-0.0890829471149,0
99592,-0.325634066939,0
99593,-0.306436758543,0
99594,-0.0552694063118,0
99595,-0.0547793026422,0
99596,-0.228652448118,0
99597,-0.147172273274,0
99598,-0.520723599559,0
99599,-0.228007700349,0
99600,-0.70698744369,0
99601,-0.641265149154,0
99602,-0.427004152892,0
99603,-0.624516934428,0
99604,-0.801682363246,0
99605,-0.952332287337,0
99606,-0.676368430634,0
99607,-1.04339990047,0
99608,-0.972152020635,0
99609,-0.930464565213,0
99610,-0.788798613648,0
99611,-1.04427961304,0
99612,-0.957915788758,0
99613,-1.17783351085,0
99614,-1.28294366618,0
99615,-1.00704717462,0
99616,-1.25517374023,0
99617,-1.4690329287,0
99618,-1.46464714256,0
99619,-1.29870996649,0
99620,-1.18651136366,0
99621,-1.55307282613,0
99622,-1.45400015722,0
99623,-1.68394367827,0
99624,-1.71605627542,0
99625,-1.3660684382,0
99626,-1.42964712217,0
99627,-1.3888670173,0
99628,-1.46074606649,0
99629,-1.49663459914,0
99630,-1.68775846345,0
99631,-1.80509355558,0
99632,-1.8142547654,0
99633,-1.59968089772,0
99634,-1.97958378546,0
99635,-2.00078134856,0
99636,-1.60584789482,0
99637,-1.89791840437,0
99638,-1.95390563805,0
99639,-2.06047371863,0
99640,-2.08593929593,0
99641,-1.68232272767,0
99642,-2.05432105265,0
99643,-2.0975236107,0
99644,-1.81423247313,0
99645,-1.794488495,0
99646,-1.90508881568,0
99647,-1.7769515682,0
99648,-1.97877807523,0
99649,-2.11663265275,0
99650,-1.98738290706,0
99651,-1.73500223485,0
99652,-2.15109755893,0
99653,-2.00561827698,0
99654,-2.12256755336,0
99655,-1.86338681024,0
99656,-2.12510650063,0
99657,-1.73383967243,0
99658,-1.85136102859,0
99659,-2.00390353347,0
99660,-2.08142507057,0
99661,-1.76440964454,0
99662,-1.64671271121,0
99663,-1.63478152111,0
99664,-1.65856652252,0
99665,-1.68380929455,0
99666,-1.82641001119,0
99667,-1.65522755588,0
99668,-1.53243065679,0
99669,-1.74316013444,0
99670,-1.84234919953,0
99671,-1.52533849422,0
99672,-1.50009332938,0
99673,-1.50023456671,0
99674,-1.65554320832,0
99675,-1.72080012203,0
99676,-1.5006093584,0
99677,-1.47417586364,0
99678,-1.34597708544,0
99679,-1.4816399652,0
99680,-1.55327369885,0
99681,-1.52477377005,0
99682,-1.11491604153,0
99683,-1.05844785965,0
99684,-1.40384624056,0
99685,-0.953918245399,0
99686,-1.01321848021,0
99687,-0.877654360866,0
99688,-0.920558456911,0
99689,-0.796527437171,0
99690,-0.776944316985,0
99691,-1.1217610927,0
99692,-0.902767813349,0
99693,-0.810039879324,0
99694,-0.972619344616,0
99695,-0.850223838516,0
99696,-0.907888161777,0
99697,-0.55625922066,0
99698,-0.423225427263,0
99699,-0.553433224876,0
99700,-0.67156500532,0
99701,-0.438755391572,0
99702,-0.417627758566,0
99703,-0.534521039624,0
99704,-0.529297900092,0
99705,-0.176043473954,0
99706,-0.0635469843199,0
99707,-0.347999516397,0
99708,0.0277750077162,0
99709,-0.34075155286,0
99710,0.114031593253,0
99711,-0.13415550752,0
99712,-0.00294391017139,0
99713,-0.107640235351,0
99714,0.0742264269052,0
99715,0.194312640223,0
99716,0.301327276848,0
99717,0.0257472661862,0
99718,0.397967913631,0
99719,0.168187033487,0
99720,0.186618958624,0
99721,0.165962170595,0
99722,0.439927771262,0
99723,0.245580850952,0
99724,0.275487011411,0
99725,0.294256759216,0
99726,0.357910081848,0
99727,0.477917170185,0
99728,0.748877345352,0
99729,0.602072654504,0
99730,0.478089435931,0
99731,0.821286578156,0
99732,0.804285685095,0
99733,0.495569093704,0
99734,0.792060387157,0
99735,0.925812458783,0
99736,0.927937820833,0
99737,0.628062527799,0
99738,0.976181242921,0
99739,0.622498405759,0
99740,0.952090428867,0
99741,1.0147854833,0
99742,0.845391314848,0
99743,0.871086120237,0
99744,0.647162828366,0
99745,0.7326515021,0
99746,1.05804322288,0
99747,0.996267110855,0
99748,0.919580664907,0
99749,0.656311890518,0
99750,0.673751505057,0
99751,0.912199894349,0
99752,1.04821132031,0
99753,0.974921918473,0
99754,0.839744194584,0
99755,0.805998148758,0
99756,0.879471067668,0
99757,0.846769852015,0
99758,0.762822782199,0
99759,0.583087210846,0
99760,0.824852251729,0
99761,0.556461685405,0
99762,0.723676381528,0
99763,0.523538011369,0
99764,0.824919002776,0
99765,0.532209456092,0
99766,0.732543245595,0
99767,0.525476317599,0
99768,0.527366297818,0
99769,0.733872476229,0
99770,0.371091454071,0
99771,0.479226184916,0
99772,0.316322897331,0
99773,0.616884101937,0
99774,0.32801270751,0
99775,0.214749769522,0
99776,0.474924977356,0
99777,0.558706851091,0
99778,0.26148864417,0
99779,0.459793918159,0
99780,0.255769407782,0
99781,0.410996087239,0
99782,0.33985232097,0
99783,-0.0769588215632,0
99784,0.217949351742,0
99785,0.264324048632,0
99786,-0.162020179656,0
99787,-0.204609240627,0
99788,0.111571315085,0
99789,0.0892592192627,0
99790,-0.223554847471,0
99791,-0.198010347101,0
99792,-0.434561466924,0
99793,-0.415364158529,0
99794,-0.164196806298,0
99795,-0.163706702628,0
99796,-0.337579848104,0
99797,-0.25609967326,0
99798,-0.629650999544,0
99799,-0.336935100335,0
99800,-0.784995103652,0
99801,-0.719272809115,0
99802,-0.505011812853,0
99803,-0.702524594389,0
99804,-0.879690023208,0
99805,-1.0303399473,0
99806,-0.754376090596,0
99807,-1.12140756043,0
99808,-1.0501596806,0
99809,-1.00847222517,0
99810,-0.866806273609,0
99811,-1.122287273,0
99812,-1.03592344872,0
99813,-1.25584117081,0
99814,-1.36095132614,0
99815,-1.08505483458,0
99816,-1.33318140019,0
99817,-1.54704058867,0
99818,-1.54265480252,0
99819,-1.37671762645,0
99820,-1.26451902362,0
99821,-1.63108048609,0
99822,-1.53200781718,0
99823,-1.76195133823,0
99824,-1.79406393538,0
99825,-1.44407609816,0
99826,-1.50765478213,0
99827,-1.46687467726,0
99828,-1.53875372645,0
99829,-1.5746422591,0
99830,-1.76576612341,0
99831,-1.88310121554,0
99832,-1.89226242536,0
99833,-1.67768855769,0
99834,-2.05759144542,0
99835,-2.07878900853,0
99836,-1.68385555479,0
99837,-1.97592606433,0
99838,-2.03191329802,0
99839,-2.13848137859,0
99840,-2.16394695589,0
99841,-1.76033038764,0
99842,-2.13232871261,0
99843,-2.17553127066,0
99844,-1.89224013309,0
99845,-1.87249615496,0
99846,-1.98309647564,0
99847,-1.85495922817,0
99848,-2.0567857352,0
99849,-2.19464031271,0
99850,-2.06539056702,0
99851,-1.81300989482,0
99852,-2.22910521889,0
99853,-2.08362593694,0
99854,-2.20057521332,0
99855,-1.9413944702,0
99856,-2.20311416059,0
99857,-1.81184733239,0
99858,-1.92936868856,0
99859,-2.08191119343,0
99860,-2.15943273053,0
99861,-1.8424173045,0
99862,-1.72472037117,0
99863,-1.71278918108,0
99864,-1.73657418248,0
99865,-1.76181695451,0
99866,-1.90441767115,0
99867,-1.73323521584,0
99868,-1.61043831675,0
99869,-1.8211677944,0
99870,-1.92035685949,0
99871,-1.60334615418,0
99872,-1.57810098935,0
99873,-1.57824222667,0
99874,-1.73355086828,0
99875,-1.79880778199,0
99876,-1.57861701836,0
99877,-1.5521835236,0
99878,-1.4239847454,0
99879,-1.55964762516,0
99880,-1.63128135882,0
99881,-1.60278143001,0
99882,-1.19292370149,0
99883,-1.13645551961,0
99884,-1.48185390052,0
99885,-1.03192590536,0
99886,-1.09122614017,0
99887,-0.955662020828,0
99888,-0.998566116872,0
99889,-0.874535097133,0
99890,-0.854951976946,0
99891,-1.19976875267,0
99892,-0.98077547331,0
99893,-0.888047539285,0
99894,-1.05062700458,0
99895,-0.928231498477,0
99896,-0.985895821738,0
99897,-0.634266880621,0
99898,-0.501233087225,0
99899,-0.631440884838,0
99900,-0.749572665281,0
99901,-0.516763051534,0
99902,-0.495635418527,0
99903,-0.612528699585,0
99904,-0.607305560053,0
99905,-0.254051133916,0
99906,-0.141554644281,0
99907,-0.426007176358,0
99908,-0.0502326522452,0
99909,-0.418759212821,0
99910,0.0360239332911,0
99911,-0.212163167482,0
99912,-0.0809515701328,0
99913,-0.185647895313,0
99914,-0.00378123305623,0
99915,0.116304980262,0
99916,0.223319616886,0
99917,-0.0522603937753,0
99918,0.319960253669,0
99919,0.090179373526,0
99920,0.108611298662,0
99921,0.0879545106337,0
99922,0.3619201113,0
99923,0.167573190991,0
99924,0.197479351449,0
99925,0.216249099254,0
99926,0.279902421886,0
99927,0.399909510224,0
99928,0.67086968539,0
99929,0.524064994542,0
99930,0.400081775969,0
99931,0.743278918194,0
99932,0.726278025133,0
99933,0.417561433743,0
99934,0.714052727196,0
99935,0.847804798821,0
99936,0.849930160872,0
99937,0.550054867838,0
99938,0.89817358296,0
99939,0.544490745798,0
99940,0.874082768905,0
99941,0.936777823336,0
99942,0.767383654887,0
99943,0.793078460275,0
99944,0.569155168405,0
99945,0.654643842139,0
99946,0.980035562921,0
99947,0.918259450893,0
99948,0.841573004945,0
99949,0.578304230556,0
99950,0.595743845095,0
99951,0.834192234387,0
99952,0.970203660345,0
99953,0.896914258512,0
99954,0.761736534623,0
99955,0.727990488797,0
99956,0.801463407707,0
99957,0.768762192053,0
99958,0.684815122238,0
99959,0.505079550884,0
99960,0.746844591768,0
99961,0.478454025444,0
99962,0.645668721567,0
99963,0.445530351408,0
99964,0.746911342815,0
99965,0.45420179613,0
99966,0.654535585633,0
99967,0.447468657638,0
99968,0.449358637857,0
99969,0.655864816267,0
99970,0.29308379411,0
99971,0.401218524955,0
99972,0.23831523737,0
99973,0.538876441975,0
99974,0.250005047549,0
99975,0.136742109561,0
99976,0.396917317395,0
99977,0.480699191129,0
99978,0.183480984209,0
99979,0.381786258198,0
99980,0.17776174782,0
99981,0.332988427278,0
99982,0.261844661009,0
99983,-0.154966481525,0
99984,0.139941691781,0
99985,0.18631638867,0
99986,-0.240027839618,0
99987,-0.282616900588,0
99988,0.0335636551235,0
99989,0.0112515593013,0
99990,-0.301562507432,0
99991,-0.276018007062,0
99992,-0.512569126886,0
99993,-0.493371818491,0
99994,-0.242204466259,0
99995,-0.241714362589,0
99996,-0.415587508065,0
99997,-0.334107333222,0
99998,-0.707658659506,0
99999,-0.414942760296,0
100000,-0.73023165039,0
100001,-0.664509355854,0
100002,-0.450248359592,0
100003,-0.647761141128,0
100004,-0.824926569946,0
100005,-0.975576494037,0
100006,-0.699612637335,0
100007,-1.06664410717,0
100008,-0.995396227335,0
100009,-0.953708771914,0
100010,-0.812042820348,0
100011,-1.06752381974,0
100012,-0.981159995458,0
100013,-1.20107771755,0
100014,-1.30618787288,0
100015,-1.03029138132,0
100016,-1.27841794693,0
100017,-1.4922771354,0
100018,-1.48789134926,0
100019,-1.32195417319,0
100020,-1.20975557036,0
100021,-1.57631703283,0
100022,-1.47724436392,0
100023,-1.70718788497,0
100024,-1.73930048212,0
100025,-1.3893126449,0
100026,-1.45289132887,0
100027,-1.412111224,0
100028,-1.48399027319,0
100029,-1.51987880584,0
100030,-1.71100267015,0
100031,-1.82833776228,0
100032,-1.8374989721,0
100033,-1.62292510442,0
100034,-2.00282799216,0
100035,-2.02402555527,0
100036,-1.62909210153,0
100037,-1.92116261107,0
100038,-1.97714984476,0
100039,-2.08371792533,0
100040,-2.10918350263,0
100041,-1.70556693437,0
100042,-2.07756525935,0
100043,-2.1207678174,0
100044,-1.83747667983,0
100045,-1.8177327017,0
100046,-1.92833302238,0
100047,-1.80019577491,0
100048,-2.00202228194,0
100049,-2.13987685945,0
100050,-2.01062711376,0
100051,-1.75824644156,0
100052,-2.17434176563,0
100053,-2.02886248368,0
100054,-2.14581176006,0
100055,-1.88663101694,0
100056,-2.14835070733,0
100057,-1.75708387913,0
100058,-1.8746052353,0
100059,-2.02714774017,0
100060,-2.10466927727,0
100061,-1.78765385124,0
100062,-1.66995691791,0
100063,-1.65802572781,0
100064,-1.68181072922,0
100065,-1.70705350125,0
100066,-1.84965421789,0
100067,-1.67847176258,0
100068,-1.55567486349,0
100069,-1.76640434114,0
100070,-1.86559340623,0
100071,-1.54858270092,0
100072,-1.52333753608,0
100073,-1.52347877341,0
100074,-1.67878741502,0
100075,-1.74404432873,0
100076,-1.5238535651,0
100077,-1.49742007034,0
100078,-1.36922129214,0
100079,-1.5048841719,0
100080,-1.57651790555,0
100081,-1.54801797675,0
100082,-1.13816024823,0
100083,-1.08169206635,0
100084,-1.42709044726,0
100085,-0.977162452099,0
100086,-1.03646268691,0
100087,-0.900898567567,0
100088,-0.943802663611,0
100089,-0.819771643872,0
100090,-0.800188523685,0
100091,-1.1450052994,0
100092,-0.926012020049,0
100093,-0.833284086024,0
100094,-0.995863551317,0
100095,-0.873468045216,0
100096,-0.931132368477,0
100097,-0.57950342736,0
100098,-0.446469633964,0
100099,-0.576677431577,0
100100,-0.69480921202,0
100101,-0.461999598273,0
100102,-0.440871965266,0
100103,-0.557765246324,0
100104,-0.552542106792,0
100105,-0.199287680655,0
100106,-0.0867911910202,0
100107,-0.371243723097,0
100108,0.0045308010159,0
100109,-0.36399575956,0
100110,0.0907873865522,0
100111,-0.157399714221,0
100112,-0.0261881168717,0
100113,-0.130884442052,0
100114,0.0509822202049,0
100115,0.171068433523,0
100116,0.278083070147,0
100117,0.00250305948584,0
100118,0.37472370693,0
100119,0.144942826787,0
100120,0.163374751923,0
100121,0.142717963895,0
100122,0.416683564562,0
100123,0.222336644252,0
100124,0.25224280471,0
100125,0.271012552515,0
100126,0.334665875147,0
100127,0.454672963485,0
100128,0.725633138651,0
100129,0.578828447803,0
100130,0.45484522923,0
100131,0.798042371455,0
100132,0.781041478394,0
100133,0.472324887004,0
100134,0.768816180457,0
100135,0.902568252083,0
100136,0.904693614133,0
100137,0.604818321099,0
100138,0.952937036221,0
100139,0.599254199059,0
100140,0.928846222166,0
100141,0.991541276597,0
100142,0.822147108148,0
100143,0.847841913536,0
100144,0.623918621666,0
100145,0.7094072954,0
100146,1.03479901618,0
100147,0.973022904154,0
100148,0.896336458206,0
100149,0.633067683817,0
100150,0.650507298356,0
100151,0.888955687648,0
100152,1.02496711361,0
100153,0.951677711773,0
100154,0.816499987884,0
100155,0.782753942058,0
100156,0.856226860968,0
100157,0.823525645314,0
100158,0.739578575499,0
100159,0.559843004145,0
100160,0.801608045029,0
100161,0.533217478705,0
100162,0.700432174828,0
100163,0.500293804669,0
100164,0.801674796076,0
100165,0.508965249391,0
100166,0.709299038894,0
100167,0.502232110899,0
100168,0.504122091118,0
100169,0.710628269528,0
100170,0.347847247371,0
100171,0.455981978216,0
100172,0.293078690631,0
100173,0.593639895236,0
100174,0.30476850081,0
100175,0.191505562822,0
100176,0.451680770656,0
100177,0.535462644391,0
100178,0.23824443747,0
100179,0.436549711459,0
100180,0.232525201081,0
100181,0.387751880539,0
100182,0.31660811427,0
100183,-0.100203028264,0
100184,0.194705145042,0
100185,0.241079841931,0
100186,-0.185264386357,0
100187,-0.227853447327,0
100188,0.0883271083846,0
100189,0.0660150125624,0
100190,-0.246799054171,0
100191,-0.221254553801,0
100192,-0.457805673625,0
100193,-0.438608365229,0
100194,-0.187441012998,0
100195,-0.186950909328,0
100196,-0.360824054804,0
100197,-0.27934387996,0
100198,-0.652895206245,0
100199,-0.360179307035,0
100200,-0.723017987347,0
100201,-0.657295692811,0
100202,-0.443034696549,0
100203,-0.640547478085,0
100204,-0.817712906903,0
100205,-0.968362830994,0
100206,-0.692398974291,0
100207,-1.05943044412,0
100208,-0.988182564292,0
100209,-0.94649510887,0
100210,-0.804829157305,0
100211,-1.0603101567,0
100212,-0.973946332415,0
100213,-1.19386405451,0
100214,-1.29897420983,0
100215,-1.02307771827,0
100216,-1.27120428389,0
100217,-1.48506347236,0
100218,-1.48067768622,0
100219,-1.31474051015,0
100220,-1.20254190731,0
100221,-1.56910336979,0
100222,-1.47003070088,0
100223,-1.69997422192,0
100224,-1.73208681908,0
100225,-1.38209898185,0
100226,-1.44567766583,0
100227,-1.40489756095,0
100228,-1.47677661015,0
100229,-1.5126651428,0
100230,-1.70378900711,0
100231,-1.82112409924,0
100232,-1.83028530906,0
100233,-1.61571144138,0
100234,-1.99561432912,0
100235,-2.01681189222,0
100236,-1.62187843848,0
100237,-1.91394894802,0
100238,-1.96993618171,0
100239,-2.07650426229,0
100240,-2.10196983958,0
100241,-1.69835327133,0
100242,-2.07035159631,0
100243,-2.11355415436,0
100244,-1.83026301679,0
100245,-1.81051903866,0
100246,-1.92111935934,0
100247,-1.79298211186,0
100248,-1.99480861889,0
100249,-2.1326631964,0
100250,-2.00341345072,0
100251,-1.75103277851,0
100252,-2.16712810258,0
100253,-2.02164882063,0
100254,-2.13859809701,0
100255,-1.87941735389,0
100256,-2.14113704429,0
100257,-1.74987021608,0
100258,-1.86739157225,0
100259,-2.01993407712,0
100260,-2.09745561423,0
100261,-1.78044018819,0
100262,-1.66274325487,0
100263,-1.65081206477,0
100264,-1.67459706617,0
100265,-1.69983983821,0
100266,-1.84244055485,0
100267,-1.67125809953,0
100268,-1.54846120045,0
100269,-1.75919067809,0
100270,-1.85837974319,0
100271,-1.54136903787,0
100272,-1.51612387304,0
100273,-1.51626511037,0
100274,-1.67157375198,0
100275,-1.73683066569,0
100276,-1.51663990206,0
100277,-1.4902064073,0
100278,-1.3620076291,0
100279,-1.95490948512,1
100280,-1.92591341025,1
100281,-1.88890383579,1
100282,-1.8440979862,1
100283,-1.79175884546,1
100284,-1.73219361358,1
100285,-1.66575190346,1
100286,-1.59282368887,1
100287,-1.51383701558,1
100288,-1.42925548893,1
100289,-1.33957555278,1
100290,-1.24532357562,1
100291,-1.14705276117,1
100292,-1.04533990135,1
100293,-0.940781990868,1
100294,-0.833992723195,1
100295,-0.725598888567,1
100296,-0.616236695083,1
100297,-0.506548034539,1
100298,-0.397176714899,1
100299,-0.288764681526,1
100300,-0.181948249334,1
100301,-0.0773543679962,1
100302,0.0244030578815,1
100303,0.122726772019,1
100304,0.217039672006,1
100305,0.306788196554,1
100306,0.391445574576,1
100307,0.470514917021,1
100308,0.543532133324,1
100309,0.610068655343,1
100310,0.669733952802,1
100311,0.722177825474,1
100312,0.767092458651,1
100313,0.804214229837,1
100314,0.833325256053,1
100315,0.854254672687,1
100316,0.866879636364,1
100317,0.871126045968,1
100318,0.866968977571,1
100319,0.85443283072,1
100320,0.83359118523,1
100321,0.804566369309,1
100322,0.767528741567,1
100323,0.722695691109,1
100324,0.67033036159,1
100325,0.610740106715,1
100326,0.544274686254,1
100327,0.471324213161,1
100328,0.392316863832,1
100329,0.307716364972,1
100330,0.218019271781,1
100331,0.123752053477,1
100332,0.0254680032234,1
100333,-0.076256009374,1
100334,-0.180822924151,1
100335,-0.28761899478,1
100336,-0.396017391098,1
100337,-0.505381878231,1
100338,-0.615070550921,1
100339,-0.724439601132,1
100340,-0.832847096822,1
100341,-0.939656749711,1
100342,-1.04424164992,1
100343,-1.14598794554,1
100344,-1.24429844564,1
100345,-1.33859612536,1
100346,-1.42832751275,1
100347,-1.5129659373,1
100348,-1.59201462121,1
100349,-1.66500959516,1
100350,-1.73152242157,1
100351,-1.79116270924,1
100352,-1.84358040473,1
100353,-1.88846784698,1
100354,-1.92556157309,1
100355,-1.95464386468,1
100356,-1.97554402581,1
100357,-1.98813938481,1
100358,-1.99235601432,1
100359,-1.98816916521,1
100360,-1.97560341182,1
100361,-1.95473250774,1
100362,-1.92567895291,1
100363,-1.88861327462,1
100364,-1.84375302661,1
100365,-1.79136151217,1
100366,-1.7317462387,1
100367,-1.66525711281,1
100368,-1.59228438659,1
100369,-1.51325636706,1
100370,-1.42863690223,1
100371,-1.33892265863,1
100372,-1.24464020614,1
100373,-1.14634292733,1
100374,-1.04460776947,1
100375,-0.940031858115,1
100376,-0.833228992414,1
100377,-0.724826042408,1
100378,-0.6154592697,1
100379,-0.505770592961,1
100380,-0.396403820252,1
100381,-0.288000870247,1
100382,-0.181198004546,1
100383,-0.0766220931953,1
100384,0.0251130646726,1
100385,0.123410343478,1
100386,0.21769279597,1
100387,0.307407039569,1
100388,0.392026504397,1
100389,0.471054523932,1
100390,0.54402725015,1
100391,0.610516376038,1
100392,0.67013164951,1
100393,0.722523163948,1
100394,0.767383411958,1
100395,0.804449090252,1
100396,0.833502645083,1
100397,0.854373549162,1
100398,0.86693930255,1
100399,0.871126151659,1
100400,0.965109998461,1
100401,0.952514639464,1
100402,0.931614478336,1
100403,0.902532186739,1
100404,0.86543846063,1
100405,0.820551018379,1
100406,0.768133322889,1
100407,0.708493035223,1
100408,0.641980208814,1
100409,0.56898523486,1
100410,0.489936550952,1
100411,0.405298126403,1
100412,0.315566739017,1
100413,0.221269059297,1
100414,0.122958559197,1
100415,0.0212122635691,1
100416,-0.0833726366357,1
100417,-0.190182289525,1
100418,-0.298589785215,1
100419,-0.407958835426,1
100420,-0.517647508116,1
100421,-0.627011995249,1
100422,-0.735410391566,1
100423,-0.842206462195,1
100424,-0.946773376973,1
100425,-1.04849738957,1
100426,-1.14678143982,1
100427,-1.24104865813,1
100428,-1.33074575132,1
100429,-1.41534625018,1
100430,-1.49435359951,1
100431,-1.5673040726,1
100432,-1.63376949306,1
100433,-1.69335974794,1
100434,-1.74572507746,1
100435,-1.79055812791,1
100436,-1.82759575566,1
100437,-1.85662057158,1
100438,-1.87746221707,1
100439,-1.88999836392,1
100440,-1.89415543231,1
100441,-1.88990902271,1
100442,-1.87728405903,1
100443,-1.8563546424,1
100444,-1.82724361618,1
100445,-1.790121845,1
100446,-1.74520721182,1
100447,-1.69276333915,1
100448,-1.63309804169,1
100449,-1.56656151967,1
100450,-1.49354430337,1
100451,-1.41447496092,1
100452,-1.3298175829,1
100453,-1.24006905835,1
100454,-1.14575615837,1
100455,-1.04743244423,1
100456,-0.945675018351,1
100457,-0.841081137012,1
100458,-0.73426470482,1
100459,-0.625852671447,1
100460,-0.516481351808,1
100461,-0.406792691264,1
100462,-0.29743049778,1
100463,-0.189036663152,1
100464,-0.0822473954787,1
100465,0.0223105150059,1
100466,0.124023374824,1
100467,0.222294189271,1
100468,0.316546166428,1
100469,0.406226102588,1
100470,0.490807629236,1
100471,0.569794302525,1
100472,0.64272251711,1
100473,0.709164227235,1
100474,0.768729459116,1
100475,0.82106859985,1
100476,0.865874449447,1
100477,0.902884023903,1
100478,0.931880098771,1
100479,-1.39947003254,0
100480,-1.4711037662,0
100481,-1.44260383739,0
100482,-1.03274610888,0
100483,-0.976277926993,0
100484,-1.3216763079,0
100485,-0.871748312742,0
100486,-0.931048547556,0
100487,-0.795484428209,0
100488,-0.838388524254,0
100489,-0.714357504514,0
100490,-0.694774384328,0
100491,-1.03959116005,0
100492,-0.820597880692,0
100493,-0.727869946667,0
100494,-0.890449411959,0
100495,-0.768053905859,0
100496,-0.82571822912,0
100497,-0.474089288003,0
100498,-0.341055494606,0
100499,-0.471263292219,0
100500,-0.589395072663,0
100501,-0.356585458915,0
100502,-0.335457825909,0
100503,-0.452351106967,0
100504,-0.447127967435,0
100505,-0.0938735412972,0
100506,0.0186229483371,0
100507,-0.26582958374,0
100508,0.109944940373,0
100509,-0.258581620203,0
100510,0.196201525909,0
100511,-0.0519855748635,0
100512,0.0792260224856,0
100513,-0.0254703026945,0
100514,0.156396359562,0
100515,0.27648257288,0
100516,0.383497209505,0
100517,0.107917198843,0
100518,0.480137846288,0
100519,0.250356966144,0
100520,0.268788891281,0
100521,0.248132103252,0
100522,0.522097703919,0
100523,0.327750783609,0
100524,0.357656944068,0
100525,0.376426691873,0
100526,0.440080014505,0
100527,0.560087102842,0
100528,0.831047278009,0
100529,0.684242587161,0
100530,0.560259368588,0
100531,0.903456510813,0
100532,0.886455617752,0
100533,0.577739026361,0
100534,0.874230319814,0
100535,1.00798239144,0
100536,1.01010775349,0
100537,0.710232460456,0
100538,1.05835117558,0
100539,0.704668338416,0
100540,1.03426036152,0
100541,1.09695541595,0
100542,0.927561247505,0
100543,0.953256052894,0
100544,0.729332761023,0
100545,0.814821434757,0
100546,1.14021315554,0
100547,1.07843704351,0
100548,1.00175059756,0
100549,0.738481823175,0
100550,0.755921437714,0
100551,0.994369827006,0
100552,1.13038125296,0
100553,1.05709185113,0
100554,0.921914127241,0
100555,0.888168081415,0
100556,0.961641000325,0
100557,0.928939784672,0
100558,0.844992714856,0
100559,0.665257143503,0
100560,0.907022184386,0
100561,0.638631618062,0
100562,0.805846314185,0
100563,0.605707944026,0
100564,0.907088935433,0
100565,0.614379388749,0
100566,0.814713178252,0
100567,0.607646250256,0
100568,0.609536230475,0
100569,0.816042408886,0
100570,0.453261386728,0
100571,0.561396117573,0
100572,0.398492829988,0
100573,0.699054034594,0
100574,0.410182640167,0
100575,0.296919702179,0
100576,0.557094910013,0
100577,0.640876783748,0
100578,0.343658576827,0
100579,0.541963850816,0
100580,0.337939340439,0
100581,0.493166019896,0
100582,0.422022253627,0
100583,0.0052111110938,0
100584,0.300119284399,0
100585,0.346493981289,0
100586,-0.0798502469995,0
100587,-0.12243930797,0
100588,0.193741247742,0
100589,0.17142915192,0
100590,-0.141384914814,0
100591,-0.115840414444,0
100592,-0.352391534267,0
100593,-0.333194225872,0
100594,-0.0820268736406,0
100595,-0.0815367699709,0
100596,-0.255409915447,0
100597,-0.173929740603,0
100598,-0.547481066887,0
100599,-0.254765167678,0
100600,-0.535651522061,0
100601,-0.469929227525,0
100602,-0.255668231263,0
100603,-0.453181012799,0
100604,-0.630346441617,0
100605,-0.780996365708,0
100606,-0.505032509005,0
100607,-0.872063978838,0
100608,-0.800816099006,0
100609,-0.759128643584,0
100610,-0.617462692019,0
100611,-0.872943691412,0
100612,-0.786579867129,0
100613,-1.00649758922,0
100614,-1.11160774455,0
100615,-0.835711252987,0
100616,-1.0838378186,0
100617,-1.29769700708,0
100618,-1.29331122093,0
100619,-1.12737404486,0
100620,-1.01517544203,0
100621,-1.3817369045,0
100622,-1.28266423559,0
100623,-1.51260775664,0
100624,-1.54472035379,0
100625,-1.19473251657,0
100626,-1.25831120054,0
100627,-1.21753109567,0
100628,-1.28941014486,0
100629,-1.32529867751,0
100630,-1.51642254182,0
100631,-1.63375763395,0
100632,-1.64291884377,0
100633,-1.42834497609,0
100634,-1.80824786383,0
100635,-1.82944542694,0
100636,-1.4345119732,0
100637,-1.72658248274,0
100638,-1.78256971643,0
100639,-1.889137797,0
100640,-1.9146033743,0
100641,-1.51098680605,0
100642,-1.88298513102,0
100643,-1.92618768907,0
100644,-1.6428965515,0
100645,-1.62315257337,0
100646,-1.73375289405,0
100647,-1.60561564658,0
100648,-1.80744215361,0
100649,-1.94529673112,0
100650,-1.81604698543,0
100651,-1.56366631323,0
100652,-1.9797616373,0
100653,-1.83428235535,0
100654,-1.95123163173,0
100655,-1.69205088861,0
100656,-1.953770579,0
100657,-1.5625037508,0
100658,-1.68002510697,0
100659,-1.83256761184,0
100660,-1.91008914894,0
100661,-1.59307372291,0
100662,-1.47537678958,0
100663,-1.46344559949,0
100664,-1.48723060089,0
100665,-1.51247337292,0
100666,-1.65507408956,0
100667,-1.48389163425,0
100668,-1.36109473516,0
100669,-1.57182421281,0
100670,-1.6710132779,0
100671,-1.35400257259,0
100672,-1.32875740776,0
100673,-1.32889864508,0
100674,-1.48420728669,0
100675,-1.5494642004,0
100676,-1.32927343677,0
100677,-1.30283994201,0
100678,-1.17464116381,0
100679,-1.31030404357,0
100680,-1.38193777722,0
100681,-1.35343784842,0
100682,-0.943580119904,0
100683,-0.887111938021,0
100684,-1.23251031893,0
100685,-0.78258232377,0
100686,-0.841882558584,0
100687,-0.706318439238,0
100688,-0.749222535282,0
100689,-0.625191515542,0
100690,-0.605608395356,0
100691,-0.950425171075,0
100692,-0.73143189172,0
100693,-0.638703957695,0
100694,-0.801283422988,0
100695,-0.678887916887,0
100696,-0.736552240148,0
100697,-0.384923299031,0
100698,-0.251889505634,0
100699,-0.382097303247,0
100700,-0.500229083691,0
100701,-0.267419469944,0
100702,-0.246291836937,0
100703,-0.363185117995,0
100704,-0.357961978463,0
100705,-0.00470755232537,0
100706,0.107788937309,0
100707,-0.176663594768,0
100708,0.199110929345,0
100709,-0.169415631231,0
100710,0.285367514881,0
100711,0.0371804141084,0
100712,0.168392011457,0
100713,0.0636956862774,0
100714,0.245562348534,0
100715,0.365648561852,0
100716,0.472663198477,0
100717,0.197083187815,0
100718,0.569303835259,0
100719,0.339522955116,0
100720,0.357954880252,0
100721,0.337298092224,0
100722,0.611263692891,0
100723,0.416916772581,0
100724,0.446822933039,0
100725,0.465592680845,0
100726,0.529246003477,0
100727,0.649253091814,0
100728,0.92021326698,0
100729,0.773408576133,0
100730,0.649425357559,0
100731,0.992622499785,0
100732,0.975621606723,0
100733,0.666905015333,0
100734,0.963396308786,0
100735,1.09714838041,0
100736,1.09927374246,0
100737,0.799398449428,0
100738,1.14751716455,0
100739,0.793834327388,0
100740,1.1234263505,0
100741,1.18612140493,0
100742,1.01672723648,0
100743,1.04242204187,0
100744,0.818498749995,0
100745,0.903987423729,0
100746,1.22937914451,0
100747,1.16760303248,0
100748,1.09091658654,0
100749,0.827647812146,0
100750,0.845087426686,0
100751,1.08353581598,0
100752,1.21954724194,0
100753,1.1462578401,0
100754,1.01108011621,0
100755,0.977334070387,0
100756,1.0508069893,0
100757,1.01810577364,0
100758,0.934158703828,0
100759,0.754423132474,0
100760,0.996188173358,0
100761,0.727797607034,0
100762,0.895012303157,0
100763,0.694873932998,0
100764,0.996254924405,0
100765,0.703545377721,0
100766,0.903879167223,0
100767,0.696812239228,0
100768,0.698702219447,0
100769,0.905208397857,0
100770,0.5424273757,0
100771,0.650562106545,0
100772,0.48765881896,0
100773,0.788220023566,0
100774,0.499348629139,0
100775,0.386085691151,0
100776,0.646260898985,0
100777,0.73004277272,0
100778,0.432824565799,0
100779,0.631129839788,0
100780,0.427105329411,0
100781,0.582332008868,0
100782,0.511188242599,0
100783,0.0943771000657,0
100784,0.389285273371,0
100785,0.43565997026,0
100786,0.00931574197241,0
100787,-0.0332733189979,0
100788,0.282907236714,0
100789,0.260595140892,0
100790,-0.0522189258421,0
100791,-0.0266744254718,0
100792,-0.263225545296,0
100793,-0.2440282369,0
100794,0.00713911533131,0
100795,0.00762921900093,0
100796,-0.166243926475,0
100797,-0.0847637516312,0
100798,-0.458315077916,0
100799,-0.165599178706,0
100800,-0.524368069182,0
100801,-0.458645774646,0
100802,-0.244384778384,0
100803,-0.44189755992,0
100804,-0.619062988738,0
100805,-0.769712912829,0
100806,-0.493749056126,0
100807,-0.860780525959,0
100808,-0.789532646127,0
100809,-0.747845190705,0
100810,-0.60617923914,0
100811,-0.861660238532,0
100812,-0.775296414249,0
100813,-0.995214136345,0
100814,-1.10032429167,0
100815,-0.824427800107,0
100816,-1.07255436572,0
100817,-1.2864135542,0
100818,-1.28202776805,0
100819,-1.11609059198,0
100820,-1.00389198915,0
100821,-1.37045345163,0
100822,-1.27138078271,0
100823,-1.50132430376,0
100824,-1.53343690091,0
100825,-1.18344906369,0
100826,-1.24702774766,0
100827,-1.20624764279,0
100828,-1.27812669198,0
100829,-1.31401522464,0
100830,-1.50513908894,0
100831,-1.62247418107,0
100832,-1.63163539089,0
100833,-1.41706152322,0
100834,-1.79696441095,0
100835,-1.81816197406,0
100836,-1.42322852032,0
100837,-1.71529902986,0
100838,-1.77128626355,0
100839,-1.87785434412,0
100840,-1.90331992142,0
100841,-1.49970335317,0
100842,-1.87170167814,0
100843,-1.91490423619,0
100844,-1.63161309863,0
100845,-1.61186912049,0
100846,-1.72246944117,0
100847,-1.5943321937,0
100848,-1.79615870073,0
100849,-1.93401327824,0
100850,-1.80476353255,0
100851,-1.55238286035,0
100852,-1.96847818442,0
100853,-1.82299890247,0
100854,-1.93994817885,0
100855,-1.68076743573,0
100856,-1.94248712612,0
100857,-1.55122029792,0
100858,-1.66874165409,0
100859,-1.82128415896,0
100860,-1.89880569606,0
100861,-1.58179027003,0
100862,-1.4640933367,0
100863,-1.45216214661,0
100864,-1.47594714801,0
100865,-1.50118992004,0
100866,-1.64379063669,0
100867,-1.47260818137,0
100868,-1.34981128228,0
100869,-1.56054075993,0
100870,-1.65972982502,0
100871,-1.34271911971,0
100872,-1.31747395488,0
100873,-1.3176151922,0
100874,-1.47292383381,0
100875,-1.53818074752,0
100876,-1.31798998389,0
100877,-1.29155648913,0
100878,-1.16335771094,0
100879,-1.29902059069,0
100880,-1.37065432435,0
100881,-1.34215439554,0
100882,-0.932296667025,0
100883,-0.875828485142,0
100884,-1.22122686605,0
100885,-0.771298870891,0
100886,-0.830599105705,0
100887,-0.695034986358,0
100888,-0.737939082403,0
100889,-0.613908062663,0
100890,-0.594324942476,0
100891,-0.939141718196,0
100892,-0.720148438841,0
100893,-0.627420504815,0
100894,-0.789999970108,0
100895,-0.667604464007,0
100896,-0.725268787268,0
100897,-0.373639846152,0
100898,-0.240606052755,0
100899,-0.370813850368,0
100900,-0.488945630812,0
100901,-0.256136017064,0
100902,-0.235008384057,0
100903,-0.351901665116,0
100904,-0.346678525584,0
100905,0.00657590055386,0
100906,0.119072390188,0
100907,-0.165380141889,0
100908,0.210394382224,0
100909,-0.158132178352,0
100910,0.296650967761,0
100911,0.0484638669877,0
100912,0.179675464337,0
100913,0.0749791391566,0
100914,0.256845801413,0
100915,0.376932014732,0
100916,0.483946651356,0
100917,0.208366640694,0
100918,0.580587288139,0
100919,0.350806407996,0
100920,0.369238333132,0
100921,0.348581545103,0
100922,0.62254714577,0
100923,0.42820022546,0
100924,0.458106385919,0
100925,0.476876133724,0
100926,0.540529456356,0
100927,0.660536544693,0
100928,0.93149671986,0
100929,0.784692029012,0
100930,0.660708810439,0
100931,1.00390595266,0
100932,0.986905059603,0
100933,0.678188468212,0
100934,0.974679761665,0
100935,1.10843183329,0
100936,1.11055719534,0
100937,0.810681902307,0
100938,1.15880061743,0
100939,0.805117780267,0
100940,1.13470980337,0
100941,1.19740485781,0
100942,1.02801068936,0
100943,1.05370549474,0
100944,0.829782202874,0
100945,0.915270876608,0
100946,1.24066259739,0
100947,1.17888648536,0
100948,1.10220003941,0
100949,0.838931265026,0
100950,0.856370879565,0
100951,1.09481926886,0
100952,1.23083069481,0
100953,1.15754129298,0
100954,1.02236356909,0
100955,0.988617523266,0
100956,1.06209044218,0
100957,1.02938922652,0
100958,0.945442156707,0
100959,0.765706585354,0
100960,1.00747162624,0
100961,0.739081059914,0
100962,0.906295756036,0
100963,0.706157385878,0
100964,1.00753837728,0
100965,0.7148288306,0
100966,0.915162620103,0
100967,0.708095692107,0
100968,0.709985672327,0
100969,0.916491850737,0
100970,0.553710828579,0
100971,0.661845559424,0
100972,0.49894227184,0
100973,0.799503476445,0
100974,0.510632082018,0
100975,0.39736914403,0
100976,0.657544351864,0
100977,0.741326225599,0
100978,0.444108018678,0
100979,0.642413292667,0
100980,0.43838878229,0
100981,0.593615461747,0
100982,0.522471695478,0
100983,0.105660552945,0
100984,0.400568726251,0
100985,0.44694342314,0
100986,0.0205991948516,0
100987,-0.0219898661187,0
100988,0.294190689593,0
100989,0.271878593771,0
100990,-0.0409354729629,0
100991,-0.0153909725925,0
100992,-0.251942092416,0
100993,-0.232744784021,0
100994,0.0184225682105,0
100995,0.0189126718802,0
100996,-0.154960473595,0
100997,-0.073480298752,0
100998,-0.447031625036,0
100999,-0.154315725827,0
101000,-0.556500966717,0
101001,-0.49077867218,0
101002,-0.276517675919,0
101003,-0.474030457454,0
101004,-0.651195886273,0
101005,-0.801845810363,0
101006,-0.525881953661,0
101007,-0.892913423494,0
101008,-0.821665543661,0
101009,-0.77997808824,0
101010,-0.638312136674,0
101011,-0.893793136067,0
101012,-0.807429311784,0
101013,-1.02734703388,0
101014,-1.1324571892,0
101015,-0.856560697642,0
101016,-1.10468726326,0
101017,-1.31854645173,0
101018,-1.31416066559,0
101019,-1.14822348952,0
101020,-1.03602488668,0
101021,-1.40258634916,0
101022,-1.30351368025,0
101023,-1.53345720129,0
101024,-1.56556979845,0
101025,-1.21558196122,0
101026,-1.2791606452,0
101027,-1.23838054032,0
101028,-1.31025958952,0
101029,-1.34614812217,0
101030,-1.53727198648,0
101031,-1.65460707861,0
101032,-1.66376828843,0
101033,-1.44919442075,0
101034,-1.82909730849,0
101035,-1.85029487159,0
101036,-1.45536141785,0
101037,-1.74743192739,0
101038,-1.80341916108,0
101039,-1.90998724166,0
101040,-1.93545281895,0
101041,-1.5318362507,0
101042,-1.90383457568,0
101043,-1.94703713373,0
101044,-1.66374599616,0
101045,-1.64400201803,0
101046,-1.75460233871,0
101047,-1.62646509123,0
101048,-1.82829159826,0
101049,-1.96614617577,0
101050,-1.83689643009,0
101051,-1.58451575788,0
101052,-2.00061108195,0
101053,-1.8551318,0
101054,-1.97208107638,0
101055,-1.71290033326,0
101056,-1.97462002366,0
101057,-1.58335319545,0
101058,-1.70087455162,0
101059,-1.85341705649,0
101060,-1.9309385936,0
101061,-1.61392316756,0
101062,-1.49622623423,0
101063,-1.48429504414,0
101064,-1.50808004554,0
101065,-1.53332281758,0
101066,-1.67592353422,0
101067,-1.5047410789,0
101068,-1.38194417982,0
101069,-1.59267365746,0
101070,-1.69186272256,0
101071,-1.37485201724,0
101072,-1.34960685241,0
101073,-1.34974808974,0
101074,-1.50505673135,0
101075,-1.57031364505,0
101076,-1.35012288143,0
101077,-1.32368938667,0
101078,-1.19549060847,0
101079,-1.33115348822,0
101080,-1.40278722188,0
101081,-1.37428729307,0
101082,-0.964429564559,0
101083,-0.907961382677,0
101084,-1.25335976359,0
101085,-0.803431768425,0
101086,-0.86273200324,0
101087,-0.727167883893,0
101088,-0.770071979938,0
101089,-0.646040960198,0
101090,-0.626457840011,0
101091,-0.971274615731,0
101092,-0.752281336375,0
101093,-0.65955340235,0
101094,-0.822132867643,0
101095,-0.699737361542,0
101096,-0.757401684803,0
101097,-0.405772743686,0
101098,-0.27273895029,0
101099,-0.402946747903,0
101100,-0.521078528346,0
101101,-0.288268914599,0
101102,-0.267141281592,0
101103,-0.38403456265,0
101104,-0.378811423118,0
101105,-0.0255569969807,0
101106,0.0869394926536,0
101107,-0.197513039423,0
101108,0.17826148469,0
101109,-0.190265075886,0
101110,0.264518070226,0
101111,0.0163309694531,0
101112,0.147542566802,0
101113,0.042846241622,0
101114,0.224712903879,0
101115,0.344799117197,0
101116,0.451813753821,0
101117,0.17623374316,0
101118,0.548454390604,0
101119,0.318673510461,0
101120,0.337105435597,0
101121,0.316448647569,0
101122,0.590414248235,0
101123,0.396067327925,0
101124,0.425973488384,0
101125,0.444743236189,0
101126,0.508396558821,0
101127,0.628403647158,0
101128,0.899363822325,0
101129,0.752559131477,0
101130,0.628575912904,0
101131,0.971773055129,0
101132,0.954772162068,0
101133,0.646055570678,0
101134,0.942546864131,0
101135,1.07629893576,0
101136,1.07842429781,0
101137,0.778549004773,0
101138,1.12666771989,0
101139,0.772984882732,0
101140,1.10257690584,0
101141,1.16527196027,0
101142,0.995877791822,0
101143,1.02157259721,0
101144,0.79764930534,0
101145,0.883137979074,0
101146,1.20852969986,0
101147,1.14675358783,0
101148,1.07006714188,0
101149,0.806798367491,0
101150,0.82423798203,0
101151,1.06268637132,0
101152,1.19869779728,0
101153,1.12540839545,0
101154,0.990230671558,0
101155,0.956484625732,0
101156,1.02995754464,0
101157,0.997256328988,0
101158,0.913309259173,0
101159,0.733573687819,0
101160,0.975338728703,0
101161,0.706948162379,0
101162,0.874162858502,0
101163,0.674024488343,0
101164,0.975405479749,0
101165,0.682695933065,0
101166,0.883029722568,0
101167,0.675962794573,0
101168,0.677852774792,0
101169,0.884358953202,0
101170,0.521577931045,0
101171,0.62971266189,0
101172,0.466809374305,0
101173,0.76737057891,0
101174,0.478499184484,0
101175,0.365236246496,0
101176,0.62541145433,0
101177,0.709193328064,0
101178,0.411975121144,0
101179,0.610280395133,0
101180,0.406255884755,0
101181,0.561482564213,0
101182,0.490338797944,0
101183,0.0735276554103,0
101184,0.368435828716,0
101185,0.414810525605,0
101186,-0.011533702683,0
101187,-0.0541227636533,0
101188,0.262057792058,0
101189,0.239745696236,0
101190,-0.0730683704975,0
101191,-0.0475238701271,0
101192,-0.284074989951,0
101193,-0.264877681556,0
101194,-0.013710329324,0
101195,-0.0132202256544,0
101196,-0.18709337113,0
101197,-0.105613196287,0
101198,-0.479164522571,0
101199,-0.186448623361,0
101200,-0.435509993731,0
101201,-0.369787699195,0
101202,-0.155526702933,0
101203,-0.353039484468,0
101204,-0.530204913287,0
101205,-0.680854837377,0
101206,-0.404890980675,0
101207,-0.771922450508,0
101208,-0.700674570676,0
101209,-0.658987115254,0
101210,-0.517321163688,0
101211,-0.772802163081,0
101212,-0.686438338798,0
101213,-0.906356060894,0
101214,-1.01146621622,0
101215,-0.735569724656,0
101216,-0.983696290269,0
101217,-1.19755547874,0
101218,-1.1931696926,0
101219,-1.02723251653,0
101220,-0.915033913696,0
101221,-1.28159537617,0
101222,-1.18252270726,0
101223,-1.41246622831,0
101224,-1.44457882546,0
101225,-1.09459098824,0
101226,-1.15816967221,0
101227,-1.11738956734,0
101228,-1.18926861653,0
101229,-1.22515714918,0
101230,-1.41628101349,0
101231,-1.53361610562,0
101232,-1.54277731544,0
101233,-1.32820344776,0
101234,-1.7081063355,0
101235,-1.72930389861,0
101236,-1.33437044487,0
101237,-1.62644095441,0
101238,-1.6824281881,0
101239,-1.78899626867,0
101240,-1.81446184597,0
101241,-1.41084527771,0
101242,-1.78284360269,0
101243,-1.82604616074,0
101244,-1.54275502317,0
101245,-1.52301104504,0
101246,-1.63361136572,0
101247,-1.50547411825,0
101248,-1.70730062528,0
101249,-1.84515520279,0
101250,-1.7159054571,0
101251,-1.4635247849,0
101252,-1.87962010897,0
101253,-1.73414082702,0
101254,-1.8510901034,0
101255,-1.59190936028,0
101256,-1.85362905067,0
101257,-1.46236222247,0
101258,-1.57988357864,0
101259,-1.73242608351,0
101260,-1.80994762061,0
101261,-1.49293219458,0
101262,-1.37523526125,0
101263,-1.36330407115,0
101264,-1.38708907256,0
101265,-1.41233184459,0
101266,-1.55493256123,0
101267,-1.38375010592,0
101268,-1.26095320683,0
101269,-1.47168268448,0
101270,-1.57087174957,0
101271,-1.25386104426,0
101272,-1.22861587942,0
101273,-1.22875711675,0
101274,-1.38406575836,0
101275,-1.44932267207,0
101276,-1.22913190844,0
101277,-1.20269841368,0
101278,-1.07449963548,0
101279,-1.21016251524,0
101280,-1.28179624889,0
101281,-1.25329632009,0
101282,-0.843438591573,0
101283,-0.786970409691,0
101284,-1.1323687906,0
101285,-0.682440795439,0
101286,-0.741741030254,0
101287,-0.606176910907,0
101288,-0.649081006952,0
101289,-0.525049987212,0
101290,-0.505466867025,0
101291,-0.850283642745,0
101292,-0.631290363389,0
101293,-0.538562429364,0
101294,-0.701141894657,0
101295,-0.578746388556,0
101296,-0.636410711817,0
101297,-0.284781770701,0
101298,-0.151747977304,0
101299,-0.281955774917,0
101300,-0.40008755536,0
101301,-0.167277941613,0
101302,-0.146150308606,0
101303,-0.263043589665,0
101304,-0.257820450133,0
101305,0.0954339760052,0
101306,0.20793046564,0
101307,-0.0765220664372,0
101308,0.299252457676,0
101309,-0.0692741029005,0
101310,0.385509043212,0
101311,0.137321942439,0
101312,0.268533539788,0
101313,0.163837214608,0
101314,0.345703876865,0
101315,0.465790090183,0
101316,0.572804726807,0
101317,0.297224716146,0
101318,0.66944536359,0
101319,0.439664483447,0
101320,0.458096408583,0
101321,0.437439620555,0
101322,0.711405221221,0
101323,0.517058300911,0
101324,0.54696446137,0
101325,0.565734209175,0
101326,0.629387531807,0
101327,0.749394620144,0
101328,1.02035479531,0
101329,0.873550104463,0
101330,0.74956688589,0
101331,1.09276402812,0
101332,1.07576313505,0
101333,0.767046543664,0
101334,1.06353783712,0
101335,1.19728990874,0
101336,1.19941527079,0
101337,0.899539977759,0
101338,1.24765869288,0
101339,0.893975855718,0
101340,1.22356787883,0
101341,1.28626293326,0
101342,1.11686876481,0
101343,1.1425635702,0
101344,0.918640278326,0
101345,1.00412895206,0
101346,1.32952067284,0
101347,1.26774456081,0
101348,1.19105811487,0
101349,0.927789340477,0
101350,0.945228955016,0
101351,1.18367734431,0
101352,1.31968877027,0
101353,1.24639936843,0
101354,1.11122164454,0
101355,1.07747559872,0
101356,1.15094851763,0
101357,1.11824730197,0
101358,1.03430023216,0
101359,0.854564660805,0
101360,1.09632970169,0
101361,0.827939135365,0
101362,0.995153831488,0
101363,0.795015461329,0
101364,1.09639645274,0
101365,0.803686906051,0
101366,1.00402069555,0
101367,0.796953767559,0
101368,0.798843747778,0
101369,1.00534992619,0
101370,0.642568904031,0
101371,0.750703634876,0
101372,0.587800347291,0
101373,0.888361551896,0
101374,0.599490157469,0
101375,0.486227219482,0
101376,0.746402427316,0
101377,0.83018430105,0
101378,0.53296609413,0
101379,0.731271368119,0
101380,0.527246857741,0
101381,0.682473537199,0
101382,0.61132977093,0
101383,0.194518628396,0
101384,0.489426801702,0
101385,0.535801498591,0
101386,0.109457270303,0
101387,0.0668682093327,0
101388,0.383048765044,0
101389,0.360736669222,0
101390,0.0479226024884,0
101391,0.0734671028588,0
101392,-0.163084016965,0
101393,-0.14388670857,0
101394,0.107280643662,0
101395,0.107770747331,0
101396,-0.0661023981441,0
101397,0.0153777766993,0
101398,-0.358173549585,0
101399,-0.0654576503752,0
101400,-0.298679426992,0
101401,-0.232957132456,0
101402,-0.0186961361937,0
101403,-0.216208917729,0
101404,-0.393374346548,0
101405,-0.544024270638,0
101406,-0.268060413936,0
101407,-0.635091883769,0
101408,-0.563844003937,0
101409,-0.522156548515,0
101410,-0.380490596949,0
101411,-0.635971596342,0
101412,-0.549607772059,0
101413,-0.769525494155,0
101414,-0.874635649478,0
101415,-0.598739157917,0
101416,-0.84686572353,0
101417,-1.06072491201,0
101418,-1.05633912586,0
101419,-0.890401949794,0
101420,-0.778203346957,0
101421,-1.14476480944,0
101422,-1.04569214052,0
101423,-1.27563566157,0
101424,-1.30774825872,0
101425,-0.957760421497,0
101426,-1.02133910547,0
101427,-0.980559000597,0
101428,-1.05243804979,0
101429,-1.08832658245,0
101430,-1.27945044675,0
101431,-1.39678553888,0
101432,-1.4059467487,0
101433,-1.19137288103,0
101434,-1.57127576876,0
101435,-1.59247333187,0
101436,-1.19753987813,0
101437,-1.48961038767,0
101438,-1.54559762136,0
101439,-1.65216570193,0
101440,-1.67763127923,0
101441,-1.27401471098,0
101442,-1.64601303595,0
101443,-1.689215594,0
101444,-1.40592445643,0
101445,-1.3861804783,0
101446,-1.49678079898,0
101447,-1.36864355151,0
101448,-1.57047005854,0
101449,-1.70832463605,0
101450,-1.57907489036,0
101451,-1.32669421816,0
101452,-1.74278954223,0
101453,-1.59731026028,0
101454,-1.71425953666,0
101455,-1.45507879354,0
101456,-1.71679848393,0
101457,-1.32553165573,0
101458,-1.4430530119,0
101459,-1.59559551677,0
101460,-1.67311705387,0
101461,-1.35610162784,0
101462,-1.23840469451,0
101463,-1.22647350442,0
101464,-1.25025850582,0
101465,-1.27550127785,0
101466,-1.41810199449,0
101467,-1.24691953918,0
101468,-1.12412264009,0
101469,-1.33485211774,0
101470,-1.43404118283,0
101471,-1.11703047752,0
101472,-1.09178531269,0
101473,-1.09192655001,0
101474,-1.24723519162,0
101475,-1.31249210533,0
101476,-1.0923013417,0
101477,-1.06586784694,0
101478,-0.937669068745,0
101479,-1.0733319485,0
101480,-1.14496568216,0
101481,-1.11646575335,0
101482,-0.706608024834,0
101483,-0.650139842952,0
101484,-0.995538223861,0
101485,-0.5456102287,0
101486,-0.604910463515,0
101487,-0.469346344168,0
101488,-0.512250440213,0
101489,-0.388219420473,0
101490,-0.368636300286,0
101491,-0.713453076006,0
101492,-0.49445979665,0
101493,-0.401731862625,0
101494,-0.564311327918,0
101495,-0.441915821817,0
101496,-0.499580145078,0
101497,-0.147951203962,0
101498,-0.014917410565,0
101499,-0.145125208178,0
101500,-0.263256988621,0
101501,-0.030447374874,0
101502,-0.0093197418672,0
101503,-0.126213022926,0
101504,-0.120989883394,0
101505,0.232264542744,0
101506,0.344761032379,0
101507,0.0603085003018,0
101508,0.436083024415,0
101509,0.0675564638385,0
101510,0.522339609951,0
101511,0.274152509178,0
101512,0.405364106527,0
101513,0.300667781347,0
101514,0.482534443604,0
101515,0.602620656922,0
101516,0.709635293546,0
101517,0.434055282885,0
101518,0.806275930329,0
101519,0.576495050186,0
101520,0.594926975322,0
101521,0.574270187293,0
101522,0.84823578796,0
101523,0.65388886765,0
101524,0.683795028109,0
101525,0.702564775914,0
101526,0.766218098546,0
101527,0.886225186883,0
101528,1.15718536205,0
101529,1.0103806712,0
101530,0.886397452629,0
101531,1.22959459485,0
101532,1.21259370179,0
101533,0.903877110403,0
101534,1.20036840386,0
101535,1.33412047548,0
101536,1.33624583753,0
101537,1.0363705445,0
101538,1.38448925962,0
101539,1.03080642246,0
101540,1.36039844557,0
101541,1.4230935,0
101542,1.25369933155,0
101543,1.27939413694,0
101544,1.05547084506,0
101545,1.1409595188,0
101546,1.46635123958,0
101547,1.40457512755,0
101548,1.32788868161,0
101549,1.06461990722,0
101550,1.08205952176,0
101551,1.32050791105,0
101552,1.45651933701,0
101553,1.38322993517,0
101554,1.24805221128,0
101555,1.21430616546,0
101556,1.28777908437,0
101557,1.25507786871,0
101558,1.1711307989,0
101559,0.991395227544,0
101560,1.23316026843,0
101561,0.964769702104,0
101562,1.13198439823,0
101563,0.931846028068,0
101564,1.23322701947,0
101565,0.94051747279,0
101566,1.14085126229,0
101567,0.933784334298,0
101568,0.935674314517,0
101569,1.14218049293,0
101570,0.77939947077,0
101571,0.887534201615,0
101572,0.72463091403,0
101573,1.02519211864,0
101574,0.736320724208,0
101575,0.623057786221,0
101576,0.883232994055,0
101577,0.967014867789,0
101578,0.669796660869,0
101579,0.868101934858,0
101580,0.66407742448,0
101581,0.819304103938,0
101582,0.748160337669,0
101583,0.331349195135,0
101584,0.626257368441,0
101585,0.67263206533,0
101586,0.246287837042,0
101587,0.203698776072,0
101588,0.519879331783,0
101589,0.497567235961,0
101590,0.184753169227,0
101591,0.210297669598,0
101592,-0.0262534502261,0
101593,-0.00705614183073,0
101594,0.244111210401,0
101595,0.24460131407,0
101596,0.0707281685949,0
101597,0.152208343438,0
101598,-0.221342982846,0
101599,0.0713729163637,0
101600,-0.321217499859,0
101601,-0.255495205323,0
101602,-0.0412342090607,0
101603,-0.238746990596,0
101604,-0.415912419415,0
101605,-0.566562343505,0
101606,-0.290598486803,0
101607,-0.657629956636,0
101608,-0.586382076804,0
101609,-0.544694621382,0
101610,-0.403028669816,0
101611,-0.658509669209,0
101612,-0.572145844926,0
101613,-0.792063567022,0
101614,-0.897173722345,0
101615,-0.621277230784,0
101616,-0.869403796397,0
101617,-1.08326298487,0
101618,-1.07887719873,0
101619,-0.912940022661,0
101620,-0.800741419824,0
101621,-1.1673028823,0
101622,-1.06823021339,0
101623,-1.29817373444,0
101624,-1.33028633159,0
101625,-0.980298494364,0
101626,-1.04387717834,0
101627,-1.00309707346,0
101628,-1.07497612266,0
101629,-1.11086465531,0
101630,-1.30198851962,0
101631,-1.41932361175,0
101632,-1.42848482157,0
101633,-1.21391095389,0
101634,-1.59381384163,0
101635,-1.61501140473,0
101636,-1.22007795099,0
101637,-1.51214846054,0
101638,-1.56813569422,0
101639,-1.6747037748,0
101640,-1.7001693521,0
101641,-1.29655278384,0
101642,-1.66855110882,0
101643,-1.71175366687,0
101644,-1.4284625293,0
101645,-1.40871855117,0
101646,-1.51931887185,0
101647,-1.39118162437,0
101648,-1.5930081314,0
101649,-1.73086270892,0
101650,-1.60161296323,0
101651,-1.34923229102,0
101652,-1.76532761509,0
101653,-1.61984833315,0
101654,-1.73679760953,0
101655,-1.47761686641,0
101656,-1.7393365568,0
101657,-1.34806972859,0
101658,-1.46559108476,0
101659,-1.61813358963,0
101660,-1.69565512674,0
101661,-1.37863970071,0
101662,-1.26094276738,0
101663,-1.24901157728,0
101664,-1.27279657868,0
101665,-1.29803935072,0
101666,-1.44064006736,0
101667,-1.26945761205,0
101668,-1.14666071296,0
101669,-1.3573901906,0
101670,-1.4565792557,0
101671,-1.13956855038,0
101672,-1.11432338555,0
101673,-1.11446462288,0
101674,-1.26977326449,0
101675,-1.3350301782,0
101676,-1.11483941457,0
101677,-1.08840591981,0
101678,-0.960207141612,0
101679,-1.09587002136,0
101680,-1.16750375502,0
101681,-1.13900382622,0
101682,-0.729146097701,0
101683,-0.672677915819,0
101684,-1.01807629673,0
101685,-0.568148301567,0
101686,-0.627448536382,0
101687,-0.491884417035,0
101688,-0.53478851308,0
101689,-0.41075749334,0
101690,-0.391174373153,0
101691,-0.735991148873,0
101692,-0.516997869517,0
101693,-0.424269935492,0
101694,-0.586849400785,0
101695,-0.464453894684,0
101696,-0.522118217945,0
101697,-0.170489276829,0
101698,-0.0374554834319,0
101699,-0.167663281045,0
101700,-0.285795061488,0
101701,-0.052985447741,0
101702,-0.0318578147342,0
101703,-0.148751095793,0
101704,-0.143527956261,0
101705,0.209726469877,0
101706,0.322222959512,0
101707,0.0377704274348,0
101708,0.413544951548,0
101709,0.0450183909715,0
101710,0.499801537084,0
101711,0.251614436311,0
101712,0.38282603366,0
101713,0.27812970848,0
101714,0.459996370737,0
101715,0.580082584055,0
101716,0.687097220679,0
101717,0.411517210018,0
101718,0.783737857462,0
101719,0.553956977319,0
101720,0.572388902455,0
101721,0.551732114427,0
101722,0.825697715093,0
101723,0.631350794783,0
101724,0.661256955242,0
101725,0.680026703047,0
101726,0.743680025679,0
101727,0.863687114016,0
101728,1.13464728918,0
101729,0.987842598335,0
101730,0.863859379762,0
101731,1.20705652199,0
101732,1.19005562893,0
101733,0.881339037536,0
101734,1.17783033099,0
101735,1.31158240261,0
101736,1.31370776466,0
101737,1.01383247163,0
101738,1.36195118675,0
101739,1.00826834959,0
101740,1.3378603727,0
101741,1.40055542713,0
101742,1.23116125868,0
101743,1.25685606407,0
101744,1.0329327722,0
101745,1.11842144593,0
101746,1.44381316671,0
101747,1.38203705469,0
101748,1.30535060874,0
101749,1.04208183435,0
101750,1.05952144889,0
101751,1.29796983818,0
101752,1.43398126414,0
101753,1.3606918623,0
101754,1.22551413842,0
101755,1.19176809259,0
101756,1.2652410115,0
101757,1.23253979585,0
101758,1.14859272603,0
101759,0.968857154677,0
101760,1.21062219556,0
101761,0.942231629237,0
101762,1.10944632536,0
101763,0.909307955201,0
101764,1.21068894661,0
101765,0.917979399923,0
101766,1.11831318943,0
101767,0.911246261431,0
101768,0.91313624165,0
101769,1.11964242006,0
101770,0.756861397903,0
101771,0.864996128748,0
101772,0.702092841163,0
101773,1.00265404577,0
101774,0.713782651341,0
101775,0.600519713354,0
101776,0.860694921188,0
101777,0.944476794922,0
101778,0.647258588002,0
101779,0.845563861991,0
101780,0.641539351613,0
101781,0.796766031071,0
101782,0.725622264802,0
101783,0.308811122268,0
101784,0.603719295574,0
101785,0.650093992463,0
101786,0.223749764175,0
101787,0.181160703205,0
101788,0.497341258916,0
101789,0.475029163094,0
101790,0.16221509636,0
101791,0.187759596731,0
101792,-0.048791523093,0
101793,-0.0295942146977,0
101794,0.221573137534,0
101795,0.222063241203,0
101796,0.0481900957279,0
101797,0.129670270571,0
101798,-0.243881055713,0
101799,0.0488348434968,0
101800,-0.213700735489,0
101801,-0.147978440953,0
101802,0.0662825553088,0
101803,-0.131230226227,0
101804,-0.308395655045,0
101805,-0.459045579136,0
101806,-0.183081722433,0
101807,-0.550113192266,0
101808,-0.478865312434,0
101809,-0.437177857012,0
101810,-0.295511905447,0
101811,-0.550992904839,0
101812,-0.464629080557,0
101813,-0.684546802652,0
101814,-0.789656957975,0
101815,-0.513760466415,0
101816,-0.761887032028,0
101817,-0.975746220503,0
101818,-0.971360434359,0
101819,-0.805423258291,0
101820,-0.693224655455,0
101821,-1.05978611793,0
101822,-0.960713449019,0
101823,-1.19065697007,0
101824,-1.22276956722,0
101825,-0.872781729994,0
101826,-0.936360413972,0
101827,-0.895580309094,0
101828,-0.967459358289,0
101829,-1.00334789094,0
101830,-1.19447175525,0
101831,-1.31180684738,0
101832,-1.3209680572,0
101833,-1.10639418952,0
101834,-1.48629707726,0
101835,-1.50749464036,0
101836,-1.11256118662,0
101837,-1.40463169617,0
101838,-1.46061892985,0
101839,-1.56718701043,0
101840,-1.59265258773,0
101841,-1.18903601947,0
101842,-1.56103434445,0
101843,-1.6042369025,0
101844,-1.32094576493,0
101845,-1.3012017868,0
101846,-1.41180210748,0
101847,-1.28366486,0
101848,-1.48549136703,0
101849,-1.62334594455,0
101850,-1.49409619886,0
101851,-1.24171552665,0
101852,-1.65781085072,0
101853,-1.51233156878,0
101854,-1.62928084516,0
101855,-1.37010010204,0
101856,-1.63181979243,0
101857,-1.24055296422,0
101858,-1.35807432039,0
101859,-1.51061682526,0
101860,-1.58813836237,0
101861,-1.27112293634,0
101862,-1.15342600301,0
101863,-1.14149481291,0
101864,-1.16527981432,0
101865,-1.19052258635,0
101866,-1.33312330299,0
101867,-1.16194084768,0
101868,-1.03914394859,0
101869,-1.24987342623,0
101870,-1.34906249133,0
101871,-1.03205178602,0
101872,-1.00680662118,0
101873,-1.00694785851,0
101874,-1.16225650012,0
101875,-1.22751341383,0
101876,-1.0073226502,0
101877,-0.980889155441,0
101878,-0.852690377243,0
101879,-0.988353256995,0
101880,-1.05998699065,0
101881,-1.03148706185,0
101882,-0.621629333332,0
101883,-0.565161151449,0
101884,-0.910559532358,0
101885,-0.460631537198,0
101886,-0.519931772012,0
101887,-0.384367652665,0
101888,-0.42727174871,0
101889,-0.30324072897,0
101890,-0.283657608784,0
101891,-0.628474384503,0
101892,-0.409481105148,0
101893,-0.316753171123,0
101894,-0.479332636415,0
101895,-0.356937130315,0
101896,-0.414601453576,0
101897,-0.0629725124591,0
101898,0.0700612809376,0
101899,-0.0601465166754,0
101900,-0.178278297119,0
101901,0.0545313166286,0
101902,0.0756589496353,0
101903,-0.041234331423,0
101904,-0.036011191891,0
101905,0.317243234247,0
101906,0.429739723881,0
101907,0.145287191804,0
101908,0.521061715917,0
101909,0.152535155341,0
101910,0.607318301453,0
101911,0.35913120068,0
101912,0.49034279803,0
101913,0.385646472849,0
101914,0.567513135106,0
101915,0.687599348424,0
101916,0.794613985049,0
101917,0.519033974387,0
101918,0.891254621831,0
101919,0.661473741688,0
101920,0.679905666824,0
101921,0.659248878796,0
101922,0.933214479463,0
101923,0.738867559153,0
101924,0.768773719611,0
101925,0.787543467417,0
101926,0.851196790049,0
101927,0.971203878386,0
101928,1.24216405355,0
101929,1.0953593627,0
101930,0.971376144131,0
101931,1.31457328636,0
101932,1.2975723933,0
101933,0.988855801905,0
101934,1.28534709536,0
101935,1.41909916698,0
101936,1.42122452903,0
101937,1.121349236,0
101938,1.46946795112,0
101939,1.11578511396,0
101940,1.44537713707,0
101941,1.5080721915,0
101942,1.33867802305,0
101943,1.36437282844,0
101944,1.14044953657,0
101945,1.2259382103,0
101946,1.55132993108,0
101947,1.48955381906,0
101948,1.41286737311,0
101949,1.14959859872,0
101950,1.16703821326,0
101951,1.40548660255,0
101952,1.54149802851,0
101953,1.46820862667,0
101954,1.33303090279,0
101955,1.29928485696,0
101956,1.37275777587,0
101957,1.34005656022,0
101958,1.2561094904,0
101959,1.07637391905,0
101960,1.31813895993,0
101961,1.04974839361,0
101962,1.21696308973,0
101963,1.01682471957,0
101964,1.31820571098,0
101965,1.02549616429,0
101966,1.2258299538,0
101967,1.0187630258,0
101968,1.02065300602,0
101969,1.22715918443,0
101970,0.864378162272,0
101971,0.972512893117,0
101972,0.809609605532,0
101973,1.11017081014,0
101974,0.821299415711,0
101975,0.708036477723,0
101976,0.968211685557,0
101977,1.05199355929,0
101978,0.754775352371,0
101979,0.95308062636,0
101980,0.749056115983,0
101981,0.90428279544,0
101982,0.833139029171,0
101983,0.416327886638,0
101984,0.711236059943,0
101985,0.757610756833,0
101986,0.331266528544,0
101987,0.288677467574,0
101988,0.604858023286,0
101989,0.582545927464,0
101990,0.26973186073,0
101991,0.2952763611,0
101992,0.0587252412765,0
101993,0.0779225496718,0
101994,0.329089901903,0
101995,0.329580005573,0
101996,0.155706860097,0
101997,0.237187034941,0
101998,-0.136364291344,0
101999,0.156351607866,0
102000,-0.126192909787,0
102001,-0.0604706152508,0
102002,0.153790381011,0
102003,-0.0437224005246,0
102004,-0.220887829343,0
102005,-0.371537753434,0
102006,-0.0955738967311,0
102007,-0.462605366564,0
102008,-0.391357486732,0
102009,-0.34967003131,0
102010,-0.208004079745,0
102011,-0.463485079137,0
102012,-0.377121254854,0
102013,-0.59703897695,0
102014,-0.702149132273,0
102015,-0.426252640712,0
102016,-0.674379206326,0
102017,-0.888238394801,0
102018,-0.883852608657,0
102019,-0.717915432589,0
102020,-0.605716829753,0
102021,-0.97227829223,0
102022,-0.873205623316,0
102023,-1.10314914436,0
102024,-1.13526174152,0
102025,-0.785273904292,0
102026,-0.84885258827,0
102027,-0.808072483392,0
102028,-0.879951532586,0
102029,-0.91584006524,0
102030,-1.10696392955,0
102031,-1.22429902168,0
102032,-1.2334602315,0
102033,-1.01888636382,0
102034,-1.39878925156,0
102035,-1.41998681466,0
102036,-1.02505336092,0
102037,-1.31712387046,0
102038,-1.37311110415,0
102039,-1.47967918473,0
102040,-1.50514476202,0
102041,-1.10152819377,0
102042,-1.47352651875,0
102043,-1.5167290768,0
102044,-1.23343793923,0
102045,-1.2136939611,0
102046,-1.32429428178,0
102047,-1.1961570343,0
102048,-1.39798354133,0
102049,-1.53583811884,0
102050,-1.40658837316,0
102051,-1.15420770095,0
102052,-1.57030302502,0
102053,-1.42482374307,0
102054,-1.54177301945,0
102055,-1.28259227633,0
102056,-1.54431196673,0
102057,-1.15304513852,0
102058,-1.27056649469,0
102059,-1.42310899956,0
102060,-1.50063053667,0
102061,-1.18361511063,0
102062,-1.06591817731,0
102063,-1.05398698721,0
102064,-1.07777198861,0
102065,-1.10301476065,0
102066,-1.24561547729,0
102067,-1.07443302197,0
102068,-0.951636122887,0
102069,-1.16236560053,0
102070,-1.26155466563,0
102071,-0.944543960313,0
102072,-0.919298795481,0
102073,-0.919440032809,0
102074,-1.07474867442,0
102075,-1.14000558812,0
102076,-0.919814824499,0
102077,-0.893381329739,0
102078,-0.76518255154,0
102079,-0.900845431292,0
102080,-0.972479164951,0
102081,-0.943979236144,0
102082,-0.53412150763,0
102083,-0.477653325747,0
102084,-0.823051706656,0
102085,-0.373123711495,0
102086,-0.43242394631,0
102087,-0.296859826963,0
102088,-0.339763923008,0
102089,-0.215732903268,0
102090,-0.196149783081,0
102091,-0.540966558801,0
102092,-0.321973279446,0
102093,-0.22924534542,0
102094,-0.391824810713,0
102095,-0.269429304612,0
102096,-0.327093627873,0
102097,0.0245353132432,0
102098,0.15756910664,0
102099,0.0273613090269,0
102100,-0.0907704714166,0
102101,0.142039142331,0
102102,0.163166775338,0
102103,0.0462734942792,0
102104,0.0514966338112,0
102105,0.404751059949,0
102106,0.517247549583,0
102107,0.232795017507,0
102108,0.608569541619,0
102109,0.240042981043,0
102110,0.694826127156,0
102111,0.446639026383,0
102112,0.577850623732,0
102113,0.473154298552,0
102114,0.655020960808,0
102115,0.775107174127,0
102116,0.882121810751,0
102117,0.606541800089,0
102118,0.978762447534,0
102119,0.748981567391,0
102120,0.767413492527,0
102121,0.746756704498,0
102122,1.02072230517,0
102123,0.826375384855,0
102124,0.856281545314,0
102125,0.875051293119,0
102126,0.938704615751,0
102127,1.05871170409,0
102128,1.32967187925,0
102129,1.18286718841,0
102130,1.05888396983,0
102131,1.40208111206,0
102132,1.385080219,0
102133,1.07636362761,0
102134,1.37285492106,0
102135,1.50660699269,0
102136,1.50873235474,0
102137,1.2088570617,0
102138,1.55697577682,0
102139,1.20329293966,0
102140,1.53288496277,0
102141,1.5955800172,0
102142,1.42618584875,0
102143,1.45188065414,0
102144,1.22795736227,0
102145,1.313446036,0
102146,1.63883775679,0
102147,1.57706164476,0
102148,1.50037519881,0
102149,1.23710642442,0
102150,1.25454603896,0
102151,1.49299442825,0
102152,1.62900585421,0
102153,1.55571645238,0
102154,1.42053872849,0
102155,1.38679268266,0
102156,1.46026560157,0
102157,1.42756438592,0
102158,1.3436173161,0
102159,1.16388174475,0
102160,1.40564678563,0
102161,1.13725621931,0
102162,1.30447091543,0
102163,1.10433254527,0
102164,1.40571353668,0
102165,1.11300398999,0
102166,1.3133377795,0
102167,1.1062708515,0
102168,1.10816083172,0
102169,1.31466701013,0
102170,0.951885987974,0
102171,1.06002071882,0
102172,0.897117431235,0
102173,1.19767863584,0
102174,0.908807241413,0
102175,0.795544303425,0
102176,1.05571951126,0
102177,1.13950138499,0
102178,0.842283178073,0
102179,1.04058845206,0
102180,0.836563941685,0
102181,0.991790621142,0
102182,0.920646854873,0
102183,0.50383571234,0
102184,0.798743885646,0
102185,0.845118582535,0
102186,0.418774354247,0
102187,0.376185293276,0
102188,0.692365848988,0
102189,0.670053753166,0
102190,0.357239686432,0
102191,0.382784186803,0
102192,0.146233066979,0
102193,0.165430375374,0
102194,0.416597727606,0
102195,0.417087831275,0
102196,0.2432146858,0
102197,0.324694860643,0
102198,-0.0488564656413,0
102199,0.243859433568,0
102200,-0.0157547750901,0
102201,0.0499675194461,0
102202,0.264228515708,0
102203,0.0667157341724,0
102204,-0.110449694646,0
102205,-0.261099618737,0
102206,0.0148642379658,0
102207,-0.352167231867,0
102208,-0.280919352035,0
102209,-0.239231896613,0
102210,-0.0975659450477,0
102211,-0.35304694444,0
102212,-0.266683120157,0
102213,-0.486600842253,0
102214,-0.591710997576,0
102215,-0.315814506015,0
102216,-0.563941071629,0
102217,-0.777800260104,0
102218,-0.77341447396,0
102219,-0.607477297892,0
102220,-0.495278695056,0
102221,-0.861840157533,0
102222,-0.762767488619,0
102223,-0.992711009667,0
102224,-1.02482360682,0
102225,-0.674835769595,0
102226,-0.738414453573,0
102227,-0.697634348695,0
102228,-0.769513397889,0
102229,-0.805401930543,0
102230,-0.996525794849,0
102231,-1.11386088698,0
102232,-1.1230220968,0
102233,-0.908448229124,0
102234,-1.28835111686,0
102235,-1.30954867996,0
102236,-0.914615226225,0
102237,-1.20668573577,0
102238,-1.26267296945,0
102239,-1.36924105003,0
102240,-1.39470662733,0
102241,-0.991090059074,0
102242,-1.36308838405,0
102243,-1.4062909421,0
102244,-1.12299980453,0
102245,-1.1032558264,0
102246,-1.21385614708,0
102247,-1.0857188996,0
102248,-1.28754540663,0
102249,-1.42539998415,0
102250,-1.29615023846,0
102251,-1.04376956625,0
102252,-1.45986489033,0
102253,-1.31438560838,0
102254,-1.43133488476,0
102255,-1.17215414164,0
102256,-1.43387383203,0
102257,-1.04260700383,0
102258,-1.16012835999,0
102259,-1.31267086487,0
102260,-1.39019240197,0
102261,-1.07317697594,0
102262,-0.955480042608,0
102263,-0.943548852514,0
102264,-0.967333853916,0
102265,-0.992576625949,0
102266,-1.13517734259,0
102267,-0.963994887277,0
102268,-0.84119798819,0
102269,-1.05192746584,0
102270,-1.15111653093,0
102271,-0.834105825616,0
102272,-0.808860660784,0
102273,-0.809001898112,0
102274,-0.964310539723,0
102275,-1.02956745343,0
102276,-0.809376689802,0
102277,-0.782943195042,0
102278,-0.654744416843,0
102279,-0.790407296595,0
102280,-0.862041030254,0
102281,-0.833541101447,0
102282,-0.423683372933,0
102283,-0.36721519105,0
102284,-0.712613571959,0
102285,-0.262685576799,0
102286,-0.321985811613,0
102287,-0.186421692266,0
102288,-0.229325788311,0
102289,-0.105294768571,0
102290,-0.0857116483845,0
102291,-0.430528424104,0
102292,-0.211535144749,0
102293,-0.118807210723,0
102294,-0.281386676016,0
102295,-0.158991169915,0
102296,-0.216655493176,0
102297,0.13497344794,0
102298,0.268007241337,0
102299,0.137799443724,0
102300,0.0196676632804,0
102301,0.252477277028,0
102302,0.273604910035,0
102303,0.156711628976,0
102304,0.161934768508,0
102305,0.515189194646,0
102306,0.62768568428,0
102307,0.343233152203,0
102308,0.719007676316,0
102309,0.35048111574,0
102310,0.805264261853,0
102311,0.55707716108,0
102312,0.688288758429,0
102313,0.583592433249,0
102314,0.765459095505,0
102315,0.885545308824,0
102316,0.992559945448,0
102317,0.716979934786,0
102318,1.08920058223,0
102319,0.859419702088,0
102320,0.877851627224,0
102321,0.857194839195,0
102322,1.13116043986,0
102323,0.936813519552,0
102324,0.966719680011,0
102325,0.985489427816,0
102326,1.04914275045,0
102327,1.16914983879,0
102328,1.44011001395,0
102329,1.2933053231,0
102330,1.16932210453,0
102331,1.51251924676,0
102332,1.49551835369,0
102333,1.1868017623,0
102334,1.48329305576,0
102335,1.61704512738,0
102336,1.61917048943,0
102337,1.3192951964,0
102338,1.66741391152,0
102339,1.31373107436,0
102340,1.64332309747,0
102341,1.7060181519,0
102342,1.53662398345,0
102343,1.56231878884,0
102344,1.33839549697,0
102345,1.4238841707,0
102346,1.74927589148,0
102347,1.68749977945,0
102348,1.61081333351,0
102349,1.34754455912,0
102350,1.36498417366,0
102351,1.60343256295,0
102352,1.73944398891,0
102353,1.66615458707,0
102354,1.53097686318,0
102355,-1.22790742754,1
102356,-1.25311436016,1
102357,-1.2493198598,1
102358,-1.21660254406,1
102359,-1.15564027716,1
102360,-1.06769612547,1
102361,-0.954592188201,1
102362,-0.818671845699,1
102363,-0.662751207342,1
102364,-0.490060765079,1
102365,-0.304178461441,1
102366,-0.108955558785,1
102367,0.0915631543219,1
102368,0.293223166361,1
102369,0.491846319442,1
102370,0.683317375817,1
102371,0.863669280754,1
102372,1.02916535524,1
102373,1.17637671557,1
102374,1.30225331579,1
102375,1.404187141,1
102376,1.48006624245,1
102377,1.52831849453,1
102378,1.54794416743,1
102379,1.53853664031,1
102380,1.50029082607,1
102381,1.43399913291,1
102382,1.34103504663,1
102383,1.22332467358,1
102384,1.08330683402,1
102385,0.923882532649,1
102386,0.74835485318,1
102387,0.560360522359,1
102388,0.363794561257,1
102389,0.162729585031,1
102390,-0.0386685768727,1
102391,-0.23622719179,1
102392,-0.425853077949,1
102393,-0.603617410371,1
102394,-0.765837121501,1
102395,-0.90915121002,1
102396,-1.03059037684,1
102397,-1.12763854549,1
102398,-1.19828499224,1
102399,-1.24106600592,1
102400,-1.18191407162,1
102401,-1.16690080611,1
102402,-1.12315612383,1
102403,-1.05158636308,1
102404,-0.95367436499,1
102405,-0.831448750811,1
102406,-0.687441891286,1
102407,-0.524637438902,1
102408,-0.346408510125,1
102409,-0.156447798402,1
102410,0.0413089340993,1
102411,0.242764400843,1
102412,0.443744681877,1
102413,0.640085702538,1
102414,0.827719508172,1
102415,1.00275854736,1
102416,1.16157621742,1
102417,1.30088200331,1
102418,1.41778965325,1
102419,1.50987697846,1
102420,1.57523603805,1
102421,1.61251266928,1
102422,1.62093454427,1
102423,1.6003271717,1
102424,1.55111751205,1
102425,1.4743251315,1
102426,1.3715410777,1
102427,1.24489491517,1
102428,1.09701060322,1
102429,0.930952130556,1
102430,0.750160033128,1
102431,0.558380110214,1
102432,0.359585815894,1
102433,0.157895933764,1
102434,-0.0425107594153,1
102435,-0.237482073044,1
102436,-0.422978431184,1
102437,-0.595156567815,1
102438,-0.750449154775,1
102439,-0.8856387126,1
102440,-0.997924272909,1
102441,-1.08497941117,1
102442,-1.14500044746,1
102443,-1.17674381663,1
102444,-1.17955183345,1
102445,-1.15336631913,1
102446,-1.09872980668,1
102447,-1.01677430026,1
102448,-0.909197821439,1
102449,-0.778229228115,1
102450,-0.626582035263,1
102451,-0.457398194074,1
102452,-0.274182994435,1
102453,-0.0807324394521,1
102454,0.118945403266,1
102455,0.320713444043,1
102456,0.520391286761,1
102457,0.713841841744,1
102458,0.897057041383,1
102459,1.06624088257,1
102460,1.21788807542,1
102461,1.34885666875,1
102462,1.45643314757,1
102463,1.53838865399,1
102464,1.59302516644,1
102465,1.61921068076,1
102466,1.61640266394,1
102467,1.58465929477,1
102468,1.52463825848,1
102469,1.43758312022,1
102470,1.32529755991,1
102471,1.19010800208,1
102472,1.03481541512,1
102473,0.862637278493,1
102474,0.677140920353,1
102475,0.482169606724,1
102476,0.281762913545,1
102477,0.0800730314149,1
102478,-0.118721262905,1
102479,-0.310501185819,1
102480,-0.491293283247,1
102481,-0.657351755907,1
102482,-0.805236067866,1
102483,-0.931882230391,1
102484,-1.03466628419,1
102485,-1.11145866474,1
102486,-1.16066832439,1
102487,-1.18127569696,1
102488,-1.17285382197,1
102489,-1.13557719074,1
102490,-1.07021813116,1
102491,-0.978130805945,1
102492,-0.861223156001,1
102493,-0.721917370111,1
102494,-0.563099700055,1
102495,-0.388060660863,1
102496,-0.200426855229,1
102497,-0.00408583456795,1
102498,0.196894446466,1
102499,0.39834991321,1
102500,0.596106645711,1
102501,0.786067357434,1
102502,0.964296286211,1
102503,1.12710073859,1
102504,1.27110759812,1
102505,1.3933332123,1
102506,1.49124521039,1
102507,1.56281497114,1
102508,1.60655965342,1
102509,1.62157291893,1
102510,1.60754371051,1
102511,1.56476269682,1
102512,1.49411625007,1
102513,1.39706808143,1
102514,1.2756289146,1
102515,1.13231482608,1
102516,0.970095114953,1
102517,0.79233078253,1
102518,0.602704896371,1
102519,0.405146281454,1
102520,0.203748119551,1
102521,0.00268314332402,1
102522,-0.193882817777,1
102523,-0.381877148599,1
102524,-0.557404828067,1
102525,-0.71682912944,1
102526,-0.856846968998,1
102527,-0.97455734205,1
102528,-1.06752142833,1
102529,-1.13381312149,1
102530,-1.17205893573,1
102531,-1.18146646285,1
102532,-1.16184078995,1
102533,-1.11358853787,1
102534,-1.03770943642,1
102535,-0.935775611205,1
102536,-0.809899010994,1
102537,-0.66268765066,1
102538,-0.497191576172,1
102539,-0.316839671235,1
102540,-0.125368614861,1
102541,0.0732545382205,1
102542,0.274914550259,1
102543,0.475433263367,1
102544,0.670656166022,1
102545,0.85653846966,1
102546,1.02922891192,1
102547,1.18514955028,1
102548,1.32106989278,1
102549,1.43417383005,1
102550,1.52211798175,1
102551,1.58308024864,1
102552,1.61579756439,1
102553,1.61959206474,1
102554,1.59438513212,1
102555,1.57041196009,0
102556,1.643884879,0
102557,1.61118366334,0
102558,1.52723659353,0
102559,1.34750102217,0
102560,1.58926606306,0
102561,1.32087549673,0
102562,1.48809019286,0
102563,1.2879518227,0
102564,1.5893328141,0
102565,1.29662326742,0
102566,1.49695705692,0
102567,1.28989012893,0
102568,1.29178010915,0
102569,1.49828628756,0
102570,1.1355052654,0
102571,1.24363999624,0
102572,1.08073670866,0
102573,1.38129791326,0
102574,1.09242651884,0
102575,0.97916358085,0
102576,1.23933878868,0
102577,1.32312066242,0
102578,1.0259024555,0
102579,1.22420772949,0
102580,1.02018321911,0
102581,1.17540989857,0
102582,1.1042661323,0
102583,0.687454989765,0
102584,0.98236316307,0
102585,1.02873785996,0
102586,0.602393631671,0
102587,0.559804570701,0
102588,0.875985126413,0
102589,0.85367303059,0
102590,0.540858963857,0
102591,0.566403464227,0
102592,0.329852344403,0
102593,0.349049652799,0
102594,0.60021700503,0
102595,0.6007071087,0
102596,0.426833963224,0
102597,0.508314138068,0
102598,0.134762811783,0
102599,0.427478710993,0
102600,0.012024355828,0
102601,0.0777466503642,0
102602,0.292007646626,0
102603,0.0944948650905,0
102604,-0.082670563728,0
102605,-0.233320487819,0
102606,0.0426433688839,0
102607,-0.324388100949,0
102608,-0.253140221117,0
102609,-0.211452765695,0
102610,-0.0697868141296,0
102611,-0.325267813522,0
102612,-0.238903989239,0
102613,-0.458821711335,0
102614,-0.563931866658,0
102615,-0.288035375097,0
102616,-0.53616194071,0
102617,-0.750021129186,0
102618,-0.745635343042,0
102619,-0.579698166974,0
102620,-0.467499564138,0
102621,-0.834061026615,0
102622,-0.734988357701,0
102623,-0.964931878748,0
102624,-0.997044475905,0
102625,-0.647056638677,0
102626,-0.710635322655,0
102627,-0.669855217777,0
102628,-0.741734266971,0
102629,-0.777622799625,0
102630,-0.968746663931,0
102631,-1.08608175606,0
102632,-1.09524296588,0
102633,-0.880669098205,0
102634,-1.26057198594,0
102635,-1.28176954905,0
102636,-0.886836095307,0
102637,-1.17890660485,0
102638,-1.23489383854,0
102639,-1.34146191911,0
102640,-1.36692749641,0
102641,-0.963310928156,0
102642,-1.33530925313,0
102643,-1.37851181118,0
102644,-1.09522067361,0
102645,-1.07547669548,0
102646,-1.18607701616,0
102647,-1.05793976869,0
102648,-1.25976627572,0
102649,-1.39762085323,0
102650,-1.26837110754,0
102651,-1.01599043534,0
102652,-1.43208575941,0
102653,-1.28660647746,0
102654,-1.40355575384,0
102655,-1.14437501072,0
102656,-1.40609470111,0
102657,-1.01482787291,0
102658,-1.13234922908,0
102659,-1.28489173395,0
102660,-1.36241327105,0
102661,-1.04539784502,0
102662,-0.92770091169,0
102663,-0.915769721596,0
102664,-0.939554722998,0
102665,-0.964797495031,0
102666,-1.10739821168,0
102667,-0.936215756359,0
102668,-0.813418857272,0
102669,-1.02414833492,0
102670,-1.12333740001,0
102671,-0.806326694698,0
102672,-0.781081529866,0
102673,-0.781222767194,0
102674,-0.936531408804,0
102675,-1.00178832251,0
102676,-0.781597558884,0
102677,-0.755164064124,0
102678,-0.626965285925,0
102679,-0.762628165677,0
102680,-0.834261899336,0
102681,-0.805761970529,0
102682,-0.395904242015,0
102683,-0.339436060132,0
102684,-0.684834441041,0
102685,-0.23490644588,0
102686,-0.294206680695,0
102687,-0.158642561348,0
102688,-0.201546657393,0
102689,-0.077515637653,0
102690,-0.0579325174664,0
102691,-0.402749293186,0
102692,-0.183756013831,0
102693,-0.0910280798054,0
102694,-0.253607545098,0
102695,-0.131212038997,0
102696,-0.188876362258,0
102697,0.162752578858,0
102698,0.295786372255,0
102699,0.165578574642,0
102700,0.0474467941985,0
102701,0.280256407946,0
102702,0.301384040953,0
102703,0.184490759894,0
102704,0.189713899426,0
102705,0.542968325564,0
102706,0.655464815198,0
102707,0.371012283122,0
102708,0.746786807234,0
102709,0.378260246658,0
102710,0.833043392771,0
102711,0.584856291998,0
102712,0.716067889347,0
102713,0.611371564167,0
102714,0.793238226423,0
102715,0.913324439742,0
102716,1.02033907637,0
102717,0.744759065704,0
102718,1.11697971315,0
102719,0.887198833006,0
102720,0.905630758142,0
102721,0.884973970113,0
102722,1.15893957078,0
102723,0.96459265047,0
102724,0.994498810929,0
102725,1.01326855873,0
102726,1.07692188137,0
102727,1.1969289697,0
102728,1.46788914487,0
102729,1.32108445402,0
102730,1.19710123545,0
102731,1.54029837767,0
102732,1.52329748461,0
102733,1.21458089322,0
102734,1.51107218668,0
102735,1.6448242583,0
102736,1.64694962035,0
102737,1.34707432732,0
102738,1.69519304244,0
102739,1.34151020528,0
102740,1.67110222838,0
102741,1.73379728282,0
102742,1.56440311437,0
102743,1.59009791975,0
102744,1.36617462788,0
102745,1.45166330162,0
102746,1.7770550224,0
102747,1.71527891037,0
102748,1.63859246442,0
102749,1.37532369004,0
102750,1.39276330457,0
102751,1.63121169387,0
102752,1.76722311982,0
102753,1.69393371799,0
102754,1.5587559941,0
102755,1.52500994828,0
102756,1.59848286719,0
102757,1.56578165153,0
102758,1.48183458172,0
102759,1.30209901036,0
102760,1.54386405125,0
102761,1.27547348492,0
102762,1.44268818105,0
102763,1.24254981089,0
102764,1.54393080229,0
102765,1.25122125561,0
102766,1.45155504511,0
102767,1.24448811712,0
102768,1.24637809734,0
102769,1.45288427575,0
102770,1.09010325359,0
102771,1.19823798443,0
102772,1.03533469685,0
102773,1.33589590145,0
102774,1.04702450703,0
102775,0.933761569041,0
102776,1.19393677687,0
102777,1.27771865061,0
102778,0.980500443689,0
102779,1.17880571768,0
102780,0.9747812073,0
102781,1.13000788676,0
102782,1.05886412049,0
102783,0.642052977955,0
102784,0.936961151261,0
102785,0.98333584815,0
102786,0.556991619862,0
102787,0.514402558891,0
102788,0.830583114603,0
102789,0.808271018781,0
102790,0.495456952047,0
102791,0.521001452418,0
102792,0.284450332594,0
102793,0.303647640989,0
102794,0.554814993221,0
102795,0.55530509689,0
102796,0.381431951415,0
102797,0.462912126258,0
102798,0.0893607999738,0
102799,0.382076699184,0
102800,0.0177082435712,0
102801,0.0834305381074,0
102802,0.297691534369,0
102803,0.100178752834,0
102804,-0.0769866759847,0
102805,-0.227636600075,0
102806,0.0483272566271,0
102807,-0.318704213206,0
102808,-0.247456333374,0
102809,-0.205768877952,0
102810,-0.0641029263864,0
102811,-0.319583925779,0
102812,-0.233220101496,0
102813,-0.453137823592,0
102814,-0.558247978915,0
102815,-0.282351487354,0
102816,-0.530478052967,0
102817,-0.744337241443,0
102818,-0.739951455298,0
102819,-0.574014279231,0
102820,-0.461815676394,0
102821,-0.828377138872,0
102822,-0.729304469958,0
102823,-0.959247991005,0
102824,-0.991360588162,0
102825,-0.641372750934,0
102826,-0.704951434912,0
102827,-0.664171330034,0
102828,-0.736050379228,0
102829,-0.771938911882,0
102830,-0.963062776188,0
102831,-1.08039786832,0
102832,-1.08955907814,0
102833,-0.874985210462,0
102834,-1.2548880982,0
102835,-1.2760856613,0
102836,-0.881152207563,0
102837,-1.17322271711,0
102838,-1.22920995079,0
102839,-1.33577803137,0
102840,-1.36124360867,0
102841,-0.957627040413,0
102842,-1.32962536539,0
102843,-1.37282792344,0
102844,-1.08953678587,0
102845,-1.06979280774,0
102846,-1.18039312842,0
102847,-1.05225588094,0
102848,-1.25408238797,0
102849,-1.39193696549,0
102850,-1.2626872198,0
102851,-1.01030654759,0
102852,-1.42640187166,0
102853,-1.28092258971,0
102854,-1.3978718661,0
102855,-1.13869112298,0
102856,-1.40041081337,0
102857,-1.00914398516,0
102858,-1.12666534133,0
102859,-1.2792078462,0
102860,-1.35672938331,0
102861,-1.03971395728,0
102862,-0.922017023947,0
102863,-0.910085833853,0
102864,-0.933870835255,0
102865,-0.959113607288,0
102866,-1.10171432393,0
102867,-0.930531868616,0
102868,-0.807734969529,0
102869,-1.01846444717,0
102870,-1.11765351227,0
102871,-0.800642806955,0
102872,-0.775397642123,0
102873,-0.775538879451,0
102874,-0.930847521061,0
102875,-0.996104434767,0
102876,-0.775913671141,0
102877,-0.74948017638,0
102878,-0.621281398182,0
102879,-0.756944277934,0
102880,-0.828578011592,0
102881,-0.800078082786,0
102882,-0.390220354271,0
102883,-0.333752172389,0
102884,-0.679150553297,0
102885,-0.229222558137,0
102886,-0.288522792952,0
102887,-0.152958673605,0
102888,-0.19586276965,0
102889,-0.0718317499098,0
102890,-0.0522486297232,0
102891,-0.397065405443,0
102892,-0.178072126087,0
102893,-0.0853441920621,0
102894,-0.247923657355,0
102895,-0.125528151254,0
102896,-0.183192474515,0
102897,0.168436466601,0
102898,0.301470259998,0
102899,0.171262462385,0
102900,0.0531306819417,0
102901,0.285940295689,0
102902,0.307067928696,0
102903,0.190174647637,0
102904,0.195397787169,0
102905,0.548652213307,0
102906,1.5903101679,1
102907,1.57451702609,1
102908,1.5558843544,1
102909,1.53445009589,1
102910,1.51025789872,1
102911,1.4833570272,1
102912,1.45380226154,1
102913,1.42165378627,1
102914,1.38697706766,1
102915,1.34984272044,1
102916,1.31032636399,1
102917,1.26850846833,1
102918,1.22447419029,1
102919,1.17831320008,1
102920,1.13011949868,1
102921,1.07999122643,1
102922,1.02803046319,1
102923,0.974343020436,1
102924,0.919038225816,1
102925,0.86222870051,1
102926,0.80403012989,1
102927,0.744561027941,1
102928,0.683942495924,1
102929,0.622297975768,1
102930,0.559752998698,1
102931,0.496434929601,1
102932,0.432472707672,1
102933,0.367996583838,1
102934,0.303137855523,1
102935,0.238028599278,1
102936,0.17280140182,1
102937,0.107589090038,1
102938,0.0425244605108,1
102939,-0.0222599909212,1
102940,-0.0866323389638,1
102941,-0.150461497519,1
102942,-0.213617486626,1
102943,-0.275971697145,1
102944,-0.337397152661,1
102945,-0.397768768046,1
102946,-0.456963604185,1
102947,-0.514861118326,1
102948,-0.571343409546,1
102949,-0.626295458843,1
102950,-0.67960536336,1
102951,-0.731164564258,1
102952,-0.780868067784,1
102953,-0.828614659074,1
102954,-0.87430710827,1
102955,-0.917852368512,1
102956,-0.959161765416,1
102957,-0.998151177651,1
102958,-1.03474120824,1
102959,-1.06885734624,1
102960,-1.10043011847,1
102961,-1.129395231,1
102962,-1.15569370007,1
102963,-1.17927197218,1
102964,-1.20008203319,1
102965,-1.21808150605,1
102966,-1.23323373712,1
102967,-1.24550787083,1
102968,-1.25487891244,1
102969,-1.26132777904,1
102970,-1.26484133831,1
102971,-1.26541243536,1
102972,-1.2630399072,1
102973,-1.25772858519,1
102974,-1.24948928517,1
102975,-1.23833878542,1
102976,-1.22429979251,1
102977,-1.20740089506,1
102978,-1.18767650554,1
102979,-1.16516679015,1
102980,-1.13991758707,1
102981,-1.11198031308,1
102982,-1.08141185888,1
102983,-1.04827447326,1
102984,-1.01263563627,1
102985,-0.974567921874,1
102986,-0.934148850133,1
102987,-0.891460729343,1
102988,-0.846590488431,1
102989,-0.799629499936,1
102990,-0.750673393935,1
102991,-0.699821863311,1
102992,-0.647178460739,1
102993,-0.592850387809,1
102994,-0.536948276731,1
102995,-0.479585965044,1
102996,-0.420880263799,1
102997,-0.360950719686,1
102998,-0.2999193716,1
102999,-0.237910502118,1
103000,-0.00493578054644,1
103001,0.0586475787478,1
103002,0.122824700208,1
103003,0.187464895292,1
103004,0.252436532463,1
103005,0.317607305249,1
103006,0.38284450166,1
103007,0.448015274446,1
103008,0.512986911617,1
103009,0.5776271067,1
103010,0.641804228161,1
103011,0.705387587455,1
103012,0.76824770516,1
103013,0.830256574643,1
103014,0.891287922729,1
103015,0.951217466841,1
103016,1.00992316809,1
103017,1.06728547977,1
103018,1.12318759085,1
103019,1.17751566378,1
103020,1.23015906635,1
103021,1.28101059698,1
103022,1.32996670298,1
103023,1.37692769147,1
103024,1.42179793239,1
103025,1.46448605318,1
103026,1.50490512492,1
103027,1.54297283931,1
103028,1.5786116763,1
103029,1.61174906193,1
103030,1.64231751612,1
103031,1.67025479011,1
103032,1.6955039932,1
103033,1.71801370858,1
103034,1.73773809811,1
103035,1.75463699555,1
103036,1.76867598846,1
103037,1.77982648821,1
103038,1.78806578823,1
103039,1.79337711024,1
103040,1.7957496384,1
103041,1.79517854135,1
103042,1.79166498208,1
103043,1.78521611548,1
103044,1.77584507387,1
103045,1.76357094017,1
103046,1.74841870909,1
103047,1.73041923623,1
103048,1.70960917522,1
103049,1.68603090311,1
103050,1.65973243404,1
103051,1.63076732151,1
103052,1.59919454928,1
103053,1.56507841128,1
103054,1.52848838069,1
103055,1.48949896846,1
103056,1.44818957155,1
103057,1.40464431131,1
103058,1.35895186212,1
103059,1.31120527083,1
103060,1.2615017673,1
103061,1.2099425664,1
103062,1.15663266189,1
103063,1.10168061259,1
103064,1.04519832137,1
103065,0.987300807228,1
103066,0.928105971088,1
103067,0.867734355703,1
103068,0.806308900188,1
103069,0.743954689668,1
103070,0.680798700562,1
103071,0.616969542006,1
103072,0.552597193964,1
103073,0.487812742532,1
103074,0.422748113004,1
103075,0.357535801223,1
103076,0.292308603765,1
103077,0.227199347519,1
103078,0.162340619205,1
103079,0.097864495371,1
103080,0.0339022734416,1
103081,-0.029415795655,1
103082,-0.0919607727258,1
103083,-0.153605292881,1
103084,-0.214223824898,1
103085,-0.273692926847,1
103086,-0.331891497468,1
103087,-0.388701022773,1
103088,-0.444005817393,1
103089,-0.497693260148,1
103090,-0.549654023391,1
103091,-0.599782295636,1
103092,-0.647975997036,1
103093,-0.694136987246,1
103094,-0.738171265284,1
103095,-0.779989160944,1
103096,-0.8195055174,1
103097,-0.856639864619,1
103098,-0.891316583228,1
103099,-0.9234650585,1
103100,-0.953019824155,1
103101,-0.979920695672,1
103102,-1.00411289285,1
103103,-1.02554715135,1
103104,-1.04417982304,1
103105,-1.05997296486,1
103106,0.831263306808,0
103107,0.546810774731,0
103108,0.922585298844,0
103109,0.554058738268,0
103110,1.00884188438,0
103111,0.760654783607,0
103112,0.891866380956,0
103113,0.787170055776,0
103114,0.969036718033,0
103115,1.08912293135,0
103116,1.19613756798,0
103117,0.920557557314,0
103118,1.29277820476,0
103119,1.06299732462,0
103120,1.08142924975,0
103121,1.06077246172,0
103122,1.33473806239,0
103123,1.14039114208,0
103124,1.17029730254,0
103125,1.18906705034,0
103126,1.25272037298,0
103127,1.37272746131,0
103128,1.64368763648,0
103129,1.49688294563,0
103130,1.37289972706,0
103131,1.71609686928,0
103132,1.69909597622,0
103133,1.39037938483,0
103134,1.68687067828,0
103135,1.82062274991,0
103136,1.82274811196,0
103137,1.52287281893,0
103138,1.87099153405,0
103139,1.51730869689,0
103140,1.84690071999,0
103141,1.90959577442,0
103142,1.74020160598,0
103143,1.76589641136,0
103144,1.54197311949,0
103145,1.62746179323,0
103146,1.95285351401,0
103147,1.89107740198,0
103148,1.81439095603,0
103149,1.55112218165,0
103150,1.56856179618,0
103151,1.80701018548,0
103152,1.94302161143,0
103153,1.8697322096,0
103154,1.73455448571,0
103155,1.70080843989,0
103156,1.7742813588,0
103157,1.74158014314,0
103158,1.65763307333,0
103159,1.47789750197,0
103160,1.71966254286,0
103161,1.45127197653,0
103162,1.61848667266,0
103163,1.4183483025,0
103164,1.7197292939,0
103165,1.42701974722,0
103166,1.62735353672,0
103167,1.42028660873,0
103168,1.42217658895,0
103169,1.62868276736,0
103170,1.2659017452,0
103171,1.37403647604,0
103172,1.21113318846,0
103173,1.51169439306,0
103174,1.22282299864,0
103175,1.10956006065,0
103176,1.36973526848,0
103177,1.45351714222,0
103178,1.1562989353,0
103179,1.35460420929,0
103180,1.15057969891,0
103181,1.30580637837,0
103182,1.2346626121,0
103183,0.817851469565,0
103184,1.11275964287,0
103185,1.15913433976,0
103186,0.732790111471,0
103187,0.690201050501,0
103188,1.00638160621,0
103189,0.98406951039,0
103190,0.671255443657,0
103191,0.696799944027,0
103192,0.460248824203,0
103193,0.479446132599,0
103194,0.73061348483,0
103195,0.7311035885,0
103196,0.557230443024,0
103197,0.638710617868,0
103198,0.265159291583,0
103199,0.557875190793,0
103200,0.253426923886,0
103201,0.319149218422,0
103202,0.533410214684,0
103203,0.335897433148,0
103204,0.15873200433,0
103205,0.00808208023921,0
103206,0.284045936942,0
103207,-0.0829855328912,0
103208,-0.011737653059,0
103209,0.0299498023626,0
103210,0.171615753928,0
103211,-0.0838652454644,0
103212,0.00249857881838,0
103213,-0.217419143277,0
103214,-0.3225292986,0
103215,-0.0466328070396,0
103216,-0.294759372653,0
103217,-0.508618561128,0
103218,-0.504232774984,0
103219,-0.338295598916,0
103220,-0.22609699608,0
103221,-0.592658458558,0
103222,-0.493585789644,0
103223,-0.723529310691,0
103224,-0.755641907847,0
103225,-0.405654070619,0
103226,-0.469232754597,0
103227,-0.428452649719,0
103228,-0.500331698913,0
103229,-0.536220231568,0
103230,-0.727344095873,0
103231,-0.844679188003,0
103232,-0.853840397824,0
103233,-0.639266530148,0
103234,-1.01916941789,0
103235,-1.04036698099,0
103236,-0.645433527249,0
103237,-0.937504036791,0
103238,-0.993491270479,0
103239,-1.10005935106,0
103240,-1.12552492835,0
103241,-0.721908360098,0
103242,-1.09390668508,0
103243,-1.13710924313,0
103244,-0.853818105557,0
103245,-0.834074127427,0
103246,-0.944674448103,0
103247,-0.816537200629,0
103248,-1.01836370766,0
103249,-1.15621828517,0
103250,-1.02696853949,0
103251,-0.774587867279,0
103252,-1.19068319135,0
103253,-1.0452039094,0
103254,-1.16215318578,0
103255,-0.902972442661,0
103256,-1.16469213306,0
103257,-0.773425304849,0
103258,-0.890946661019,0
103259,-1.04348916589,0
103260,-1.121010703,0
103261,-0.803995276961,0
103262,-0.686298343632,0
103263,-0.674367153538,0
103264,-0.69815215494,0
103265,-0.723394926974,0
103266,-0.865995643617,0
103267,-0.694813188301,0
103268,-0.572016289215,0
103269,-0.78274576686,0
103270,-0.881934831956,0
103271,-0.56492412664,0
103272,-0.539678961808,0
103273,-0.539820199137,0
103274,-0.695128840747,0
103275,-0.760385754452,0
103276,-0.540194990826,0
103277,-0.513761496066,0
103278,-0.385562717868,0
103279,-0.521225597619,0
103280,-0.592859331278,0
103281,-0.564359402471,0
103282,-0.154501673957,0
103283,-0.0980334920744,0
103284,-0.443431872983,0
103285,0.00649612217733,0
103286,-0.0528041126373,0
103287,0.0827600067095,0
103288,0.0398559106649,0
103289,0.163886930405,0
103290,0.183470050591,0
103291,-0.161346725128,0
103292,0.0576465542272,0
103293,0.150374488252,0
103294,-0.0122049770405,0
103295,0.11019052906,0
103296,0.0525262057994,0
103297,0.404155146916,0
103298,0.537188940313,0
103299,0.4069811427,0
103300,0.288849362256,0
103301,0.521658976004,0
103302,0.54278660901,0
103303,0.425893327952,0
103304,0.431116467484,0
103305,0.784370893622,0
103306,0.896867383256,0
103307,0.612414851179,0
103308,0.988189375292,0
103309,0.619662814716,0
103310,1.07444596083,0
103311,0.826258860055,0
103312,0.957470457405,0
103313,0.852774132224,0
103314,1.03464079448,0
103315,1.1547270078,0
103316,1.26174164442,0
103317,0.986161633762,0
103318,1.35838228121,0
103319,1.12860140106,0
103320,1.1470333262,0
103321,1.12637653817,0
103322,1.40034213884,0
103323,1.20599521853,0
103324,1.23590137899,0
103325,1.25467112679,0
103326,1.31832444942,0
103327,1.43833153776,0
103328,1.70929171293,0
103329,1.56248702208,0
103330,1.43850380351,0
103331,1.78170094573,0
103332,1.76470005267,0
103333,1.45598346128,0
103334,1.75247475473,0
103335,1.88622682636,0
103336,1.88835218841,0
103337,1.58847689538,0
103338,1.9365956105,0
103339,1.58291277333,0
103340,1.91250479644,0
103341,1.97519985087,0
103342,1.80580568242,0
103343,1.83150048781,0
103344,1.60757719594,0
103345,1.69306586968,0
103346,2.01845759046,0
103347,1.95668147843,0
103348,1.87999503248,0
103349,1.61672625809,0
103350,1.63416587263,0
103351,1.87261426192,0
103352,2.00862568788,0
103353,1.93533628605,0
103354,1.80015856216,0
103355,1.76641251633,0
103356,1.83988543524,0
103357,1.80718421959,0
103358,1.72323714978,0
103359,1.54350157842,0
103360,1.7852666193,0
103361,1.51687605298,0
103362,1.6840907491,0
103363,1.48395237895,0
103364,1.78533337035,0
103365,1.49262382367,0
103366,1.69295761317,0
103367,1.48589068518,0
103368,1.48778066539,0
103369,1.6942868438,0
103370,1.33150582165,0
103371,1.43964055249,0
103372,1.27673726491,0
103373,1.57729846951,0
103374,1.28842707509,0
103375,1.1751641371,0
103376,1.43533934493,0
103377,1.51912121867,0
103378,1.22190301175,0
103379,1.42020828574,0
103380,1.21618377536,0
103381,1.37141045482,0
103382,1.30026668855,0
103383,0.883455546013,0
103384,1.17836371932,0
103385,1.22473841621,0
103386,0.798394187919,0
103387,0.755805126949,0
103388,1.07198568266,0
103389,1.04967358684,0
103390,0.736859520105,0
103391,0.762404020475,0
103392,0.525852900652,0
103393,0.545050209047,0
103394,0.796217561278,0
103395,0.796707664948,0
103396,0.622834519472,0
103397,0.704314694316,0
103398,0.330763368031,0
103399,0.623479267241,0
103400,0.33413943548,0
103401,0.399861730016,0
103402,0.614122726278,0
103403,0.416609944742,0
103404,0.239444515924,0
103405,0.0887945918334,0
103406,0.364758448536,0
103407,-0.00227302129699,0
103408,0.0689748585351,0
103409,0.110662313957,0
103410,0.252328265522,0
103411,-0.00315273387025,0
103412,0.0832110904126,0
103413,-0.136706631683,0
103414,-0.241816787006,0
103415,0.0340797045546,0
103416,-0.214046861059,0
103417,-0.427906049534,0
103418,-0.42352026339,0
103419,-0.257583087322,0
103420,-0.145384484486,0
103421,-0.511945946963,0
103422,-0.412873278049,0
103423,-0.642816799097,0
103424,-0.674929396253,0
103425,-0.324941559025,0
103426,-0.388520243003,0
103427,-0.347740138125,0
103428,-0.419619187319,0
103429,-0.455507719973,0
103430,-0.646631584279,0
103431,-0.763966676409,0
103432,-0.77312788623,0
103433,-0.558554018554,0
103434,-0.938456906293,0
103435,-0.959654469395,0
103436,-0.564721015655,0
103437,-0.856791525197,0
103438,-0.912778758885,0
103439,-1.01934683946,0
103440,-1.04481241676,0
103441,-0.641195848504,0
103442,-1.01319417348,0
103443,-1.05639673153,0
103444,-0.773105593963,0
103445,-0.753361615833,0
103446,-0.863961936509,0
103447,-0.735824689035,0
103448,-0.937651196065,0
103449,-1.07550577358,0
103450,-0.946256027891,0
103451,-0.693875355685,0
103452,-1.10997067976,0
103453,-0.964491397806,0
103454,-1.08144067419,0
103455,-0.822259931067,0
103456,-1.08397962146,0
103457,-0.692712793255,0
103458,-0.810234149425,0
103459,-0.962776654295,0
103460,-1.0402981914,0
103461,-0.723282765367,0
103462,-0.605585832038,0
103463,-0.593654641944,0
103464,-0.617439643346,0
103465,-0.642682415379,0
103466,-0.785283132023,0
103467,-0.614100676707,0
103468,-0.49130377762,0
103469,-0.702033255266,0
103470,-0.801222320362,0
103471,-0.484211615046,0
103472,-0.458966450214,0
103473,-0.459107687542,0
103474,-0.614416329153,0
103475,-0.679673242858,0
103476,-0.459482479232,0
103477,-0.433048984472,0
103478,-0.304850206273,0
103479,-0.440513086025,0
103480,-0.512146819684,0
103481,-0.483646890877,0
103482,-0.0737891623626,0
103483,-0.0173209804802,0
103484,-0.362719361389,0
103485,0.0872086337715,0
103486,0.0279083989569,0
103487,0.163472518304,0
103488,0.120568422259,0
103489,0.244599441999,0
103490,0.264182562186,0
103491,-0.0806342135341,0
103492,0.138359065821,0
103493,0.231086999847,0
103494,0.0685075345537,0
103495,0.190903040655,0
103496,0.133238717394,0
103497,0.48486765851,0
103498,0.617901451907,0
103499,0.487693654294,0
103500,0.36956187385,0
103501,0.602371487598,0
103502,0.623499120605,0
103503,0.506605839546,0
103504,0.511828979078,0
103505,0.865083405216,0
103506,0.97757989485,0
103507,0.693127362774,0
103508,1.06890188689,0
103509,0.70037532631,0
103510,1.15515847242,0
103511,0.90697137165,0
103512,1.038182969,0
103513,0.933486643819,0
103514,1.11535330608,0
103515,1.23543951939,0
103516,1.34245415602,0
103517,1.06687414536,0
103518,1.4390947928,0
103519,1.20931391266,0
103520,1.22774583779,0
103521,1.20708904977,0
103522,1.48105465043,0
103523,1.28670773012,0
103524,1.31661389058,0
103525,1.33538363839,0
103526,1.39903696102,0
103527,1.51904404936,0
103528,1.79000422452,0
103529,1.64319953367,0
103530,1.5192163151,0
103531,1.86241345733,0
103532,1.84541256426,0
103533,1.53669597287,0
103534,1.83318726633,0
103535,1.96693933795,0
103536,1.9690647,0
103537,1.66918940697,0
103538,2.01730812209,0
103539,1.66362528493,0
103540,1.99321730804,0
103541,2.05591236247,0
103542,1.88651819402,0
103543,1.91221299941,0
103544,1.68828970754,0
103545,1.77377838127,0
103546,2.09917010205,0
103547,2.03739399002,0
103548,1.96070754408,0
103549,1.69743876969,0
103550,1.71487838423,0
103551,1.95332677352,0
103552,2.08933819948,0
103553,2.01604879764,0
103554,1.88087107375,0
103555,1.84712502793,0
103556,1.92059794684,0
103557,1.88789673118,0
103558,1.80394966137,0
103559,1.62421409002,0
103560,1.8659791309,0
103561,1.59758856458,0
103562,1.7648032607,0
103563,1.56466489054,0
103564,1.86604588195,0
103565,1.57333633526,0
103566,1.77367012476,0
103567,1.56660319677,0
103568,1.56849317699,0
103569,1.7749993554,0
103570,1.41221833324,0
103571,1.52035306409,0
103572,1.3574497765,0
103573,1.65801098111,0
103574,1.36913958668,0
103575,1.25587664869,0
103576,1.51605185653,0
103577,1.59983373026,0
103578,1.30261552334,0
103579,1.50092079733,0
103580,1.29689628695,0
103581,1.45212296641,0
103582,1.38097920014,0
103583,0.964168057607,0
103584,1.25907623091,0
103585,1.3054509278,0
103586,0.879106699514,0
103587,0.836517638543,0
103588,1.15269819425,0
103589,1.13038609843,0
103590,0.817572031699,0
103591,0.84311653207,0
103592,0.606565412246,0
103593,0.625762720641,0
103594,0.876930072873,0
103595,0.877420176542,0
103596,0.703547031067,0
103597,0.78502720591,0
103598,0.411475879626,0
103599,0.704191778835,0
103600,0.431411275081,0
103601,0.497133569617,0
103602,0.711394565879,0
103603,0.513881784344,0
103604,0.336716355525,0
103605,0.186066431434,0
103606,0.462030288137,0
103607,0.0949988183041,0
103608,0.166246698136,0
103609,0.207934153558,0
103610,0.349600105123,0
103611,0.0941191057308,0
103612,0.180482930014,0
103613,-0.039434792082,0
103614,-0.144544947405,0
103615,0.131351544156,0
103616,-0.116775021457,0
103617,-0.330634209933,0
103618,-0.326248423789,0
103619,-0.160311247721,0
103620,-0.0481126448845,0
103621,-0.414674107362,0
103622,-0.315601438448,0
103623,-0.545544959495,0
103624,-0.577657556652,0
103625,-0.227669719424,0
103626,-0.291248403402,0
103627,-0.250468298524,0
103628,-0.322347347718,0
103629,-0.358235880372,0
103630,-0.549359744678,0
103631,-0.666694836808,0
103632,-0.675856046629,0
103633,-0.461282178952,0
103634,-0.841185066692,0
103635,-0.862382629794,0
103636,-0.467449176054,0
103637,-0.759519685596,0
103638,-0.815506919284,0
103639,-0.922074999861,0
103640,-0.947540577156,0
103641,-0.543924008903,0
103642,-0.91592233388,0
103643,-0.959124891931,0
103644,-0.675833754362,0
103645,-0.656089776232,0
103646,-0.766690096908,0
103647,-0.638552849434,0
103648,-0.840379356464,0
103649,-0.978233933976,0
103650,-0.84898418829,0
103651,-0.596603516084,0
103652,-1.01269884015,0
103653,-0.867219558205,0
103654,-0.984168834586,0
103655,-0.724988091466,0
103656,-0.98670778186,0
103657,-0.595440953654,0
103658,-0.712962309824,0
103659,-0.865504814694,0
103660,-0.9430263518,0
103661,-0.626010925766,0
103662,-0.508313992437,0
103663,-0.496382802343,0
103664,-0.520167803745,0
103665,-0.545410575778,0
103666,-0.688011292422,0
103667,-0.516828837106,0
103668,-0.394031938019,0
103669,-0.604761415664,0
103670,-0.703950480761,0
103671,-0.386939775445,0
103672,-0.361694610613,0
103673,-0.361835847941,0
103674,-0.517144489551,0
103675,-0.582401403257,0
103676,-0.362210639631,0
103677,-0.335777144871,0
103678,-0.207578366672,0
103679,-0.343241246424,0
103680,-0.414874980083,0
103681,-0.386375051276,0
103682,0.0234826772385,0
103683,0.0799508591209,0
103684,-0.265447521788,0
103685,0.184480473373,0
103686,0.125180238558,0
103687,0.260744357905,0
103688,0.21784026186,0
103689,0.3418712816,0
103690,0.361454401787,0
103691,0.016637626067,0
103692,0.235630905423,0
103693,0.328358839448,0
103694,0.165779374155,0
103695,0.288174880256,0
103696,0.230510556995,0
103697,0.582139498111,0
103698,0.715173291508,0
103699,0.584965493895,0
103700,0.466833713452,0
103701,0.699643327199,0
103702,0.720770960206,0
103703,0.603877679147,0
103704,0.609100818679,0
103705,0.962355244817,0
103706,1.07485173445,0
103707,0.790399202375,0
103708,1.16617372649,0
103709,0.797647165911,0
103710,1.25243031202,0
103711,1.00424321125,0
103712,1.1354548086,0
103713,1.03075848342,0
103714,1.21262514568,0
103715,1.33271135899,0
103716,1.43972599562,0
103717,1.16414598496,0
103718,1.5363666324,0
103719,1.30658575226,0
103720,1.32501767739,0
103721,1.30436088937,0
103722,1.57832649003,0
103723,1.38397956972,0
103724,1.41388573018,0
103725,1.43265547799,0
103726,1.49630880062,0
103727,1.61631588896,0
103728,1.88727606412,0
103729,1.74047137327,0
103730,1.6164881547,0
103731,1.95968529693,0
103732,1.94268440387,0
103733,1.63396781248,0
103734,1.93045910593,0
103735,2.06421117755,0
103736,2.0663365396,0
103737,1.76646124657,0
103738,2.11457996169,0
103739,1.76089712453,0
103740,2.09048914764,0
103741,2.15318420207,0
103742,1.98379003362,0
103743,2.00948483901,0
103744,1.78556154714,0
103745,1.87105022087,0
103746,2.19644194165,0
103747,2.13466582963,0
103748,2.05797938368,0
103749,1.79471060929,0
103750,1.81215022383,0
103751,2.05059861312,0
103752,2.18661003908,0
103753,2.11332063724,0
103754,1.97814291336,0
103755,1.94439686753,0
103756,2.01786978644,0
103757,1.98516857079,0
103758,1.90122150097,0
103759,1.72148592962,0
103760,1.9632509705,0
103761,1.69486040418,0
103762,1.8620751003,0
103763,1.66193673014,0
103764,1.96331772155,0
103765,1.67060817486,0
103766,1.87094196437,0
103767,1.66387503637,0
103768,1.66576501659,0
103769,1.872271195,0
103770,1.50949017284,0
103771,1.61762490369,0
103772,1.4547216161,0
103773,1.75528282071,0
103774,1.46641142628,0
103775,1.35314848829,0
103776,1.61332369613,0
103777,1.69710556986,0
103778,1.39988736294,0
103779,1.59819263693,0
103780,1.39416812655,0
103781,1.54939480601,0
103782,1.47825103974,0
103783,1.06143989721,0
103784,1.35634807051,0
103785,1.4027227674,0
103786,0.976378539115,0
103787,0.933789478144,0
103788,1.24997003386,0
103789,1.22765793803,0
103790,0.9148438713,0
103791,0.940388371671,0
103792,0.703837251847,0
103793,0.723034560242,0
103794,0.974201912474,0
103795,0.974692016143,0
103796,0.800818870668,0
103797,0.882299045511,0
103798,0.508747719227,0
103799,0.801463618437,0
103800,0.638501070203,0
103801,0.70422336474,0
103802,0.918484361002,0
103803,0.720971579466,0
103804,0.543806150647,0
103805,0.393156226557,0
103806,0.669120083259,0
103807,0.302088613426,0
103808,0.373336493259,0
103809,0.41502394868,0
103810,0.556689900246,0
103811,0.301208900853,0
103812,0.387572725136,0
103813,0.16765500304,0
103814,0.0625448477172,0
103815,0.338441339278,0
103816,0.0903147736649,0
103817,-0.123544414811,0
103818,-0.119158628666,0
103819,0.0467785474016,0
103820,0.158977150238,0
103821,-0.20758431224,0
103822,-0.108511643326,0
103823,-0.338455164373,0
103824,-0.370567761529,0
103825,-0.0205799243018,0
103826,-0.0841586082794,0
103827,-0.0433785034015,0
103828,-0.115257552596,0
103829,-0.15114608525,0
103830,-0.342269949555,0
103831,-0.459605041685,0
103832,-0.468766251506,0
103833,-0.25419238383,0
103834,-0.634095271569,0
103835,-0.655292834671,0
103836,-0.260359380931,0
103837,-0.552429890474,0
103838,-0.608417124161,0
103839,-0.714985204739,0
103840,-0.740450782034,0
103841,-0.336834213781,0
103842,-0.708832538758,0
103843,-0.752035096809,0
103844,-0.468743959239,0
103845,-0.448999981109,0
103846,-0.559600301785,0
103847,-0.431463054311,0
103848,-0.633289561341,0
103849,-0.771144138854,0
103850,-0.641894393168,0
103851,-0.389513720961,0
103852,-0.805609045032,0
103853,-0.660129763083,0
103854,-0.777079039463,0
103855,-0.517898296343,0
103856,-0.779617986738,0
103857,-0.388351158532,0
103858,-0.505872514701,0
103859,-0.658415019572,0
103860,-0.735936556677,0
103861,-0.418921130643,0
103862,-0.301224197315,0
103863,-0.28929300722,0
103864,-0.313078008623,0
103865,-0.338320780656,0
103866,-0.4809214973,0
103867,-0.309739041984,0
103868,-0.186942142897,0
103869,-0.397671620542,0
103870,-0.496860685639,0
103871,-0.179849980323,0
103872,-0.15460481549,0
103873,-0.154746052819,0
103874,-0.310054694429,0
103875,-0.375311608134,0
103876,-0.155120844509,0
103877,-0.128687349748,0
103878,-0.000488571549956,0
103879,-0.136151451302,0
103880,-0.20778518496,0
103881,-0.179285256154,0
103882,0.230572472361,0
103883,0.287040654243,0
103884,-0.0583577266653,0
103885,0.391570268495,0
103886,0.33227003368,0
103887,0.467834153027,0
103888,0.424930056983,0
103889,0.548961076722,0
103890,0.568544196909,0
103891,0.223727421189,0
103892,0.442720700545,0
103893,0.53544863457,0
103894,0.372869169277,0
103895,0.495264675378,0
103896,0.437600352117,0
103897,0.789229293234,0
103898,0.92226308663,0
103899,0.792055289017,0
103900,0.673923508574,0
103901,0.906733122321,0
103902,0.927860755328,0
103903,0.81096747427,0
103904,0.816190613802,0
103905,1.16944503994,0
103906,1.28194152957,0
103907,0.997488997497,0
103908,1.37326352161,0
103909,1.00473696103,0
103910,1.45952010715,0
103911,1.21133300637,0
103912,1.34254460372,0
103913,1.23784827854,0
103914,1.4197149408,0
103915,1.53980115412,0
103916,1.64681579074,0
103917,1.37123578008,0
103918,1.74345642752,0
103919,1.51367554738,0
103920,1.53210747252,0
103921,1.51145068449,0
103922,1.78541628516,0
103923,1.59106936485,0
103924,1.6209755253,0
103925,1.63974527311,0
103926,1.70339859574,0
103927,1.82340568408,0
103928,2.09436585925,0
103929,1.9475611684,0
103930,1.82357794982,0
103931,2.16677509205,0
103932,2.14977419899,0
103933,1.8410576076,0
103934,2.13754890105,0
103935,2.27130097268,0
103936,2.27342633473,0
103937,1.97355104169,0
103938,2.32166975681,0
103939,1.96798691965,0
103940,2.29757894276,0
103941,2.36027399719,0
103942,2.19087982874,0
103943,2.21657463413,0
103944,1.99265134226,0
103945,2.07814001599,0
103946,2.40353173678,0
103947,2.34175562475,0
103948,2.2650691788,0
103949,2.00180040441,0
103950,2.01924001895,0
103951,2.25768840824,0
103952,2.3936998342,0
103953,2.32041043237,0
103954,2.18523270848,0
103955,2.15148666265,0
103956,2.22495958156,0
103957,2.19225836591,0
103958,2.10831129609,0
103959,1.92857572474,0
103960,2.17034076562,0
103961,1.9019501993,0
103962,2.06916489542,0
103963,1.86902652526,0
103964,2.17040751667,0
103965,1.87769796999,0
103966,2.07803175949,0
103967,1.87096483149,0
103968,1.87285481171,0
103969,2.07936099012,0
103970,1.71657996796,0
103971,1.82471469881,0
103972,1.66181141123,0
103973,1.96237261583,0
103974,1.6735012214,0
103975,1.56023828342,0
103976,1.82041349125,0
103977,1.90419536498,0
103978,1.60697715806,0
103979,1.80528243205,0
103980,1.60125792168,0
103981,1.75648460113,0
103982,1.68534083486,0
103983,1.26852969233,0
103984,1.56343786564,0
103985,1.60981256253,0
103986,1.18346833424,0
103987,1.14087927327,0
103988,1.45705982898,0
103989,1.43474773316,0
103990,1.12193366642,0
103991,1.14747816679,0
103992,0.910927046969,0
103993,0.930124355364,0
103994,1.1812917076,0
103995,1.18178181127,0
103996,1.00790866579,0
103997,1.08938884063,0
103998,0.715837514349,0
103999,1.00855341356,0
104000,0.709092148848,0
104001,0.774814443384,0
104002,0.989075439646,0
104003,0.79156265811,0
104004,0.614397229292,0
104005,0.463747305201,0
104006,0.739711161903,0
104007,0.372679692071,0
104008,0.443927571903,0
104009,0.485615027324,0
104010,0.62728097889,0
104011,0.371799979497,0
104012,0.45816380378,0
104013,0.238246081684,0
104014,0.133135926361,0
104015,0.409032417922,0
104016,0.160905852309,0
104017,-0.0529533361667,0
104018,-0.0485675500221,0
104019,0.117369626046,0
104020,0.229568228882,0
104021,-0.136993233596,0
104022,-0.0379205646818,0
104023,-0.267864085729,0
104024,-0.299976682885,0
104025,0.0500111543423,0
104026,-0.0135675296353,0
104027,0.0272125752426,0
104028,-0.0446664739517,0
104029,-0.0805550066058,0
104030,-0.271678870911,0
104031,-0.389013963041,0
104032,-0.398175172862,0
104033,-0.183601305186,0
104034,-0.563504192925,0
104035,-0.584701756027,0
104036,-0.189768302287,0
104037,-0.48183881183,0
104038,-0.537826045517,0
104039,-0.644394126095,0
104040,-0.66985970339,0
104041,-0.266243135137,0
104042,-0.638241460114,0
104043,-0.681444018164,0
104044,-0.398152880595,0
104045,-0.378408902465,0
104046,-0.489009223141,0
104047,-0.360871975667,0
104048,-0.562698482697,0
104049,-0.70055306021,0
104050,-0.571303314524,0
104051,-0.318922642317,0
104052,-0.735017966388,0
104053,-0.589538684439,0
104054,-0.706487960819,0
104055,-0.447307217699,0
104056,-0.709026908094,0
104057,-0.317760079888,0
104058,-0.435281436057,0
104059,-0.587823940928,0
104060,-0.665345478033,0
104061,-0.348330051999,0
104062,-0.23063311867,0
104063,-0.218701928576,0
104064,-0.242486929979,0
104065,-0.267729702012,0
104066,-0.410330418656,0
104067,-0.23914796334,0
104068,-0.116351064253,0
104069,-0.327080541898,0
104070,-0.426269606995,0
104071,-0.109258901678,0
104072,-0.0840137368463,0
104073,-0.0841549741748,0
104074,-0.239463615785,0
104075,-0.30472052949,0
104076,-0.0845297658646,0
104077,-0.0580962711041,0
104078,0.0701025070941,0
104079,-0.0655603726577,0
104080,-0.137194106316,0
104081,-0.108694177509,0
104082,0.301163551005,0
104083,0.357631732887,0
104084,0.0122333519788,0
104085,0.462161347139,0
104086,0.402861112324,0
104087,0.538425231671,0
104088,0.495521135627,0
104089,0.619552155366,0
104090,0.639135275553,0
104091,0.294318499833,0
104092,0.513311779189,0
104093,0.606039713214,0
104094,0.443460247921,0
104095,0.565855754022,0
104096,0.508191430761,0
104097,0.859820371878,0
104098,0.992854165274,0
104099,0.862646367661,0
104100,0.744514587218,0
104101,0.977324200965,0
104102,0.998451833972,0
104103,0.881558552914,0
104104,0.886781692446,0
104105,1.24003611858,0
104106,1.35253260822,0
104107,1.06808007614,0
104108,1.44385460025,0
104109,1.07532803968,0
104110,1.53011118579,0
104111,1.28192408502,0
104112,1.41313568237,0
104113,1.30843935719,0
104114,1.49030601944,0
104115,1.61039223276,0
104116,1.71740686939,0
104117,1.44182685872,0
104118,1.81404750617,0
104119,1.58426662603,0
104120,1.60269855116,0
104121,1.58204176313,0
104122,1.8560073638,0
104123,1.66166044349,0
104124,1.69156660395,0
104125,1.71033635175,0
104126,1.77398967439,0
104127,1.89399676272,0
104128,2.16495693789,0
104129,2.01815224704,0
104130,1.89416902847,0
104131,2.23736617069,0
104132,2.22036527763,0
104133,1.91164868624,0
104134,2.20813997969,0
104135,2.34189205132,0
104136,2.34401741337,0
104137,2.04414212034,0
104138,2.39226083546,0
104139,2.0385779983,0
104140,2.3681700214,0
104141,2.43086507583,0
104142,2.26147090739,0
104143,2.28716571277,0
104144,2.0632424209,0
104145,2.14873109464,0
104146,2.47412281542,0
104147,2.41234670339,0
104148,2.33566025744,0
104149,2.07239148306,0
104150,2.08983109759,0
104151,2.32827948689,0
104152,2.46429091284,0
104153,2.39100151101,0
104154,2.25582378712,0
104155,2.2220777413,0
104156,2.29555066021,0
104157,2.26284944455,0
104158,2.17890237474,0
104159,1.99916680338,0
104160,2.24093184427,0
104161,1.97254127794,0
104162,2.13975597407,0
104163,1.93961760391,0
104164,2.24099859531,0
104165,1.94828904863,0
104166,2.14862283813,0
104167,1.94155591014,0
104168,1.94344589036,0
104169,2.14995206877,0
104170,1.78717104661,0
104171,1.89530577745,0
104172,1.73240248987,0
104173,2.03296369447,0
104174,1.74409230005,0
104175,1.63082936206,0
104176,1.89100456989,0
104177,1.97478644363,0
104178,1.67756823671,0
104179,1.8758735107,0
104180,1.67184900032,0
104181,1.82707567978,0
104182,1.75593191351,0
104183,1.33912077097,0
104184,1.63402894428,0
104185,1.68040364117,0
104186,1.25405941288,0
104187,1.21147035191,0
104188,1.52765090762,0
104189,1.5053388118,0
104190,1.19252474507,0
104191,1.21806924544,0
104192,0.981518125613,0
104193,1.00071543401,0
104194,1.25188278624,0
104195,1.25237288991,0
104196,1.07849974443,0
104197,1.15997991928,0
104198,0.786428592993,0
104199,1.0791444922,0
104200,0.889780807659,0
104201,0.955503102195,0
104202,1.16976409846,0
104203,0.972251316921,0
104204,0.795085888103,0
104205,0.644435964012,0
104206,0.920399820715,0
104207,0.553368350882,0
104208,0.624616230714,0
104209,0.666303686136,0
104210,0.807969637701,0
104211,0.552488638309,0
104212,0.638852462591,0
104213,0.418934740496,0
104214,0.313824585173,0
104215,0.589721076733,0
104216,0.34159451112,0
104217,0.127735322645,0
104218,0.132121108789,0
104219,0.298058284857,0
104220,0.410256887693,0
104221,0.0436954252154,0
104222,0.142768094129,0
104223,-0.0871754269177,0
104224,-0.119288024074,0
104225,0.230699813154,0
104226,0.167121129176,0
104227,0.207901234054,0
104228,0.13602218486,0
104229,0.100133652205,0
104230,-0.0909902121002,0
104231,-0.20832530423,0
104232,-0.217486514051,0
104233,-0.00291264637475,0
104234,-0.382815534114,0
104235,-0.404013097216,0
104236,-0.00907964347587,0
104237,-0.301150153018,0
104238,-0.357137386706,0
104239,-0.463705467284,0
104240,-0.489171044578,0
104241,-0.0855544763253,0
104242,-0.457552801302,0
104243,-0.500755359353,0
104244,-0.217464221784,0
104245,-0.197720243654,0
104246,-0.30832056433,0
104247,-0.180183316856,0
104248,-0.382009823886,0
104249,-0.519864401398,0
104250,-0.390614655713,0
104251,-0.138233983506,0
104252,-0.554329307577,0
104253,-0.408850025627,0
104254,-0.525799302008,0
104255,-0.266618558888,0
104256,-0.528338249282,0
104257,-0.137071421076,0
104258,-0.254592777246,0
104259,-0.407135282116,0
104260,-0.484656819222,0
104261,-0.167641393188,0
104262,-0.0499444598592,0
104263,-0.038013269765,0
104264,-0.0617982711673,0
104265,-0.0870410432005,0
104266,-0.229641759844,0
104267,-0.0584593045285,0
104268,0.0643375945584,0
104269,-0.146391883087,0
104270,-0.245580948183,0
104271,0.0714297571328,0
104272,0.096674921965,0
104273,0.0965336846365,0
104274,-0.0587749569737,0
104275,-0.124031870679,0
104276,0.0961588929466,0
104277,0.122592387707,0
104278,0.250791165905,0
104279,0.115128286154,0
104280,0.0434945524951,0
104281,0.0719944813018,0
104282,0.481852209816,0
104283,0.538320391699,0
104284,0.19292201079,0
104285,0.64285000595,0
104286,0.583549771136,0
104287,0.719113890483,0
104288,0.676209794438,0
104289,0.800240814178,0
104290,0.819823934364,0
104291,0.475007158645,0
104292,0.694000438,0
104293,0.786728372025,0
104294,0.624148906733,0
104295,0.746544412833,0
104296,0.688880089572,0
104297,1.04050903069,0
104298,1.17354282409,0
104299,1.04333502647,0
104300,0.925203246029,0
104301,1.15801285978,0
104302,1.17914049278,0
104303,1.06224721172,0
104304,1.06747035126,0
104305,1.42072477739,0
104306,1.53322126703,0
104307,1.24876873495,0
104308,1.62454325907,0
104309,1.25601669849,0
104310,1.7107998446,0
104311,1.46261274383,0
104312,1.59382434118,0
104313,1.489128016,0
104314,1.67099467825,0
104315,1.79108089157,0
104316,1.8980955282,0
104317,1.62251551754,0
104318,1.99473616498,0
104319,1.76495528484,0
104320,1.78338720997,0
104321,1.76273042194,0
104322,2.03669602261,0
104323,1.8423491023,0
104324,1.87225526276,0
104325,1.89102501056,0
104326,1.9546783332,0
104327,2.07468542153,0
104328,2.3456455967,0
104329,2.19884090585,0
104330,2.07485768728,0
104331,2.4180548295,0
104332,2.40105393644,0
104333,2.09233734505,0
104334,2.38882863851,0
104335,2.52258071013,0
104336,2.52470607218,0
104337,2.22483077915,0
104338,2.57294949427,0
104339,2.21926665711,0
104340,2.54885868022,0
104341,2.61155373465,0
104342,2.4421595662,0
104343,2.46785437159,0
104344,2.24393107972,0
104345,2.32941975345,0
104346,2.65481147423,0
104347,2.5930353622,0
104348,2.51634891626,0
104349,2.25308014187,0
104350,2.27051975641,0
104351,2.5089681457,0
104352,2.64497957166,0
104353,2.57169016982,0
104354,2.43651244593,0
104355,2.40276640011,0
104356,2.47623931902,0
104357,2.44353810336,0
104358,2.35959103355,0
104359,2.17985546219,0
104360,2.42162050308,0
104361,2.15322993675,0
104362,2.32044463288,0
104363,2.12030626272,0
104364,2.42168725412,0
104365,2.12897770744,0
104366,2.32931149694,0
104367,2.12224456895,0
104368,2.12413454917,0
104369,2.33064072758,0
104370,1.96785970542,0
104371,2.07599443627,0
104372,1.91309114868,0
104373,2.21365235329,0
104374,1.92478095886,0
104375,1.81151802087,0
104376,2.07169322871,0
104377,2.15547510244,0
104378,1.85825689552,0
104379,2.05656216951,0
104380,1.85253765913,0
104381,2.00776433859,0
104382,1.93662057232,0
104383,1.51980942979,0
104384,1.81471760309,0
104385,1.86109229998,0
104386,1.43474807169,0
104387,1.39215901072,0
104388,1.70833956643,0
104389,1.68602747061,0
104390,1.37321340388,0
104391,1.39875790425,0
104392,1.16220678442,0
104393,1.18140409282,0
104394,1.43257144505,0
104395,1.43306154872,0
104396,1.25918840325,0
104397,1.34066857809,0
104398,0.967117251804,0
104399,1.25983315101,0
104400,0.904840825308,0
104401,0.970563119844,0
104402,1.18482411611,0
104403,0.98731133457,0
104404,0.810145905752,0
104405,0.659495981661,0
104406,0.935459838364,0
104407,0.568428368531,0
104408,0.639676248363,0
104409,0.681363703785,0
104410,0.82302965535,0
104411,0.567548655957,0
104412,0.65391248024,0
104413,0.433994758145,0
104414,0.328884602821,0
104415,0.604781094382,0
104416,0.356654528769,0
104417,0.142795340293,0
104418,0.147181126438,0
104419,0.313118302506,0
104420,0.425316905342,0
104421,0.0587554428643,0
104422,0.157828111778,0
104423,-0.0721154092688,0
104424,-0.104228006425,0
104425,0.245759830802,0
104426,0.182181146825,0
104427,0.222961251703,0
104428,0.151082202508,0
104429,0.115193669854,0
104430,-0.0759301944513,0
104431,-0.193265286581,0
104432,-0.202426496402,0
104433,0.0121473712742,0
104434,-0.367755516465,0
104435,-0.388953079567,0
104436,0.00598037417303,0
104437,-0.286090135369,0
104438,-0.342077369057,0
104439,-0.448645449635,0
104440,-0.474111026929,0
104441,-0.0704944586764,0
104442,-0.442492783653,0
104443,-0.485695341704,0
104444,-0.202404204135,0
104445,-0.182660226005,0
104446,-0.293260546681,0
104447,-0.165123299207,0
104448,-0.366949806237,0
104449,-0.50480438375,0
104450,-0.375554638064,0
104451,-0.123173965857,0
104452,-0.539269289928,0
104453,-0.393790007979,0
104454,-0.510739284359,0
104455,-0.251558541239,0
104456,-0.513278231633,0
104457,-0.122011403428,0
104458,-0.239532759597,0
104459,-0.392075264467,0
104460,-0.469596801573,0
104461,-0.152581375539,0
104462,-0.0348844422103,0
104463,-0.0229532521161,0
104464,-0.0467382535184,0
104465,-0.0719810255516,0
104466,-0.214581742196,0
104467,-0.0433992868796,0
104468,0.0793976122073,0
104469,-0.131331865438,0
104470,-0.230520930535,0
104471,0.0864897747817,0
104472,0.111734939614,0
104473,0.111593702285,0
104474,-0.0437149393248,0
104475,-0.10897185303,0
104476,0.111218910596,0
104477,0.137652405356,0
104478,0.265851183554,0
104479,0.130188303802,0
104480,0.058554570144,0
104481,0.0870544989507,0
104482,0.496912227465,0
104483,0.553380409348,0
104484,0.207982028439,0
104485,0.657910023599,0
104486,0.598609788785,0
104487,0.734173908131,0
104488,0.691269812087,0
104489,0.815300831827,0
104490,0.834883952013,0
104491,0.490067176294,0
104492,0.709060455649,0
104493,0.801788389674,0
104494,0.639208924381,0
104495,0.761604430482,0
104496,0.703940107221,0
104497,1.05556904834,0
104498,1.18860284173,0
104499,1.05839504412,0
104500,0.940263263678,0
104501,1.17307287743,0
104502,1.19420051043,0
104503,1.07730722937,0
104504,1.08253036891,0
104505,1.43578479504,0
104506,1.54828128468,0
104507,1.2638287526,0
104508,1.63960327671,0
104509,1.27107671614,0
104510,1.72585986225,0
104511,1.47767276148,0
104512,1.60888435883,0
104513,1.50418803365,0
104514,1.6860546959,0
104515,1.80614090922,0
104516,1.91315554585,0
104517,1.63757553518,0
104518,2.00979618263,0
104519,1.78001530249,0
104520,1.79844722762,0
104521,1.77779043959,0
104522,2.05175604026,0
104523,1.85740911995,0
104524,1.88731528041,0
104525,1.90608502821,0
104526,1.96973835085,0
104527,2.08974543918,0
104528,2.36070561435,0
104529,2.2139009235,0
104530,2.08991770493,0
104531,2.43311484715,0
104532,2.41611395409,0
104533,2.1073973627,0
104534,2.40388865616,0
104535,2.53764072778,0
104536,2.53976608983,0
104537,2.2398907968,0
104538,2.58800951192,0
104539,2.23432667476,0
104540,2.56391869786,0
104541,2.62661375229,0
104542,2.45721958385,0
104543,2.48291438923,0
104544,2.25899109736,0
104545,2.3444797711,0
104546,2.66987149188,0
104547,2.60809537985,0
104548,2.5314089339,0
104549,2.26814015952,0
104550,2.28557977405,0
104551,2.52402816335,0
104552,2.6600395893,0
104553,2.58675018747,0
104554,2.45157246358,0
104555,2.41782641776,0
104556,2.49129933667,0
104557,2.45859812101,0
104558,2.3746510512,0
104559,2.19491547984,0
104560,2.43668052073,0
104561,2.1682899544,0
104562,2.33550465053,0
104563,2.13536628037,0
104564,2.43674727177,0
104565,2.14403772509,0
104566,2.34437151459,0
104567,2.1373045866,0
104568,2.13919456682,0
104569,2.34570074523,0
104570,1.98291972307,0
104571,2.09105445391,0
104572,1.92815116633,0
104573,2.22871237093,0
104574,1.93984097651,0
104575,1.82657803852,0
104576,2.08675324635,0
104577,2.17053512009,0
104578,1.87331691317,0
104579,2.07162218716,0
104580,1.86759767678,0
104581,2.02282435624,0
104582,1.95168058997,0
104583,1.53486944743,0
104584,1.82977762074,0
104585,1.87615231763,0
104586,1.44980808934,0
104587,1.40721902837,0
104588,1.72339958408,0
104589,1.70108748826,0
104590,1.38827342153,0
104591,1.4138179219,0
104592,1.17726680207,0
104593,1.19646411047,0
104594,1.4476314627,0
104595,1.44812156637,0
104596,1.27424842089,0
104597,1.35572859574,0
104598,0.982177269453,0
104599,1.27489316866,0
104600,0.779792574873,0
104601,0.845514869409,0
104602,1.05977586567,0
104603,0.862263084135,0
104604,0.685097655317,0
104605,0.534447731226,0
104606,0.810411587928,0
104607,0.443380118096,0
104608,0.514627997928,0
104609,0.556315453349,0
104610,0.697981404915,0
104611,0.442500405522,0
104612,0.528864229805,0
104613,0.30894650771,0
104614,0.203836352386,0
104615,0.479732843947,0
104616,0.231606278334,0
104617,0.0177470898584,0
104618,0.0221328760029,0
104619,0.188070052071,0
104620,0.300268654907,0
104621,-0.0662928075708,0
104622,0.0327798613433,0
104623,-0.197163659704,0
104624,-0.22927625686,0
104625,0.120711580367,0
104626,0.0571328963897,0
104627,0.0979130012676,0
104628,0.0260339520733,0
104629,-0.00985458058076,0
104630,-0.200978444886,0
104631,-0.318313537016,0
104632,-0.327474746837,0
104633,-0.112900879161,0
104634,-0.4928037669,0
104635,-0.514001330002,0
104636,-0.119067876262,0
104637,-0.411138385805,0
104638,-0.467125619492,0
104639,-0.57369370007,0
104640,-0.599159277365,0
104641,-0.195542709112,0
104642,-0.567541034089,0
104643,-0.610743592139,0
104644,-0.32745245457,0
104645,-0.30770847644,0
104646,-0.418308797116,0
104647,-0.290171549642,0
104648,-0.491998056672,0
104649,-0.629852634185,0
104650,-0.500602888499,0
104651,-0.248222216292,0
104652,-0.664317540363,0
104653,-0.518838258414,0
104654,-0.635787534794,0
104655,-0.376606791674,0
104656,-0.638326482068,0
104657,-0.247059653863,0
104658,-0.364581010032,0
104659,-0.517123514903,0
104660,-0.594645052008,0
104661,-0.277629625974,0
104662,-0.159932692645,0
104663,-0.148001502551,0
104664,-0.171786503953,0
104665,-0.197029275987,0
104666,-0.339629992631,0
104667,-0.168447537315,0
104668,-0.0456506382277,0
104669,-0.256380115873,0
104670,-0.35556918097,0
104671,-0.0385584756534,0
104672,-0.0133133108212,0
104673,-0.0134545481497,0
104674,-0.16876318976,0
104675,-0.234020103465,0
104676,-0.0138293398396,0
104677,0.0126041549209,0
104678,0.140802933119,0
104679,0.00514005336732,0
104680,-0.0664936802911,0
104681,-0.0379937514844,0
104682,0.37186397703,0
104683,0.428332158912,0
104684,0.0829337780038,0
104685,0.532861773164,0
104686,0.473561538349,0
104687,0.609125657696,0
104688,0.566221561652,0
104689,0.690252581392,0
104690,0.709835701578,0
104691,0.365018925859,0
104692,0.584012205214,0
104693,0.676740139239,0
104694,0.514160673946,0
104695,0.636556180047,0
104696,0.578891856786,0
104697,0.930520797903,0
104698,1.0635545913,0
104699,0.933346793686,0
104700,0.815215013243,0
104701,1.04802462699,0
104702,1.06915226,0
104703,0.952258978939,0
104704,0.957482118471,0
104705,1.31073654461,0
104706,1.42323303424,0
104707,1.13878050217,0
104708,1.51455502628,0
104709,1.1460284657,0
104710,1.60081161182,0
104711,1.35262451104,0
104712,1.48383610839,0
104713,1.37913978321,0
104714,1.56100644547,0
104715,1.68109265879,0
104716,1.78810729541,0
104717,1.51252728475,0
104718,1.88474793219,0
104719,1.65496705205,0
104720,1.67339897719,0
104721,1.65274218916,0
104722,1.92670778982,0
104723,1.73236086951,0
104724,1.76226702997,0
104725,0.917225982256,1
104726,1.09635163894,1
104727,1.27301482663,1
104728,1.44439354943,1
104729,1.60775022484,1
104730,1.76047541354,1
104731,1.90012950226,1
104732,2.02448167388,1
104733,2.13154554219,1
104734,2.21961088223,1
104735,2.28727094913,1
104736,2.33344494938,1
104737,2.3573953052,1
104738,2.35873943658,1
104739,2.33745587252,1
104740,2.29388459405,1
104741,2.22872160337,1
104742,2.14300780604,1
104743,2.03811238363,1
104744,1.91571092266,1
104745,1.7777586489,1
104746,1.6264591949,1
104747,1.46422939942,1
104748,1.29366070114,1
104749,1.11747774332,1
104750,0.938494850724,1
104751,0.759571073937,1
104752,0.583564519221,1
104753,0.413286693496,1
104754,0.251457593677,1
104755,0.100662257775,1
104756,-0.0366905281777,1
104757,-0.158406707777,1
104758,-0.262542001834,1
104759,-0.347432966051,1
104760,-0.41172356267,1
104761,-0.45438682166,1
104762,-0.474741245401,1
104763,-0.472461694847,1
104764,-0.447584583256,1
104765,-0.400507294531,1
104766,-0.331981835455,1
104767,-0.24310282323,1
104768,-0.135290000197,1
104769,-0.0102655550488,1
104770,0.129973387203,1
104771,0.28318666705,1
104772,0.446926874524,1
104773,0.618578443815,1
104774,0.795399433999,1
104775,0.974565328465,1
104776,1.15321415339,1
104777,1.32849219455,1
104778,1.49759958221,1
104779,1.6578350159,1
104780,1.80663891462,1
104781,1.94163430331,1
104782,2.06066478234,1
104783,2.16182897358,1
104784,2.24351089275,1
104785,2.30440576298,1
104786,2.34354085716,1
104787,2.36029103613,1
104788,2.35438873461,1
104789,2.32592823523,1
104790,2.27536416248,1
104791,2.20350422061,1
104792,2.11149629143,1
104793,2.00081009823,1
104794,1.87321372853,1
104795,1.73074539098,1
104796,1.57568085715,1
104797,1.41049710872,1
104798,1.23783277044,1
104799,1.06044596109,1
104800,0.800821671256,1
104801,0.622520757873,1
104802,0.448042813326,1
104803,0.280174926705,1
104804,0.121598598855,1
104805,-0.0251530915892,1
104806,-0.157735951286,1
104807,-0.274032118045,1
104808,-0.372183891292,1
104809,-0.450623406748,1
104810,-0.508097681301,1
104811,-0.543688628003,1
104812,-0.556827721476,1
104813,-0.547305079468,1
104814,-0.515272815483,1
104815,-0.461242608942,1
104816,-0.386077531676,1
104817,-0.290978261328,1
104818,-0.177463901872,1
104819,-0.0473477176362,1
104820,0.0972918315554,1
104821,0.254144291446,1
104822,0.420704120253,1
104823,0.594310711887,1
104824,0.772190896138,1
104825,0.951503236959,1
104826,1.12938342121,1
104827,1.30299001284,1
104828,1.46954984165,1
104829,1.62640230154,1
104830,1.77104185073,1
104831,1.90115803497,1
104832,2.01467239442,1
104833,2.10977166477,1
104834,2.18493674204,1
104835,2.23896694858,1
104836,2.27099921256,1
104837,2.28052185457,1
104838,2.2673827611,1
104839,2.2317918144,1
104840,2.17431753984,1
104841,2.09587802439,1
104842,1.99772625114,1
104843,1.88143008438,1
104844,1.74884722469,1
104845,1.60209553424,1
104846,1.44351920639,1
104847,1.27565131977,1
104848,1.10117337522,1
104849,0.922872461841,1
104850,0.743596736347,1
104851,0.566209926993,1
104852,0.393545588716,1
104853,0.228361840287,1
104854,0.0732973064589,1
104855,-0.0691710310963,1
104856,-0.196767400787,1
104857,-0.307453593996,1
104858,-0.399461523172,1
104859,-0.471321465042,1
104860,-0.521885537788,1
104861,-0.550346037169,1
104862,-0.556248338692,1
104863,-0.539498159722,1
104864,-0.500363065545,1
104865,-0.439468195312,1
104866,-0.357786276143,1
104867,-0.256622084906,1
104868,-0.137591605871,1
104869,-0.00259621717798,1
104870,0.146207681541,1
104871,0.306443115226,1
104872,0.475550502889,1
104873,0.65082854405,1
104874,0.829477368973,1
104875,1.00864326344,1
104876,1.18546425362,1
104877,1.35711582291,1
104878,1.52085603039,1
104879,1.67406931024,1
104880,1.81430825249,1
104881,1.93933269764,1
104882,2.04714552067,1
104883,2.13602453289,1
104884,2.20454999197,1
104885,2.25162728069,1
104886,2.27650439228,1
104887,2.27878394284,1
104888,2.2584295191,1
104889,2.21576626011,1
104890,2.15147566349,1
104891,2.06658469927,1
104892,1.96244940521,1
104893,1.84073322562,1
104894,1.70338043966,1
104895,1.55258510376,1
104896,1.39075600394,1
104897,1.22047817822,1
104898,1.0444716235,1
104899,0.865547846714,1
104900,0.686564954122,1
104901,0.510381996301,1
104902,0.339813298013,1
104903,0.177583502534,1
104904,0.026284048539,1
104905,-0.11166822522,1
104906,-0.234069686195,1
104907,-0.338965108599,1
104908,-0.424678905934,1
104909,-0.489841896613,1
104910,-0.533413175085,1
104911,-0.554696739142,1
104912,-0.553352607765,1
104913,-0.529402251943,1
104914,-0.483228251696,1
104915,-0.415568184788,1
104916,-0.327502844754,1
104917,-0.220438976437,1
104918,-0.0960868048187,1
104919,0.0435672839023,1
104920,0.196292472597,1
104921,0.359649148003,1
104922,0.531027870805,1
104923,0.707691058497,1
104924,0.886816715182,1
104925,1.70068821344,0
104926,1.76434153607,0
104927,1.88434862441,0
104928,2.15530879957,0
104929,2.00850410873,0
104930,1.88452089015,0
104931,2.22771803238,0
104932,2.21071713932,0
104933,1.90200054793,0
104934,2.19849184138,0
104935,2.332243913,0
104936,2.33436927505,0
104937,2.03449398202,0
104938,2.38261269714,0
104939,2.02892985998,0
104940,2.35852188309,0
104941,2.42121693752,0
104942,2.25182276907,0
104943,2.27751757446,0
104944,2.05359428259,0
104945,2.13908295632,0
104946,2.4644746771,0
104947,2.40269856508,0
104948,2.32601211913,0
104949,2.06274334474,0
104950,2.08018295928,0
104951,2.31863134857,0
104952,2.45464277453,0
104953,2.38135337269,0
104954,2.24617564881,0
104955,2.21242960298,0
104956,2.28590252189,0
104957,2.25320130624,0
104958,2.16925423642,0
104959,1.98951866507,0
104960,2.23128370595,0
104961,1.96289313963,0
104962,2.13010783575,0
104963,1.92996946559,0
104964,2.231350457,0
104965,1.93864091031,0
104966,2.13897469982,0
104967,1.93190777182,0
104968,1.93379775204,0
104969,2.14030393045,0
104970,1.77752290829,0
104971,1.88565763914,0
104972,1.72275435155,0
104973,2.02331555616,0
104974,1.73444416173,0
104975,1.62118122374,0
104976,1.88135643158,0
104977,1.96513830531,0
104978,1.66792009839,0
104979,1.86622537238,0
104980,1.662200862,0
104981,1.81742754146,0
104982,1.74628377519,0
104983,1.32947263266,0
104984,1.62438080596,0
104985,1.67075550285,0
104986,1.24441127457,0
104987,1.20182221359,0
104988,1.51800276931,0
104989,1.49569067348,0
104990,1.18287660675,0
104991,1.20842110712,0
104992,0.971869987297,0
104993,0.991067295693,0
104994,1.24223464792,0
104995,1.24272475159,0
104996,1.06885160612,0
104997,1.15033178096,0
104998,0.776780454677,0
104999,1.06949635389,0
105000,0.730699952951,0
105001,0.796422247487,0
105002,1.01068324375,0
105003,0.813170462213,0
105004,0.636005033395,0
105005,0.485355109304,0
105006,0.761318966007,0
105007,0.394287496174,0
105008,0.465535376006,0
105009,0.507222831428,0
105010,0.648888782993,0
105011,0.393407783601,0
105012,0.479771607884,0
105013,0.259853885788,0
105014,0.154743730465,0
105015,0.430640222026,0
105016,0.182513656413,0
105017,-0.0313455320632,0
105018,-0.0269597459187,0
105019,0.138977430149,0
105020,0.251176032985,0
105021,-0.115385429492,0
105022,-0.0163127605783,0
105023,-0.246256281625,0
105024,-0.278368878782,0
105025,0.0716189584458,0
105026,0.00804027446814,0
105027,0.0488203793461,0
105028,-0.0230586698482,0
105029,-0.0589472025023,0
105030,-0.250071066808,0
105031,-0.367406158938,0
105032,-0.376567368759,0
105033,-0.161993501083,0
105034,-0.541896388822,0
105035,-0.563093951924,0
105036,-0.168160498184,0
105037,-0.460231007726,0
105038,-0.516218241414,0
105039,-0.622786321991,0
105040,-0.648251899286,0
105041,-0.244635331033,0
105042,-0.61663365601,0
105043,-0.659836214061,0
105044,-0.376545076492,0
105045,-0.356801098362,0
105046,-0.467401419038,0
105047,-0.339264171564,0
105048,-0.541090678594,0
105049,-0.678945256106,0
105050,-0.54969551042,0
105051,-0.297314838214,0
105052,-0.713410162285,0
105053,-0.567930880335,0
105054,-0.684880156716,0
105055,-0.425699413596,0
105056,-0.68741910399,0
105057,-0.296152275784,0
105058,-0.413673631954,0
105059,-0.566216136824,0
105060,-0.64373767393,0
105061,-0.326722247896,0
105062,-0.209025314567,0
105063,-0.197094124473,0
105064,-0.220879125875,0
105065,-0.246121897908,0
105066,-0.388722614552,0
105067,-0.217540159236,0
105068,-0.0947432601493,0
105069,-0.305472737794,0
105070,-0.404661802891,0
105071,-0.087651097575,0
105072,-0.0624059327428,0
105073,-0.0625471700713,0
105074,-0.217855811681,0
105075,-0.283112725387,0
105076,-0.0629219617612,0
105077,-0.0364884670007,0
105078,0.0917103111976,0
105079,-0.0439525685542,0
105080,-0.115586302213,0
105081,-0.087086373406,0
105082,0.322771355108,0
105083,0.379239536991,0
105084,0.0338411560823,0
105085,0.483769151243,0
105086,0.424468916428,0
105087,0.560033035775,0
105088,0.51712893973,0
105089,0.64115995947,0
105090,0.660743079657,0
105091,0.315926303937,0
105092,0.534919583292,0
105093,0.627647517318,0
105094,0.465068052025,0
105095,0.587463558126,0
105096,0.529799234865,0
105097,0.881428175981,0
105098,1.01446196938,0
105099,0.884254171765,0
105100,0.766122391321,0
105101,0.998932005069,0
105102,1.02005963808,0
105103,0.903166357017,0
105104,0.908389496549,0
105105,1.26164392269,0
105106,1.37414041232,0
105107,1.08968788024,0
105108,1.46546240436,0
105109,1.09693584378,0
105110,1.55171898989,0
105111,1.30353188912,0
105112,1.43474348647,0
105113,1.33004716129,0
105114,1.51191382355,0
105115,1.63200003686,0
105116,1.73901467349,0
105117,1.46343466283,0
105118,1.83565531027,0
105119,1.60587443013,0
105120,1.62430635526,0
105121,1.60364956724,0
105122,1.8776151679,0
105123,1.68326824759,0
105124,1.71317440805,0
105125,1.73194415586,0
105126,1.79559747849,0
105127,1.91560456683,0
105128,2.18656474199,0
105129,2.03976005114,0
105130,1.91577683257,0
105131,2.2589739748,0
105132,2.24197308174,0
105133,1.93325649035,0
105134,2.2297477838,0
105135,2.36349985542,0
105136,2.36562521747,0
105137,2.06574992444,0
105138,2.41386863956,0
105139,2.0601858024,0
105140,2.38977782551,0
105141,2.45247287994,0
105142,2.28307871149,0
105143,2.30877351688,0
105144,2.08485022501,0
105145,2.17033889874,0
105146,2.49573061952,0
105147,2.4339545075,0
105148,2.35726806155,0
105149,2.09399928716,0
105150,2.1114389017,0
105151,2.34988729099,0
105152,2.48589871695,0
105153,2.41260931511,0
105154,2.27743159123,0
105155,2.2436855454,0
105156,2.31715846431,0
105157,2.28445724866,0
105158,2.20051017884,0
105159,2.02077460749,0
105160,2.26253964837,0
105161,1.99414908205,0
105162,2.16136377817,0
105163,1.96122540801,0
105164,2.26260639942,0
105165,1.96989685273,0
105166,2.17023064224,0
105167,1.96316371424,0
105168,1.96505369446,0
105169,2.17155987287,0
105170,1.80877885071,0
105171,1.91691358156,0
105172,1.75401029397,0
105173,2.05457149858,0
105174,1.76570010415,0
105175,1.65243716616,0
105176,1.912612374,0
105177,1.99639424773,0
105178,1.69917604081,0
105179,1.8974813148,0
105180,1.69345680442,0
105181,1.84868348388,0
105182,1.77753971761,0
105183,1.36072857508,0
105184,1.65563674838,0
105185,1.70201144527,0
105186,1.27566721698,0
105187,1.23307815601,0
105188,1.54925871173,0
105189,1.5269466159,0
105190,1.21413254917,0
105191,1.23967704954,0
105192,1.00312592972,0
105193,1.02232323811,0
105194,1.27349059034,0
105195,1.27398069401,0
105196,1.10010754854,0
105197,1.18158772338,0
105198,0.808036397097,0
105199,1.10075229631,0
105200,0.756203461508,0
105201,0.821925756044,0
105202,1.03618675231,0
105203,0.83867397077,0
105204,0.661508541952,0
105205,0.510858617861,0
105206,0.786822474564,0
105207,0.419791004731,0
105208,0.491038884563,0
105209,0.532726339985,0
105210,0.67439229155,0
105211,0.418911292158,0
105212,0.505275116441,0
105213,0.285357394345,0
105214,0.180247239022,0
105215,0.456143730583,0
105216,0.208017164969,0
105217,-0.00584202350631,0
105218,-0.00145623736176,0
105219,0.164480938706,0
105220,0.276679541542,0
105221,-0.0898819209355,0
105222,0.00919074797859,0
105223,-0.220752773069,0
105224,-0.252865370225,0
105225,0.0971224670027,0
105226,0.033543783025,0
105227,0.074323887903,0
105228,0.00244483870866,0
105229,-0.0334436939454,0
105230,-0.224567558251,0
105231,-0.341902650381,0
105232,-0.351063860202,0
105233,-0.136489992526,0
105234,-0.516392880265,0
105235,-0.537590443367,0
105236,-0.142656989627,0
105237,-0.434727499169,0
105238,-0.490714732857,0
105239,-0.597282813435,0
105240,-0.622748390729,0
105241,-0.219131822476,0
105242,-0.591130147453,0
105243,-0.634332705504,0
105244,-0.351041567935,0
105245,-0.331297589805,0
105246,-0.441897910481,0
105247,-0.313760663007,0
105248,-0.515587170037,0
105249,-0.653441747549,0
105250,-0.524192001864,0
105251,-0.271811329657,0
105252,-0.687906653728,0
105253,-0.542427371778,0
105254,-0.659376648159,0
105255,-0.400195905039,0
105256,-0.661915595433,0
105257,-0.270648767227,0
105258,-0.388170123397,0
105259,-0.540712628267,0
105260,-0.618234165373,0
105261,-0.301218739339,0
105262,-0.18352180601,0
105263,-0.171590615916,0
105264,-0.195375617318,0
105265,-0.220618389351,0
105266,-0.363219105995,0
105267,-0.192036650679,0
105268,-0.0692397515924,0
105269,-0.279969229238,0
105270,-0.379158294334,0
105271,-0.0621475890181,0
105272,-0.0369024241859,0
105273,-0.0370436615144,0
105274,-0.192352303125,0
105275,-0.25760921683,0
105276,-0.0374184532043,0
105277,-0.0109849584438,0
105278,0.117213819755,0
105279,-0.0184490599973,0
105280,-0.0900827936557,0
105281,-0.0615828648491,0
105282,0.348274863665,0
105283,0.404743045548,0
105284,0.0593446646392,0
105285,0.509272659799,0
105286,0.449972424985,0
105287,0.585536544332,0
105288,0.542632448287,0
105289,0.666663468027,0
105290,0.686246588213,0
105291,0.341429812494,0
105292,0.560423091849,0
105293,0.653151025875,0
105294,0.490571560582,0
105295,0.612967066683,0
105296,0.555302743422,0
105297,0.906931684538,0
105298,1.03996547793,0
105299,0.909757680322,0
105300,0.791625899878,0
105301,1.02443551363,0
105302,1.04556314663,0
105303,0.928669865574,0
105304,0.933893005106,0
105305,1.28714743124,0
105306,1.39964392088,0
105307,1.1151913888,0
105308,1.49096591291,0
105309,1.12243935234,0
105310,1.57722249845,0
105311,1.32903539768,0
105312,1.46024699503,0
105313,1.35555066985,0
105314,1.5374173321,0
105315,1.65750354542,0
105316,1.76451818205,0
105317,1.48893817138,0
105318,1.86115881883,0
105319,1.63137793869,0
105320,1.64980986382,0
105321,1.62915307579,0
105322,1.90311867646,0
105323,1.70877175615,0
105324,1.73867791661,0
105325,1.75744766441,0
105326,1.82110098705,0
105327,1.94110807538,0
105328,2.21206825055,0
105329,2.0652635597,0
105330,1.94128034113,0
105331,2.28447748335,0
105332,2.26747659029,0
105333,1.9587599989,0
105334,2.25525129236,0
105335,2.38900336398,0
105336,2.39112872603,0
105337,2.091253433,0
105338,2.43937214812,0
105339,2.08568931096,0
105340,2.41528133406,0
105341,2.4779763885,0
105342,2.30858222005,0
105343,2.33427702543,0
105344,2.11035373356,0
105345,2.1958424073,0
105346,2.52123412808,0
105347,2.45945801605,0
105348,2.3827715701,0
105349,2.11950279572,0
105350,2.13694241025,0
105351,2.37539079955,0
105352,2.5114022255,0
105353,2.43811282367,0
105354,2.30293509978,0
105355,2.26918905396,0
105356,2.34266197287,0
105357,2.30996075721,0
105358,2.2260136874,0
105359,2.04627811604,0
105360,2.28804315693,0
105361,2.0196525906,0
105362,2.18686728673,0
105363,1.98672891657,0
105364,2.28810990797,0
105365,1.99540036129,0
105366,2.19573415079,0
105367,1.9886672228,0
105368,1.99055720302,0
105369,2.19706338143,0
105370,1.83428235927,0
105371,1.94241709011,0
105372,1.77951380253,0
105373,2.08007500713,0
105374,1.79120361271,0
105375,1.67794067472,0
105376,1.93811588255,0
105377,2.02189775629,0
105378,1.72467954937,0
105379,1.92298482336,0
105380,1.71896031298,0
105381,1.87418699244,0
105382,1.80304322617,0
105383,1.38623208363,0
105384,1.68114025694,0
105385,1.72751495383,0
105386,1.30117072554,0
105387,1.25858166457,0
105388,1.57476222028,0
105389,1.55245012446,0
105390,1.23963605773,0
105391,1.2651805581,0
105392,1.02862943827,0
105393,1.04782674667,0
105394,1.2989940989,0
105395,1.29948420257,0
105396,1.12561105709,0
105397,1.20709123194,0
105398,0.833539905654,0
105399,1.12625580486,0
105400,0.595479676001,0
105401,0.661201970538,0
105402,0.8754629668,0
105403,0.677950185264,0
105404,0.500784756445,0
105405,0.350134832355,0
105406,0.626098689057,0
105407,0.259067219225,0
105408,0.330315099057,0
105409,0.372002554478,0
105410,0.513668506044,0
105411,0.258187506651,0
105412,0.344551330934,0
105413,0.124633608838,0
105414,0.0195234535153,0
105415,0.295419945076,0
105416,0.047293379463,0
105417,-0.166565809013,0
105418,-0.162180022868,0
105419,0.00375715319962,0
105420,0.115955756036,0
105421,-0.250605706442,0
105422,-0.151533037528,0
105423,-0.381476558575,0
105424,-0.413589155731,0
105425,-0.0636013185037,0
105426,-0.127180002481,0
105427,-0.0863998976035,0
105428,-0.158278946798,0
105429,-0.194167479452,0
105430,-0.385291343757,0
105431,-0.502626435887,0
105432,-0.511787645708,0
105433,-0.297213778032,0
105434,-0.677116665771,0
105435,-0.698314228873,0
105436,-0.303380775133,0
105437,-0.595451284676,0
105438,-0.651438518363,0
105439,-0.758006598941,0
105440,-0.783472176236,0
105441,-0.379855607983,0
105442,-0.75185393296,0
105443,-0.795056491011,0
105444,-0.511765353441,0
105445,-0.492021375311,0
105446,-0.602621695987,0
105447,-0.474484448513,0
105448,-0.676310955543,0
105449,-0.814165533056,0
105450,-0.68491578737,0
105451,-0.432535115163,0
105452,-0.848630439234,0
105453,-0.703151157285,0
105454,-0.820100433665,0
105455,-0.560919690545,0
105456,-0.82263938094,0
105457,-0.431372552734,0
105458,-0.548893908903,0
105459,-0.701436413774,0
105460,-0.778957950879,0
105461,-0.461942524845,0
105462,-0.344245591517,0
105463,-0.332314401422,0
105464,-0.356099402825,0
105465,-0.381342174858,0
105466,-0.523942891502,0
105467,-0.352760436186,0
105468,-0.229963537099,0
105469,-0.440693014744,0
105470,-0.539882079841,0
105471,-0.222871374525,0
105472,-0.197626209692,0
105473,-0.197767447021,0
105474,-0.353076088631,0
105475,-0.418333002336,0
105476,-0.198142238711,0
105477,-0.17170874395,0
105478,-0.0435099657519,0
105479,-0.179172845504,0
105480,-0.250806579162,0
105481,-0.222306650356,0
105482,0.187551078159,0
105483,0.244019260041,0
105484,-0.101379120867,0
105485,0.348548874293,0
105486,0.289248639478,0
105487,0.424812758825,0
105488,0.381908662781,0
105489,0.50593968252,0
105490,0.525522802707,0
105491,0.180706026987,0
105492,0.399699306343,0
105493,0.492427240368,0
105494,0.329847775075,0
105495,0.452243281176,0
105496,0.394578957915,0
105497,0.746207899032,0
105498,0.879241692428,0
105499,0.749033894815,0
105500,0.630902114372,0
105501,0.863711728119,0
105502,0.884839361126,0
105503,0.767946080068,0
105504,0.7731692196,0
105505,1.12642364574,0
105506,1.23892013537,0
105507,0.954467603295,0
105508,1.33024212741,0
105509,0.961715566832,0
105510,1.41649871294,0
105511,1.16831161217,0
105512,1.29952320952,0
105513,1.19482688434,0
105514,1.3766935466,0
105515,1.49677975992,0
105516,1.60379439654,0
105517,1.32821438588,0
105518,1.70043503332,0
105519,1.47065415318,0
105520,1.48908607832,0
105521,1.46842929029,0
105522,1.74239489095,0
105523,1.54804797064,0
105524,1.5779541311,0
105525,1.59672387891,0
105526,1.66037720154,0
105527,1.78038428988,0
105528,2.05134446504,0
105529,1.9045397742,0
105530,1.78055655562,0
105531,2.12375369785,0
105532,2.10675280479,0
105533,1.7980362134,0
105534,2.09452750685,0
105535,2.22827957847,0
105536,2.23040494052,0
105537,1.93052964749,0
105538,2.27864836261,0
105539,1.92496552545,0
105540,2.25455754856,0
105541,2.31725260299,0
105542,2.14785843454,0
105543,2.17355323993,0
105544,1.94962994806,0
105545,2.03511862179,0
105546,2.36051034257,0
105547,2.29873423055,0
105548,2.2220477846,0
105549,1.95877901021,0
105550,1.97621862475,0
105551,2.21466701404,0
105552,2.35067844,0
105553,2.27738903816,0
105554,2.14221131428,0
105555,2.10846526845,0
105556,2.18193818736,0
105557,2.14923697171,0
105558,2.06528990189,0
105559,1.88555433054,0
105560,2.12731937142,0
105561,1.8589288051,0
105562,2.02614350122,0
105563,1.82600513106,0
105564,2.12738612247,0
105565,1.83467657578,0
105566,2.03501036529,0
105567,1.82794343729,0
105568,1.82983341751,0
105569,2.03633959592,0
105570,1.67355857376,0
105571,1.78169330461,0
105572,1.61879001702,0
105573,1.91935122163,0
105574,1.6304798272,0
105575,1.51721688921,0
105576,1.77739209705,0
105577,1.86117397078,0
105578,1.56395576386,0
105579,1.76226103785,0
105580,1.55823652747,0
105581,1.71346320693,0
105582,1.64231944066,0
105583,1.22550829813,0
105584,1.52041647143,0
105585,1.56679116832,0
105586,1.14044694004,0
105587,1.09785787906,0
105588,1.41403843478,0
105589,1.39172633895,0
105590,1.07891227222,0
105591,1.10445677259,0
105592,0.867905652767,0
105593,0.887102961163,0
105594,1.13827031339,0
105595,1.13876041706,0
105596,0.964887271588,0
105597,1.04636744643,0
105598,0.672816120147,0
105599,0.965532019357,0
105600,0.399623828228,0
105601,0.465346122764,0
105602,0.679607119026,0
105603,0.48209433749,0
105604,0.304928908672,0
105605,0.154278984581,0
105606,0.430242841284,0
105607,0.0632113714507,0
105608,0.134459251283,0
105609,0.176146706704,0
105610,0.31781265827,0
105611,0.0623316588774,0
105612,0.14869548316,0
105613,-0.0712222389354,0
105614,-0.176332394259,0
105615,0.0995640973022,0
105616,-0.148562468311,0
105617,-0.362421656787,0
105618,-0.358035870642,0
105619,-0.192098694574,0
105620,-0.0799000917379,0
105621,-0.446461554216,0
105622,-0.347388885302,0
105623,-0.577332406349,0
105624,-0.609445003505,0
105625,-0.259457166278,0
105626,-0.323035850255,0
105627,-0.282255745377,0
105628,-0.354134794572,0
105629,-0.390023327226,0
105630,-0.581147191531,0
105631,-0.698482283661,0
105632,-0.707643493482,0
105633,-0.493069625806,0
105634,-0.872972513545,0
105635,-0.894170076647,0
105636,-0.499236622907,0
105637,-0.791307132449,0
105638,-0.847294366137,0
105639,-0.953862446715,0
105640,-0.979328024009,0
105641,-0.575711455756,0
105642,-0.947709780734,0
105643,-0.990912338784,0
105644,-0.707621201215,0
105645,-0.687877223085,0
105646,-0.798477543761,0
105647,-0.670340296287,0
105648,-0.872166803317,0
105649,-1.01002138083,0
105650,-0.880771635144,0
105651,-0.628390962937,0
105652,-1.04448628701,0
105653,-0.899007005059,0
105654,-1.01595628144,0
105655,-0.756775538319,0
105656,-1.01849522871,0
105657,-0.627228400508,0
105658,-0.744749756677,0
105659,-0.897292261548,0
105660,-0.974813798653,0
105661,-0.657798372619,0
105662,-0.54010143929,0
105663,-0.528170249196,0
105664,-0.551955250598,0
105665,-0.577198022632,0
105666,-0.719798739276,0
105667,-0.54861628396,0
105668,-0.425819384873,0
105669,-0.636548862518,0
105670,-0.735737927615,0
105671,-0.418727222298,0
105672,-0.393482057466,0
105673,-0.393623294795,0
105674,-0.548931936405,0
105675,-0.61418885011,0
105676,-0.393998086485,0
105677,-0.367564591724,0
105678,-0.239365813526,0
105679,-0.375028693278,0
105680,-0.446662426936,0
105681,-0.418162498129,0
105682,-0.00830476961495,0
105683,0.0481634122675,0
105684,-0.297234968641,0
105685,0.152693026519,0
105686,0.0933927917046,0
105687,0.228956911051,0
105688,0.186052815007,0
105689,0.310083834747,0
105690,0.329666954933,0
105691,-0.0151498207864,0
105692,0.203843458569,0
105693,0.296571392594,0
105694,0.133991927301,0
105695,0.256387433402,0
105696,0.198723110141,0
105697,0.550352051258,0
105698,0.683385844654,0
105699,0.553178047042,0
105700,0.435046266598,0
105701,0.667855880345,0
105702,0.688983513352,0
105703,0.572090232294,0
105704,0.577313371826,0
105705,0.930567797964,0
105706,1.0430642876,0
105707,0.758611755521,0
105708,1.13438627963,0
105709,0.765859719058,0
105710,1.22064286517,0
105711,0.972455764397,0
105712,1.10366736175,0
105713,0.998971036566,0
105714,1.18083769882,0
105715,1.30092391214,0
105716,1.40793854877,0
105717,1.1323585381,0
105718,1.50457918555,0
105719,1.27479830541,0
105720,1.29323023054,0
105721,1.27257344251,0
105722,1.54653904318,0
105723,1.35219212287,0
105724,1.38209828333,0
105725,1.40086803113,0
105726,1.46452135377,0
105727,1.5845284421,0
105728,1.85548861727,0
105729,1.70868392642,0
105730,1.58470070785,0
105731,1.92789785007,0
105732,1.91089695701,0
105733,1.60218036562,0
105734,1.89867165908,0
105735,2.0324237307,0
105736,2.03454909275,0
105737,1.73467379972,0
105738,2.08279251484,0
105739,1.72910967768,0
105740,2.05870170078,0
105741,2.12139675521,0
105742,1.95200258677,0
105743,1.97769739215,0
105744,1.75377410028,0
105745,1.83926277402,0
105746,2.1646544948,0
105747,2.10287838277,0
105748,2.02619193682,0
105749,1.76292316244,0
105750,1.78036277697,0
105751,2.01881116627,0
105752,2.15482259222,0
105753,2.08153319039,0
105754,1.9463554665,0
105755,1.91260942068,0
105756,1.98608233959,0
105757,1.95338112393,0
105758,1.86943405412,0
105759,1.68969848276,0
105760,1.93146352365,0
105761,1.66307295732,0
105762,1.83028765345,0
105763,1.63014928329,0
105764,1.93153027469,0
105765,1.63882072801,0
105766,1.83915451751,0
105767,1.63208758952,0
105768,1.63397756974,0
105769,1.84048374815,0
105770,1.47770272599,0
105771,1.58583745683,0
105772,1.42293416925,0
105773,1.72349537385,0
105774,1.43462397943,0
105775,1.32136104144,0
105776,1.58153624927,0
105777,1.66531812301,0
105778,1.36809991609,0
105779,1.56640519008,0
105780,1.3623806797,0
105781,1.51760735916,0
105782,1.44646359289,0
105783,1.02965245035,0
105784,1.32456062366,0
105785,1.37093532055,0
105786,0.944591092261,0
105787,0.902002031291,0
105788,1.218182587,0
105789,1.19587049118,0
105790,0.883056424447,0
105791,0.908600924817,0
105792,0.672049804993,0
105793,0.691247113389,0
105794,0.94241446562,0
105795,0.94290456929,0
105796,0.769031423814,0
105797,0.850511598658,0
105798,0.476960272373,0
105799,0.769676171583,0
105800,0.550586863936,0
105801,0.616309158472,0
105802,0.830570154734,0
105803,0.633057373199,0
105804,0.45589194438,0
105805,0.30524202029,0
105806,0.581205876992,0
105807,0.214174407159,0
105808,0.285422286991,0
105809,0.327109742413,0
105810,0.468775693978,0
105811,0.213294694586,0
105812,0.299658518869,0
105813,0.0797407967731,0
105814,-0.0253693585501,0
105815,0.250527133011,0
105816,0.00240056739761,0
105817,-0.211458621078,0
105818,-0.207072834934,0
105819,-0.0411356588657,0
105820,0.0710629439705,0
105821,-0.295498518507,0
105822,-0.196425849593,0
105823,-0.42636937064,0
105824,-0.458481967797,0
105825,-0.108494130569,0
105826,-0.172072814547,0
105827,-0.131292709669,0
105828,-0.203171758863,0
105829,-0.239060291517,0
105830,-0.430184155823,0
105831,-0.547519247952,0
105832,-0.556680457774,0
105833,-0.342106590097,0
105834,-0.722009477837,0
105835,-0.743207040939,0
105836,-0.348273587199,0
105837,-0.640344096741,0
105838,-0.696331330429,0
105839,-0.802899411006,0
105840,-0.828364988301,0
105841,-0.424748420048,0
105842,-0.796746745025,0
105843,-0.839949303076,0
105844,-0.556658165507,0
105845,-0.536914187377,0
105846,-0.647514508053,0
105847,-0.519377260578,0
105848,-0.721203767609,0
105849,-0.859058345121,0
105850,-0.729808599435,0
105851,-0.477427927229,0
105852,-0.893523251299,0
105853,-0.74804396935,0
105854,-0.864993245731,0
105855,-0.605812502611,0
105856,-0.867532193005,0
105857,-0.476265364799,0
105858,-0.593786720968,0
105859,-0.746329225839,0
105860,-0.823850762945,0
105861,-0.50683533691,0
105862,-0.389138403582,0
105863,-0.377207213488,0
105864,-0.40099221489,0
105865,-0.426234986923,0
105866,-0.568835703567,0
105867,-0.397653248251,0
105868,-0.274856349164,0
105869,-0.485585826809,0
105870,-0.584774891906,0
105871,-0.26776418659,0
105872,-0.242519021758,0
105873,-0.242660259086,0
105874,-0.397968900696,0
105875,-0.463225814402,0
105876,-0.243035050776,0
105877,-0.216601556016,0
105878,-0.0884027778173,0
105879,-0.224065657569,0
105880,-0.295699391228,0
105881,-0.267199462421,0
105882,0.142658266094,0
105883,0.199126447976,0
105884,-0.146271932933,0
105885,0.303656062228,0
105886,0.244355827413,0
105887,0.37991994676,0
105888,0.337015850715,0
105889,0.461046870455,0
105890,0.480629990642,0
105891,0.135813214922,0
105892,0.354806494278,0
105893,0.447534428303,0
105894,0.28495496301,0
105895,0.407350469111,0
105896,0.34968614585,0
105897,0.701315086966,0
105898,0.834348880363,0
105899,0.70414108275,0
105900,0.586009302307,0
105901,0.818818916054,0
105902,0.839946549061,0
105903,0.723053268002,0
105904,0.728276407534,0
105905,1.08153083367,0
105906,1.19402732331,0
105907,0.90957479123,0
105908,1.28534931534,0
105909,0.916822754766,0
105910,1.37160590088,0
105911,1.12341880011,0
105912,1.25463039745,0
105913,1.14993407227,0
105914,1.33180073453,0
105915,1.45188694785,0
105916,1.55890158447,0
105917,1.28332157381,0
105918,1.65554222126,0
105919,1.42576134111,0
105920,1.44419326625,0
105921,1.42353647822,0
105922,1.69750207889,0
105923,1.50315515858,0
105924,1.53306131904,0
105925,1.55183106684,0
105926,1.61548438947,0
105927,1.73549147781,0
105928,2.00645165298,0
105929,1.85964696213,0
105930,1.73566374356,0
105931,2.07886088578,0
105932,2.06185999272,0
105933,1.75314340133,0
105934,2.04963469478,0
105935,2.18338676641,0
105936,2.18551212846,0
105937,1.88563683543,0
105938,2.23375555055,0
105939,1.88007271339,0
105940,2.20966473649,0
105941,2.27235979092,0
105942,2.10296562247,0
105943,2.12866042786,0
105944,1.90473713599,0
105945,1.99022580973,0
105946,2.31561753051,0
105947,2.25384141848,0
105948,2.17715497253,0
105949,1.91388619814,0
105950,1.93132581268,0
105951,2.16977420197,0
105952,2.30578562793,0
105953,2.2324962261,0
105954,2.09731850221,0
105955,2.06357245638,0
105956,2.13704537529,0
105957,2.10434415964,0
105958,2.02039708983,0
105959,1.84066151847,0
105960,2.08242655936,0
105961,1.81403599303,0
105962,1.98125068915,0
105963,1.781112319,0
105964,2.0824933104,0
105965,1.78978376372,0
105966,1.99011755322,0
105967,1.78305062523,0
105968,1.78494060544,0
105969,1.99144678385,0
105970,1.6286657617,0
105971,1.73680049254,0
105972,1.57389720496,0
105973,1.87445840956,0
105974,1.58558701514,0
105975,1.47232407715,0
105976,1.73249928498,0
105977,1.81628115872,0
105978,1.5190629518,0
105979,1.71736822579,0
105980,1.51334371541,0
105981,1.66857039487,0
105982,1.5974266286,0
105983,1.18061548606,0
105984,1.47552365937,0
105985,1.52189835626,0
105986,1.09555412797,0
105987,1.052965067,0
105988,1.36914562271,0
105989,1.34683352689,0
105990,1.03401946016,0
105991,1.05956396053,0
105992,0.823012840702,0
105993,0.842210149097,0
105994,1.09337750133,0
105995,1.093867605,0
105996,0.919994459523,0
105997,1.00147463437,0
105998,0.627923308082,0
105999,0.920639207292,0
106000,0.608234150364,0
106001,0.6739564449,0
106002,0.888217441162,0
106003,0.690704659626,0
106004,0.513539230808,0
106005,0.362889306717,0
106006,0.63885316342,0
106007,0.271821693587,0
106008,0.343069573419,0
106009,0.384757028841,0
106010,0.526422980406,0
106011,0.270941981014,0
106012,0.357305805297,0
106013,0.137388083201,0
106014,0.0322779278778,0
106015,0.308174419439,0
106016,0.0600478538255,0
106017,-0.15381133465,0
106018,-0.149425548506,0
106019,0.0165116275622,0
106020,0.128710230398,0
106021,-0.237851232079,0
106022,-0.138778563165,0
106023,-0.368722084212,0
106024,-0.400834681369,0
106025,-0.0508468441412,0
106026,-0.114425528119,0
106027,-0.0736454232409,0
106028,-0.145524472435,0
106029,-0.181413005089,0
106030,-0.372536869395,0
106031,-0.489871961525,0
106032,-0.499033171346,0
106033,-0.284459303669,0
106034,-0.664362191409,0
106035,-0.685559754511,0
106036,-0.290626300771,0
106037,-0.582696810313,0
106038,-0.638684044001,0
106039,-0.745252124578,0
106040,-0.770717701873,0
106041,-0.36710113362,0
106042,-0.739099458597,0
106043,-0.782302016648,0
106044,-0.499010879079,0
106045,-0.479266900949,0
106046,-0.589867221625,0
106047,-0.461729974151,0
106048,-0.663556481181,0
106049,-0.801411058693,0
106050,-0.672161313007,0
106051,-0.419780640801,0
106052,-0.835875964871,0
106053,-0.690396682922,0
106054,-0.807345959303,0
106055,-0.548165216183,0
106056,-0.809884906577,0
106057,-0.418618078371,0
106058,-0.536139434541,0
106059,-0.688681939411,0
106060,-0.766203476517,0
106061,-0.449188050483,0
106062,-0.331491117154,0
106063,-0.31955992706,0
106064,-0.343344928462,0
106065,-0.368587700495,0
106066,-0.511188417139,0
106067,-0.340005961823,0
106068,-0.217209062736,0
106069,-0.427938540381,0
106070,-0.527127605478,0
106071,-0.210116900162,0
106072,-0.18487173533,0
106073,-0.185012972658,0
106074,-0.340321614268,0
106075,-0.405578527974,0
106076,-0.185387764348,0
106077,-0.158954269588,0
106078,-0.0307554913894,0
106079,-0.166418371141,0
106080,-0.2380521048,0
106081,-0.209552175993,0
106082,0.200305552521,0
106083,0.256773734404,0
106084,-0.0886246465047,0
106085,0.361303348656,0
106086,0.302003113841,0
106087,0.437567233188,0
106088,0.394663137143,0
106089,0.518694156883,0
106090,0.53827727707,0
106091,0.19346050135,0
106092,0.412453780705,0
106093,0.505181714731,0
106094,0.342602249438,0
106095,0.464997755539,0
106096,0.407333432278,0
106097,0.758962373394,0
106098,0.891996166791,0
106099,0.761788369178,0
106100,0.643656588734,0
106101,0.876466202482,0
106102,0.897593835489,0
106103,0.78070055443,0
106104,0.785923693962,0
106105,1.1391781201,0
106106,1.25167460973,0
106107,0.967222077658,0
106108,1.34299660177,0
106109,0.974470041194,0
106110,1.42925318731,0
106111,1.18106608653,0
106112,1.31227768388,0
106113,1.2075813587,0
106114,1.38944802096,0
106115,1.50953423428,0
106116,1.6165488709,0
106117,1.34096886024,0
106118,1.71318950768,0
106119,1.48340862754,0
106120,1.50184055268,0
106121,1.48118376465,0
106122,1.75514936532,0
106123,1.56080244501,0
106124,1.59070860546,0
106125,1.60947835327,0
106126,1.6731316759,0
106127,1.79313876424,0
106128,2.06409893941,0
106129,1.91729424856,0
106130,1.79331102998,0
106131,2.13650817221,0
106132,2.11950727915,0
106133,1.81079068776,0
106134,2.10728198121,0
106135,2.24103405284,0
106136,2.24315941489,0
106137,1.94328412185,0
106138,2.29140283698,0
106139,1.93771999981,0
106140,2.26731202292,0
106141,2.33000707735,0
106142,2.1606129089,0
106143,2.18630771429,0
106144,1.96238442242,0
106145,2.04787309615,0
106146,2.37326481694,0
106147,2.31148870491,0
106148,2.23480225896,0
106149,1.97153348457,0
106150,1.98897309911,0
106151,2.2274214884,0
106152,2.36343291436,0
106153,2.29014351253,0
106154,2.15496578864,0
106155,2.12121974281,0
106156,2.19469266172,0
106157,2.16199144607,0
106158,2.07804437625,0
106159,1.8983088049,0
106160,2.14007384578,0
106161,1.87168327946,0
106162,2.03889797558,0
106163,1.83875960542,0
106164,2.14014059683,0
106165,1.84743105015,0
106166,2.04776483965,0
106167,1.84069791165,0
106168,1.84258789187,0
106169,2.04909407028,0
106170,1.68631304813,0
106171,1.79444777897,0
106172,1.63154449139,0
106173,1.93210569599,0
106174,1.64323430156,0
106175,1.52997136358,0
106176,1.79014657141,0
106177,1.87392844515,0
106178,1.57671023822,0
106179,1.77501551221,0
106180,1.57099100184,0
106181,1.72621768129,0
106182,1.65507391502,0
106183,1.23826277249,0
106184,1.5331709458,0
106185,1.57954564269,0
106186,1.1532014144,0
106187,1.11061235343,0
106188,1.42679290914,0
106189,1.40448081332,0
106190,1.09166674658,0
106191,1.11721124695,0
106192,0.88066012713,0
106193,0.899857435525,0
106194,1.15102478776,0
106195,1.15151489143,0
106196,0.977641745951,0
106197,1.05912192079,0
106198,0.68557059451,0
106199,0.97828649372,0
106200,0.68930571306,0
106201,0.755028007596,0
106202,0.969289003858,0
106203,0.771776222322,0
106204,0.594610793504,0
106205,0.443960869413,0
106206,0.719924726116,0
106207,0.352893256283,0
106208,0.424141136115,0
106209,0.465828591537,0
106210,0.607494543102,0
106211,0.35201354371,0
106212,0.438377367993,0
106213,0.218459645897,0
106214,0.113349490574,0
106215,0.389245982135,0
106216,0.141119416521,0
106217,-0.0727397719543,0
106218,-0.0683539858098,0
106219,0.0975831902581,0
106220,0.209781793094,0
106221,-0.156779669384,0
106222,-0.0577070004694,0
106223,-0.287650521517,0
106224,-0.319763118673,0
106225,0.0302247185547,0
106226,-0.033353965423,0
106227,0.00742613945497,0
106228,-0.0644529097393,0
106229,-0.100341442393,0
106230,-0.291465306699,0
106231,-0.408800398829,0
106232,-0.41796160865,0
106233,-0.203387740974,0
106234,-0.583290628713,0
106235,-0.604488191815,0
106236,-0.209554738075,0
106237,-0.501625247617,0
106238,-0.557612481305,0
106239,-0.664180561883,0
106240,-0.689646139177,0
106241,-0.286029570924,0
106242,-0.658027895901,0
106243,-0.701230453952,0
106244,-0.417939316383,0
106245,-0.398195338253,0
106246,-0.508795658929,0
106247,-0.380658411455,0
106248,-0.582484918485,0
106249,-0.720339495997,0
106250,-0.591089750312,0
106251,-0.338709078105,0
106252,-0.754804402176,0
106253,-0.609325120226,0
106254,-0.726274396607,0
106255,-0.467093653487,0
106256,-0.728813343881,0
106257,-0.337546515675,0
106258,-0.455067871845,0
106259,-0.607610376715,0
106260,-0.685131913821,0
106261,-0.368116487787,0
106262,-0.250419554458,0
106263,-0.238488364364,0
106264,-0.262273365766,0
106265,-0.287516137799,0
106266,-0.430116854443,0
106267,-0.258934399127,0
106268,-0.13613750004,0
106269,-0.346866977686,0
106270,-0.446056042782,0
106271,-0.129045337466,0
106272,-0.103800172634,0
106273,-0.103941409962,0
106274,-0.259250051573,0
106275,-0.324506965278,0
106276,-0.104316201652,0
106277,-0.0778827068917,0
106278,0.0503160713065,0
106279,-0.0853468084453,0
106280,-0.156980542104,0
106281,-0.128480613297,0
106282,0.281377115217,0
106283,0.3378452971,0
106284,-0.00755308380884,0
106285,0.442374911351,0
106286,0.383074676537,0
106287,0.518638795884,0
106288,0.475734699839,0
106289,0.599765719579,0
106290,0.619348839766,0
106291,0.274532064046,0
106292,0.493525343401,0
106293,0.586253277427,0
106294,0.423673812134,0
106295,0.546069318235,0
106296,0.488404994974,0
106297,0.84003393609,0
106298,0.973067729487,0
106299,0.842859931874,0
106300,0.72472815143,0
106301,0.957537765178,0
106302,0.978665398184,0
106303,0.861772117126,0
106304,0.866995256658,0
106305,1.2202496828,0
106306,1.33274617243,0
106307,1.04829364035,0
106308,1.42406816447,0
106309,1.05554160389,0
106310,1.51032475,0
106311,1.26213764923,0
106312,1.39334924658,0
106313,1.2886529214,0
106314,1.47051958366,0
106315,1.59060579697,0
106316,1.6976204336,0
106317,1.42204042294,0
106318,1.79426107038,0
106319,1.56448019024,0
106320,1.58291211537,0
106321,1.56225532735,0
106322,1.83622092801,0
106323,1.6418740077,0
106324,1.67178016816,0
106325,1.69054991597,0
106326,1.7542032386,0
106327,1.87421032694,0
106328,2.1451705021,0
106329,1.99836581125,0
106330,1.87438259268,0
106331,2.21757973491,0
106332,2.20057884184,0
106333,1.89186225045,0
106334,2.18835354391,0
106335,2.32210561553,0
106336,2.32423097758,0
106337,2.02435568455,0
106338,2.37247439967,0
106339,2.01879156251,0
106340,2.34838358562,0
106341,2.41107864005,0
106342,2.2416844716,0
106343,2.26737927699,0
106344,2.04345598512,0
106345,2.12894465885,0
106346,2.45433637963,0
106347,2.3925602676,0
106348,2.31587382166,0
106349,2.05260504727,0
106350,2.07004466181,0
106351,2.3084930511,0
106352,2.44450447706,0
106353,2.37121507522,0
106354,2.23603735133,0
106355,2.20229130551,0
106356,2.27576422442,0
106357,2.24306300876,0
106358,2.15911593895,0
106359,1.9793803676,0
106360,2.22114540848,0
106361,1.95275484216,0
106362,2.11996953828,0
106363,1.91983116812,0
106364,2.22121215953,0
106365,1.92850261284,0
106366,2.12883640234,0
106367,1.92176947435,0
106368,1.92365945457,0
106369,2.13016563298,0
106370,1.76738461082,0
106371,1.87551934167,0
106372,1.71261605408,0
106373,2.01317725869,0
106374,1.72430586426,0
106375,1.61104292627,0
106376,1.87121813411,0
106377,1.95500000784,0
106378,1.65778180092,0
106379,1.85608707491,0
106380,1.65206256453,0
106381,1.80728924399,0
106382,1.73614547772,0
106383,1.31933433519,0
106384,1.61424250849,0
106385,1.66061720538,0
106386,1.23427297709,0
106387,1.19168391612,0
106388,1.50786447183,0
106389,1.48555237601,0
106390,1.17273830928,0
106391,1.19828280965,0
106392,0.961731689826,0
106393,0.980928998221,0
106394,1.23209635045,0
106395,1.23258645412,0
106396,1.05871330865,0
106397,1.14019348349,0
106398,0.766642157206,0
106399,1.05935805642,0
106400,0.751303502003,0
106401,0.81702579654,0
106402,1.0312867928,0
106403,0.833774011266,0
106404,0.656608582447,0
106405,0.505958658357,0
106406,0.781922515059,0
106407,0.414891045226,0
106408,0.486138925059,0
106409,0.52782638048,0
106410,0.669492332046,0
106411,0.414011332653,0
106412,0.500375156936,0
106413,0.28045743484,0
106414,0.175347279517,0
106415,0.451243771078,0
106416,0.203117205465,0
106417,-0.0107419830108,0
106418,-0.00635619686628,0
106419,0.159580979202,0
106420,0.271779582038,0
106421,-0.09478188044,0
106422,0.00429078847407,0
106423,-0.225652732573,0
106424,-0.257765329729,0
106425,0.0922225074982,0
106426,0.0286438235205,0
106427,0.0694239283984,0
106428,-0.00245512079587,0
106429,-0.0383436534499,0
106430,-0.229467517756,0
106431,-0.346802609885,0
106432,-0.355963819706,0
106433,-0.14138995203,0
106434,-0.521292839769,0
106435,-0.542490402871,0
106436,-0.147556949131,0
106437,-0.439627458674,0
106438,-0.495614692361,0
106439,-0.602182772939,0
106440,-0.627648350234,0
106441,-0.224031781981,0
106442,-0.596030106958,0
106443,-0.639232665009,0
106444,-0.35594152744,0
106445,-0.336197549309,0
106446,-0.446797869985,0
106447,-0.318660622511,0
106448,-0.520487129541,0
106449,-0.658341707054,0
106450,-0.529091961368,0
106451,-0.276711289161,0
106452,-0.692806613232,0
106453,-0.547327331283,0
106454,-0.664276607663,0
106455,-0.405095864543,0
106456,-0.666815554938,0
106457,-0.275548726732,0
106458,-0.393070082901,0
106459,-0.545612587772,0
106460,-0.623134124877,0
106461,-0.306118698843,0
106462,-0.188421765515,0
106463,-0.17649057542,0
106464,-0.200275576823,0
106465,-0.225518348856,0
106466,-0.3681190655,0
106467,-0.196936610184,0
106468,-0.0741397110969,0
106469,-0.284869188742,0
106470,-0.384058253839,0
106471,-0.0670475485226,0
106472,-0.0418023836904,0
106473,-0.0419436210189,0
106474,-0.197252262629,0
106475,-0.262509176334,0
106476,-0.0423184127088,0
106477,-0.0158849179483,0
106478,0.11231386025,0
106479,-0.0233490195019,0
106480,-0.0949827531602,0
106481,-0.0664828243536,0
106482,0.343374904161,0
106483,0.399843086043,0
106484,0.0544447051346,0
106485,0.504372700295,0
106486,0.44507246548,0
106487,0.580636584827,0
106488,0.537732488782,0
106489,0.661763508522,0
106490,0.681346628709,0
106491,0.336529852989,0
106492,0.555523132345,0
106493,0.64825106637,0
106494,0.485671601077,0
106495,0.608067107178,0
106496,0.550402783917,0
106497,0.902031725034,0
106498,1.03506551843,0
106499,0.904857720817,0
106500,0.786725940374,0
106501,1.01953555412,0
106502,1.04066318713,0
106503,0.92376990607,0
106504,0.928993045602,0
106505,1.28224747174,0
106506,1.39474396137,0
106507,1.1102914293,0
106508,1.48606595341,0
106509,1.11753939283,0
106510,1.57232253895,0
106511,1.32413543817,0
106512,1.45534703552,0
106513,1.35065071034,0
106514,1.5325173726,0
106515,1.65260358592,0
106516,1.75961822254,0
106517,1.48403821188,0
106518,1.85625885932,0
106519,1.62647797918,0
106520,1.64490990432,0
106521,1.62425311629,0
106522,1.89821871696,0
106523,1.70387179665,0
106524,1.7337779571,0
106525,1.75254770491,0
106526,1.81620102754,0
106527,1.93620811588,0
106528,2.20716829105,0
106529,2.0603636002,0
106530,1.93638038162,0
106531,2.27957752385,0
106532,2.26257663079,0
106533,1.9538600394,0
106534,2.25035133285,0
106535,2.38410340448,0
106536,2.38622876653,0
106537,2.08635347349,0
106538,2.43447218861,0
106539,2.08078935145,0
106540,2.41038137456,0
106541,2.47307642899,0
106542,2.30368226054,0
106543,2.32937706593,0
106544,2.10545377406,0
106545,2.19094244779,0
106546,2.51633416858,0
106547,2.45455805655,0
106548,2.3778716106,0
106549,2.11460283621,0
106550,2.13204245075,0
106551,2.37049084004,0
106552,2.506502266,0
106553,2.43321286417,0
106554,2.29803514028,0
106555,2.26428909445,0
106556,2.33776201336,0
106557,2.30506079771,0
106558,2.22111372789,0
106559,2.04137815654,0
106560,2.28314319742,0
106561,2.0147526311,0
106562,2.18196732722,0
106563,1.98182895706,0
106564,2.28320994847,0
106565,1.99050040179,0
106566,2.19083419129,0
106567,1.98376726329,0
106568,1.98565724351,0
106569,2.19216342192,0
106570,1.82938239976,0
106571,1.93751713061,0
106572,1.77461384302,0
106573,2.07517504763,0
106574,1.7863036532,0
106575,1.67304071522,0
106576,1.93321592305,0
106577,2.01699779678,0
106578,1.71977958986,0
106579,1.91808486385,0
106580,1.71406035348,0
106581,1.86928703293,0
106582,1.79814326666,0
106583,1.38133212413,0
106584,1.67624029744,0
106585,1.72261499433,0
106586,1.29627076604,0
106587,1.25368170507,0
106588,1.56986226078,0
106589,1.54755016496,0
106590,1.23473609822,0
106591,1.26028059859,0
106592,1.02372947877,0
106593,1.04292678716,0
106594,1.2940941394,0
106595,1.29458424307,0
106596,1.12071109759,0
106597,1.20219127243,0
106598,0.828639946149,0
106599,1.12135584536,0
106600,0.860593761209,0
106601,0.926316055745,0
106602,1.14057705201,0
106603,0.943064270471,0
106604,0.765898841653,0
106605,0.615248917562,0
106606,0.891212774264,0
106607,0.524181304432,0
106608,0.595429184264,0
106609,0.637116639685,0
106610,0.778782591251,0
106611,0.523301591858,0
106612,0.609665416141,0
106613,0.389747694046,0
106614,0.284637538722,0
106615,0.560534030283,0
106616,0.31240746467,0
106617,0.0985482761943,0
106618,0.102934062339,0
106619,0.268871238407,0
106620,0.381069841243,0
106621,0.0145083787651,0
106622,0.113581047679,0
106623,-0.116362473368,0
106624,-0.148475070524,0
106625,0.201512766703,0
106626,0.137934082726,0
106627,0.178714187604,0
106628,0.106835138409,0
106629,0.0709466057552,0
106630,-0.12017725855,0
106631,-0.23751235068,0
106632,-0.246673560501,0
106633,-0.032099692825,0
106634,-0.412002580564,0
106635,-0.433200143666,0
106636,-0.0382666899261,0
106637,-0.330337199469,0
106638,-0.386324433156,0
106639,-0.492892513734,0
106640,-0.518358091029,0
106641,-0.114741522776,0
106642,-0.486739847753,0
106643,-0.529942405803,0
106644,-0.246651268234,0
106645,-0.226907290104,0
106646,-0.33750761078,0
106647,-0.209370363306,0
106648,-0.411196870336,0
106649,-0.549051447849,0
106650,-0.419801702163,0
106651,-0.167421029956,0
106652,-0.583516354027,0
106653,-0.438037072078,0
106654,-0.554986348458,0
106655,-0.295805605338,0
106656,-0.557525295733,0
106657,-0.166258467527,0
106658,-0.283779823696,0
106659,-0.436322328567,0
106660,-0.513843865672,0
106661,-0.196828439638,0
106662,-0.0791315063094,0
106663,-0.0672003162152,0
106664,-0.0909853176175,0
106665,-0.116228089651,0
106666,-0.258828806295,0
106667,-0.0876463509787,0
106668,0.0351505481082,0
106669,-0.175578929537,0
106670,-0.274767994634,0
106671,0.0422427106825,0
106672,0.0674878755148,0
106673,0.0673466381863,0
106674,-0.0879620034239,0
106675,-0.153218917129,0
106676,0.0669718464964,0
106677,0.0934053412569,0
106678,0.221604119455,0
106679,0.0859412397033,0
106680,0.0143075060449,0
106681,0.0428074348516,0
106682,0.452665163366,0
106683,0.509133345248,0
106684,0.16373496434,0
106685,0.6136629595,0
106686,0.554362724685,0
106687,0.689926844032,0
106688,0.647022747988,0
106689,0.771053767728,0
106690,0.790636887914,0
106691,0.445820112194,0
106692,0.66481339155,0
106693,0.757541325575,0
106694,0.594961860282,0
106695,0.717357366383,0
106696,0.659693043122,0
106697,1.01132198424,0
106698,1.14435577764,0
106699,1.01414798002,0
106700,0.896016199579,0
106701,1.12882581333,0
106702,1.14995344633,0
106703,1.03306016527,0
106704,1.03828330481,0
106705,1.39153773094,0
106706,1.50403422058,0
106707,1.2195816885,0
106708,1.59535621261,0
106709,1.22682965204,0
106710,1.68161279815,0
106711,1.43342569738,0
106712,1.56463729473,0
106713,1.45994096955,0
106714,1.6418076318,0
106715,1.76189384512,0
106716,1.86890848175,0
106717,1.59332847108,0
106718,1.96554911853,0
106719,1.73576823839,0
106720,1.75420016352,0
106721,1.73354337549,0
106722,2.00750897616,0
106723,1.81316205585,0
106724,1.84306821631,0
106725,1.86183796411,0
106726,1.92549128675,0
106727,2.04549837508,0
106728,2.31645855025,0
106729,2.1696538594,0
106730,2.04567064083,0
106731,2.38886778305,0
106732,2.37186688999,0
106733,2.0631502986,0
106734,2.35964159206,0
106735,2.49339366368,0
106736,2.49551902573,0
106737,2.1956437327,0
106738,2.54376244782,0
106739,2.19007961066,0
106740,2.51967163377,0
106741,2.5823666882,0
106742,2.41297251975,0
106743,2.43866732514,0
106744,2.21474403326,0
106745,2.300232707,0
106746,2.62562442778,0
106747,2.56384831575,0
106748,2.48716186981,0
106749,2.22389309542,0
106750,2.24133270996,0
106751,2.47978109925,0
106752,2.61579252521,0
106753,2.54250312337,0
106754,2.40732539948,0
106755,2.37357935366,0
106756,2.44705227257,0
106757,2.41435105691,0
106758,2.3304039871,0
106759,2.15066841574,0
106760,2.39243345663,0
106761,2.1240428903,0
106762,1.78324900494,1
106763,1.84656445636,1
106764,1.90718671476,1
106765,1.96491753602,1
106766,2.01956813145,1
106767,2.0709597852,1
106768,2.11892443863,1
106769,2.16330523996,1
106770,2.20395705711,1
106771,2.24074695239,1
106772,2.27355461718,1
106773,2.30227276535,1
106774,2.32680748415,1
106775,2.34707854125,1
106776,2.36301964719,1
106777,2.37457867208,1
106778,2.38171781614,1
106779,2.38441373327,1
106780,2.38265760741,1
106781,2.37645518135,1
106782,2.36582673798,1
106783,2.35080703395,1
106784,2.33144518601,1
106785,2.30780451038,1
106786,2.27996231571,1
106787,2.24800965027,1
106788,2.21205100419,1
106789,2.17220396779,1
106790,2.128598847,1
106791,2.0813782373,1
106792,2.03069655734,1
106793,1.97671954403,1
106794,1.91962371052,1
106795,1.85959576897,1
106796,1.79683201999,1
106797,1.73153771072,1
106798,1.6639263636,1
106799,1.59421907815,1
106800,1.4391519144,1
106801,1.36594272156,1
106802,1.29133901145,1
106803,1.21558474968,1
106804,1.13892766436,1
106805,1.06161843596,1
106806,0.983909877572,1
106807,0.906056108144,1
106808,0.828311721494,1
106809,0.750930953742,1
106810,0.674166851915,1
106811,0.598270446449,1
106812,0.523489930279,1
106813,0.450069847212,1
106814,0.378250292225,1
106815,0.308266126327,1
106816,0.240346208517,1
106817,0.174712647388,1
106818,0.111580074793,1
106819,0.0511549439694,1
106820,-0.00636514560008,1
106821,-0.060792094363,1
106822,-0.111947917814,1
106823,-0.159665328532,1
106824,-0.203788283234,1
106825,-0.244172493063,1
106826,-0.280685895433,1
106827,-0.313209085895,1
106828,-0.341635708606,1
106829,-0.365872804132,1
106830,-0.385841113437,1
106831,-0.401475337076,1
106832,-0.412724348728,1
106833,-0.419551362393,1
106834,-0.421934052685,1
106835,-0.41986462784,1
106836,-0.413349855195,1
106837,-0.402411039061,1
106838,-0.38708395105,1
106839,-0.367418713103,1
106840,-0.343479633574,1
106841,-0.315344996942,1
106842,-0.283106807801,1
106843,-0.246870489996,1
106844,-0.206754541865,1
106845,-0.162890148739,1
106846,-0.115420753939,1
106847,-0.0645015896963,1
106848,-0.0102991695209,1
106849,0.0470092563252,1
106850,0.107236280463,1
106851,0.170184951248,1
106852,0.235649416831,1
106853,0.303415598327,1
106854,0.373261889885,1
106855,0.444959883375,1
106856,0.518275115315,1
106857,0.592967833605,1
106858,0.668793781553,1
106859,0.745504996629,1
106860,0.822850621346,1
106861,0.900577723598,1
106862,0.97843212379,1
106863,1.05615922604,1
106864,1.13350485076,1
106865,1.21021606584,1
106866,1.28604201378,1
106867,1.36073473207,1
106868,1.43404996401,1
106869,1.5057479575,1
106870,1.57559424906,1
106871,1.64336043056,1
106872,1.70882489614,1
106873,1.77177356692,1
106874,1.83200059106,1
106875,1.88930901691,1
106876,1.94351143708,1
106877,1.99443060133,1
106878,2.04189999613,1
106879,2.08576438925,1
106880,2.12588033738,1
106881,2.16211665519,1
106882,2.19435484433,1
106883,2.22248948096,1
106884,2.24642856049,1
106885,2.26609379844,1
106886,2.28142088645,1
106887,2.29235970258,1
106888,2.29887447523,1
106889,2.30094390007,1
106890,2.29856120978,1
106891,2.29173419612,1
106892,2.28048518446,1
106893,2.26485096083,1
106894,2.24488265152,1
106895,2.22064555599,1
106896,2.19221893328,1
106897,2.15969574282,1
106898,2.12318234045,1
106899,2.08279813062,1
106900,2.03867517592,1
106901,1.9909577652,1
106902,1.93980194175,1
106903,1.88537499299,1
106904,1.82785490342,1
106905,1.76742977259,1
106906,1.7042972,1
106907,1.63866363887,1
106908,1.57074372106,1
106909,1.50075955516,1
106910,1.42894000018,1
106911,1.35551991711,1
106912,1.28073940094,1
106913,1.20484299547,1
106914,1.12807889365,1
106915,1.05069812589,1
106916,0.972953739244,1
106917,0.895099969816,1
106918,0.817391411427,1
106919,0.74008218303,1
106920,0.663425097709,1
106921,0.587670835941,1
106922,0.513067125827,1
106923,0.439857932992,1
106924,0.36828266277,1
106925,0.298575377319,1
106926,0.230964030199,1
106927,0.165669720928,1
106928,0.102905971954,1
106929,0.042878030402,1
106930,-0.014217803113,1
106931,-0.0681948164218,1
106932,-0.118876496378,1
106933,-0.166097106081,1
106934,-0.209702226866,1
106935,-0.249549263271,1
106936,-0.28550790935,1
106937,-0.317460574793,1
106938,-0.345302769461,1
106939,-0.368943445091,1
106940,-0.388305293032,1
106941,-0.403324997059,1
106942,-0.413953440426,1
106943,-0.420155866487,1
106944,-0.421911992354,1
106945,-0.419216075223,1
106946,-0.412076931161,1
106947,-0.400517906266,1
106948,-0.384576800331,1
106949,-0.364305743228,1
106950,-0.339771024435,1
106951,-0.311052876261,1
106952,-0.278245211475,1
106953,-0.241455316192,1
106954,-0.200803499037,1
106955,-0.156422697713,1
106956,-0.108458044276,1
106957,-0.0570663905293,1
106958,-0.00241579509619,1
106959,0.0553150261591,1
106960,0.115937284559,1
106961,0.179252735983,1
106962,2.2077656929,0
106963,2.00762732274,0
106964,2.30900831414,0
106965,2.01629876746,0
106966,2.21663255696,0
106967,2.00956562897,0
106968,2.01145560919,0
106969,2.2179617876,0
106970,1.85518076544,0
106971,1.96331549628,0
106972,1.8004122087,0
106973,2.1009734133,0
106974,1.81210201888,0
106975,1.69883908089,0
106976,1.95901428872,0
106977,2.04279616246,0
106978,1.74557795554,0
106979,1.94388322953,0
106980,1.73985871915,0
106981,1.89508539861,0
106982,1.82394163234,0
106983,1.4071304898,0
106984,1.70203866311,0
106985,1.74841336,0
106986,1.32206913171,0
106987,1.27948007074,0
106988,1.59566062645,0
106989,1.57334853063,0
106990,1.2605344639,0
106991,1.28607896427,0
106992,1.04952784444,0
106993,1.06872515284,0
106994,1.31989250507,0
106995,1.32038260874,0
106996,1.14650946326,0
106997,1.22798963811,0
106998,0.854438311823,0
106999,1.14715421103,0
107000,0.581278116896,0
107001,0.647000411432,0
107002,0.861261407694,0
107003,0.663748626158,0
107004,0.48658319734,0
107005,0.335933273249,0
107006,0.611897129952,0
107007,0.244865660119,0
107008,0.316113539951,0
107009,0.357800995373,0
107010,0.499466946938,0
107011,0.243985947546,0
107012,0.330349771828,0
107013,0.110432049733,0
107014,0.00532189440953,0
107015,0.28121838597,0
107016,0.0330918203572,0
107017,-0.180767368118,0
107018,-0.176381581974,0
107019,-0.0104444059061,0
107020,0.10175419693,0
107021,-0.264807265548,0
107022,-0.165734596634,0
107023,-0.395678117681,0
107024,-0.427790714837,0
107025,-0.0778028776095,0
107026,-0.141381561587,0
107027,-0.100601456709,0
107028,-0.172480505904,0
107029,-0.208369038558,0
107030,-0.399492902863,0
107031,-0.516827994993,0
107032,-0.525989204814,0
107033,-0.311415337138,0
107034,-0.691318224877,0
107035,-0.712515787979,0
107036,-0.317582334239,0
107037,-0.609652843781,0
107038,-0.665640077469,0
107039,-0.772208158047,0
107040,-0.797673735341,0
107041,-0.394057167088,0
107042,-0.766055492065,0
107043,-0.809258050116,0
107044,-0.525966912547,0
107045,-0.506222934417,0
107046,-0.616823255093,0
107047,-0.488686007619,0
107048,-0.690512514649,0
107049,-0.828367092161,0
107050,-0.699117346476,0
107051,-0.446736674269,0
107052,-0.86283199834,0
107053,-0.717352716391,0
107054,-0.834301992771,0
107055,-0.575121249651,0
107056,-0.836840940045,0
107057,-0.44557411184,0
107058,-0.563095468009,0
107059,-0.715637972879,0
107060,-0.793159509985,0
107061,-0.476144083951,0
107062,-0.358447150622,0
107063,-0.346515960528,0
107064,-0.37030096193,0
107065,-0.395543733964,0
107066,-0.538144450607,0
107067,-0.366961995292,0
107068,-0.244165096205,0
107069,-0.45489457385,0
107070,-0.554083638946,0
107071,-0.23707293363,0
107072,-0.211827768798,0
107073,-0.211969006127,0
107074,-0.367277647737,0
107075,-0.432534561442,0
107076,-0.212343797816,0
107077,-0.185910303056,0
107078,-0.0577115248577,0
107079,-0.19337440461,0
107080,-0.265008138268,0
107081,-0.236508209461,0
107082,0.173349519053,0
107083,0.229817700936,0
107084,-0.115580679973,0
107085,0.334347315187,0
107086,0.275047080373,0
107087,0.410611199719,0
107088,0.367707103675,0
107089,0.491738123415,0
107090,0.511321243601,0
107091,0.166504467882,0
107092,0.385497747237,0
107093,0.478225681262,0
107094,0.315646215969,0
107095,0.43804172207,0
107096,0.380377398809,0
107097,0.732006339926,0
107098,0.865040133323,0
107099,0.73483233571,0
107100,0.616700555266,0
107101,0.849510169014,0
107102,0.87063780202,0
107103,0.753744520962,0
107104,0.758967660494,0
107105,1.11222208663,0
107106,1.22471857627,0
107107,0.940266044189,0
107108,1.3160405683,0
107109,0.947514007726,0
107110,1.40229715384,0
107111,1.15411005307,0
107112,1.28532165041,0
107113,1.18062532523,0
107114,1.36249198749,0
107115,1.48257820081,0
107116,1.58959283743,0
107117,1.31401282677,0
107118,1.68623347422,0
107119,1.45645259407,0
107120,1.47488451921,0
107121,1.45422773118,0
107122,1.72819333185,0
107123,1.53384641154,0
107124,1.563752572,0
107125,1.5825223198,0
107126,1.64617564243,0
107127,1.76618273077,0
107128,2.03714290594,0
107129,1.89033821509,0
107130,1.76635499652,0
107131,2.10955213874,0
107132,2.09255124568,0
107133,1.78383465429,0
107134,2.08032594774,0
107135,2.21407801937,0
107136,2.21620338142,0
107137,1.91632808839,0
107138,2.26444680351,0
107139,1.91076396634,0
107140,2.24035598945,0
107141,2.30305104388,0
107142,2.13365687543,0
107143,2.15935168082,0
107144,1.93542838895,0
107145,2.02091706269,0
107146,2.34630878347,0
107147,2.28453267144,0
107148,2.20784622549,0
107149,1.9445774511,0
107150,1.96201706564,0
107151,2.20046545493,0
107152,2.33647688089,0
107153,2.26318747906,0
107154,2.12800975517,0
107155,2.09426370934,0
107156,2.16773662825,0
107157,2.1350354126,0
107158,2.05108834278,0
107159,1.87135277143,0
107160,2.11311781231,0
107161,1.84472724599,0
107162,2.01194194211,0
107163,1.81180357196,0
107164,2.11318456336,0
107165,1.82047501668,0
107166,2.02080880618,0
107167,1.81374187819,0
107168,1.8156318584,0
107169,2.02213803681,0
107170,1.65935701466,0
107171,1.7674917455,0
107172,1.60458845792,0
107173,1.90514966252,0
107174,1.6162782681,0
107175,1.50301533011,0
107176,1.76319053794,0
107177,1.84697241168,0
107178,1.54975420476,0
107179,1.74805947875,0
107180,1.54403496837,0
107181,1.69926164783,0
107182,1.62811788156,0
107183,1.21130673902,0
107184,1.50621491233,0
107185,1.55258960922,0
107186,1.12624538093,0
107187,1.08365631996,0
107188,1.39983687567,0
107189,1.37752477985,0
107190,1.06471071311,0
107191,1.09025521349,0
107192,0.853704093661,0
107193,0.872901402057,0
107194,1.12406875429,0
107195,1.12455885796,0
107196,0.950685712482,0
107197,1.03216588733,0
107198,0.658614561041,0
107199,0.951330460251,0
107200,0.543291054353,0
107201,0.609013348889,0
107202,0.823274345151,0
107203,0.625761563615,0
107204,0.448596134797,0
107205,0.297946210706,0
107206,0.573910067409,0
107207,0.206878597576,0
107208,0.278126477408,0
107209,0.31981393283,0
107210,0.461479884395,0
107211,0.205998885003,0
107212,0.292362709286,0
107213,0.07244498719,0
107214,-0.0326651681332,0
107215,0.243231323428,0
107216,-0.0048952421855,0
107217,-0.218754430661,0
107218,-0.214368644517,0
107219,-0.0484314684488,0
107220,0.0637671343874,0
107221,-0.30279432809,0
107222,-0.203721659176,0
107223,-0.433665180223,0
107224,-0.46577777738,0
107225,-0.115789940152,0
107226,-0.17936862413,0
107227,-0.138588519252,0
107228,-0.210467568446,0
107229,-0.2463561011,0
107230,-0.437479965406,0
107231,-0.554815057536,0
107232,-0.563976267357,0
107233,-0.349402399681,0
107234,-0.72930528742,0
107235,-0.750502850522,0
107236,-0.355569396782,0
107237,-0.647639906324,0
107238,-0.703627140012,0
107239,-0.810195220589,0
107240,-0.835660797884,0
107241,-0.432044229631,0
107242,-0.804042554608,0
107243,-0.847245112659,0
107244,-0.56395397509,0
107245,-0.54420999696,0
107246,-0.654810317636,0
107247,-0.526673070162,0
107248,-0.728499577192,0
107249,-0.866354154704,0
107250,-0.737104409018,0
107251,-0.484723736812,0
107252,-0.900819060883,0
107253,-0.755339778933,0
107254,-0.872289055314,0
107255,-0.613108312194,0
107256,-0.874828002588,0
107257,-0.483561174382,0
107258,-0.601082530552,0
107259,-0.753625035422,0
107260,-0.831146572528,0
107261,-0.514131146494,0
107262,-0.396434213165,0
107263,-0.384503023071,0
107264,-0.408288024473,0
107265,-0.433530796506,0
107266,-0.57613151315,0
107267,-0.404949057834,0
107268,-0.282152158747,0
107269,-0.492881636392,0
107270,-0.592070701489,0
107271,-0.275059996173,0
107272,-0.249814831341,0
107273,-0.249956068669,0
107274,-0.405264710279,0
107275,-0.470521623985,0
107276,-0.250330860359,0
107277,-0.223897365599,0
107278,-0.0956985874004,0
107279,-0.231361467152,0
107280,-0.302995200811,0
107281,-0.274495272004,0
107282,0.13536245651,0
107283,0.191830638393,0
107284,-0.153567742516,0
107285,0.296360252645,0
107286,0.23706001783,0
107287,0.372624137177,0
107288,0.329720041132,0
107289,0.453751060872,0
107290,0.473334181059,0
107291,0.128517405339,0
107292,0.347510684694,0
107293,0.44023861872,0
107294,0.277659153427,0
107295,0.400054659528,0
107296,0.342390336267,0
107297,0.694019277383,0
107298,0.82705307078,0
107299,0.696845273167,0
107300,0.578713492723,0
107301,0.811523106471,0
107302,0.832650739478,0
107303,0.715757458419,0
107304,0.720980597951,0
107305,1.07423502409,0
107306,1.18673151372,0
107307,0.902278981647,0
107308,1.27805350576,0
107309,0.909526945183,0
107310,1.3643100913,0
107311,1.11612299052,0
107312,1.24733458787,0
107313,1.14263826269,0
107314,1.32450492495,0
107315,1.44459113827,0
107316,1.55160577489,0
107317,1.27602576423,0
107318,1.64824641167,0
107319,1.41846553153,0
107320,1.43689745667,0
107321,1.41624066864,0
107322,1.69020626931,0
107323,1.495859349,0
107324,1.52576550945,0
107325,1.54453525726,0
107326,1.60818857989,0
107327,1.72819566823,0
107328,1.99915584339,0
107329,1.85235115255,0
107330,1.72836793397,0
107331,2.0715650762,0
107332,2.05456418314,0
107333,1.74584759175,0
107334,2.0423388852,0
107335,2.17609095683,0
107336,2.17821631888,0
107337,1.87834102584,0
107338,2.22645974096,0
107339,1.8727769038,0
107340,2.20236892691,0
107341,2.26506398134,0
107342,2.09566981289,0
107343,2.12136461828,0
107344,1.89744132641,0
107345,1.98293000014,0
107346,2.30832172093,0
107347,2.2465456089,0
107348,2.16985916295,0
107349,1.90659038856,0
107350,1.9240300031,0
107351,2.16247839239,0
107352,2.29848981835,0
107353,2.22520041652,0
107354,2.09002269263,0
107355,2.0562766468,0
107356,2.12974956571,0
107357,2.09704835006,0
107358,2.01310128024,0
107359,1.83336570889,0
107360,2.07513074977,0
107361,1.80674018345,0
107362,1.97395487957,0
107363,1.77381650941,0
107364,2.07519750082,0
107365,1.78248795413,0
107366,1.98282174364,0
107367,1.77575481564,0
107368,1.77764479586,0
107369,1.98415097427,0
107370,1.62136995211,0
107371,1.72950468296,0
107372,1.56660139537,0
107373,1.86716259998,0
107374,1.57829120555,0
107375,1.46502826757,0
107376,1.7252034754,0
107377,1.80898534913,0
107378,1.51176714221,0
107379,1.7100724162,0
107380,1.50604790582,0
107381,1.66127458528,0
107382,1.59013081901,0
107383,1.17331967648,0
107384,1.46822784979,0
107385,1.51460254667,0
107386,1.08825831839,0
107387,1.04566925742,0
107388,1.36184981313,0
107389,1.33953771731,0
107390,1.02672365057,0
107391,1.05226815094,0
107392,0.815717031119,0
107393,0.834914339514,0
107394,1.08608169175,0
107395,1.08657179542,0
107396,0.91269864994,0
107397,0.994178824783,0
107398,0.620627498499,0
107399,0.913343397709,0
107400,0.570371123656,0
107401,0.636093418193,0
107402,0.850354414455,0
107403,0.652841632919,0
107404,0.4756762041,0
107405,0.32502628001,0
107406,0.600990136712,0
107407,0.233958666879,0
107408,0.305206546712,0
107409,0.346894002133,0
107410,0.488559953699,0
107411,0.233078954306,0
107412,0.319442778589,0
107413,0.0995250564934,0
107414,-0.00558509882975,0
107415,0.270311392731,0
107416,0.0221848271179,0
107417,-0.191674361358,0
107418,-0.187288575213,0
107419,-0.0213513991454,0
107420,0.0908472036909,0
107421,-0.275714258787,0
107422,-0.176641589873,0
107423,-0.40658511092,0
107424,-0.438697708076,0
107425,-0.0887098708488,0
107426,-0.152288554826,0
107427,-0.111508449949,0
107428,-0.183387499143,0
107429,-0.219276031797,0
107430,-0.410399896102,0
107431,-0.527734988232,0
107432,-0.536896198053,0
107433,-0.322322330377,0
107434,-0.702225218116,0
107435,-0.723422781218,0
107436,-0.328489327478,0
107437,-0.620559837021,0
107438,-0.676547070708,0
107439,-0.783115151286,0
107440,-0.808580728581,0
107441,-0.404964160328,0
107442,-0.776962485305,0
107443,-0.820165043356,0
107444,-0.536873905786,0
107445,-0.517129927656,0
107446,-0.627730248332,0
107447,-0.499593000858,0
107448,-0.701419507888,0
107449,-0.839274085401,0
107450,-0.710024339715,0
107451,-0.457643667508,0
107452,-0.873738991579,0
107453,-0.72825970963,0
107454,-0.84520898601,0
107455,-0.58602824289,0
107456,-0.847747933285,0
107457,-0.456481105079,0
107458,-0.574002461248,0
107459,-0.726544966119,0
107460,-0.804066503224,0
107461,-0.48705107719,0
107462,-0.369354143862,0
107463,-0.357422953767,0
107464,-0.38120795517,0
107465,-0.406450727203,0
107466,-0.549051443847,0
107467,-0.377868988531,0
107468,-0.255072089444,0
107469,-0.465801567089,0
107470,-0.564990632186,0
107471,-0.24797992687,0
107472,-0.222734762037,0
107473,-0.222875999366,0
107474,-0.378184640976,0
107475,-0.443441554681,0
107476,-0.223250791056,0
107477,-0.196817296295,0
107478,-0.068618518097,0
107479,-0.204281397849,0
107480,-0.275915131507,0
107481,-0.247415202701,0
107482,0.162442525814,0
107483,0.218910707696,0
107484,-0.126487673212,0
107485,0.323440321948,0
107486,0.264140087133,0
107487,0.39970420648,0
107488,0.356800110436,0
107489,0.480831130175,0
107490,0.500414250362,0
107491,0.155597474642,0
107492,0.374590753998,0
107493,0.467318688023,0
107494,0.30473922273,0
107495,0.427134728831,0
107496,0.36947040557,0
107497,0.721099346687,0
107498,0.854133140083,0
107499,0.72392534247,0
107500,0.605793562027,0
107501,0.838603175774,0
107502,0.859730808781,0
107503,0.742837527723,0
107504,0.748060667255,0
107505,1.10131509339,0
107506,1.21381158303,0
107507,0.92935905095,0
107508,1.30513357506,0
107509,0.936607014487,0
107510,1.3913901606,0
107511,1.14320305983,0
107512,1.27441465718,0
107513,1.169718332,0
107514,1.35158499425,0
107515,1.47167120757,0
107516,1.57868584419,0
107517,1.30310583353,0
107518,1.67532648098,0
107519,1.44554560083,0
107520,1.46397752597,0
107521,1.44332073794,0
107522,1.71728633861,0
107523,1.5229394183,0
107524,1.55284557876,0
107525,1.57161532656,0
107526,1.63526864919,0
107527,1.75527573753,0
107528,2.0262359127,0
107529,1.87943122185,0
107530,1.75544800328,0
107531,2.0986451455,0
107532,2.08164425244,0
107533,1.77292766105,0
107534,2.0694189545,0
107535,2.20317102613,0
107536,2.20529638818,0
107537,1.90542109515,0
107538,2.25353981027,0
107539,1.89985697311,0
107540,2.22944899621,0
107541,2.29214405064,0
107542,2.12274988219,0
107543,2.14844468758,0
107544,1.92452139571,0
107545,2.01001006945,0
107546,2.33540179023,0
107547,2.2736256782,0
107548,2.19693923225,0
107549,1.93367045786,0
107550,1.9511100724,0
107551,2.1895584617,0
107552,2.32556988765,0
107553,2.25228048582,0
107554,2.11710276193,0
107555,2.0833567161,0
107556,2.15682963501,0
107557,2.12412841936,0
107558,2.04018134955,0
107559,1.86044577819,0
107560,2.10221081908,0
107561,1.83382025275,0
107562,2.00103494887,0
107563,1.80089657872,0
107564,2.10227757012,0
107565,1.80956802344,0
107566,2.00990181294,0
107567,1.80283488495,0
107568,1.80472486517,0
107569,2.01123104358,0
107570,1.64845002142,0
107571,1.75658475226,0
107572,1.59368146468,0
107573,1.89424266928,0
107574,1.60537127486,0
107575,1.49210833687,0
107576,1.7522835447,0
107577,1.83606541844,0
107578,1.53884721152,0
107579,1.73715248551,0
107580,1.53312797513,0
107581,1.68835465459,0
107582,1.61721088832,0
107583,1.20039974578,0
107584,1.49530791909,0
107585,1.54168261598,0
107586,1.11533838769,0
107587,1.07274932672,0
107588,1.38892988243,0
107589,1.36661778661,0
107590,1.05380371988,0
107591,1.07934822025,0
107592,0.842797100422,0
107593,0.861994408817,0
107594,1.11316176105,0
107595,1.11365186472,0
107596,0.939778719243,0
107597,1.02125889409,0
107598,0.647707567802,0
107599,0.940423467012,0
107600,0.627096301573,0
107601,0.692818596109,0
107602,0.907079592371,0
107603,0.709566810836,0
107604,0.532401382017,0
107605,0.381751457927,0
107606,0.657715314629,0
107607,0.290683844796,0
107608,0.361931724628,0
107609,0.40361918005,0
107610,0.545285131616,0
107611,0.289804132223,0
107612,0.376167956506,0
107613,0.15625023441,0
107614,0.051140079087,0
107615,0.327036570648,0
107616,0.0789100050347,0
107617,-0.134949183441,0
107618,-0.130563397296,0
107619,0.0353737787713,0
107620,0.147572381608,0
107621,-0.21898908087,0
107622,-0.119916411956,0
107623,-0.349859933003,0
107624,-0.38197253016,0
107625,-0.031984692932,0
107626,-0.0955633769097,0
107627,-0.0547832720318,0
107628,-0.126662321226,0
107629,-0.16255085388,0
107630,-0.353674718186,0
107631,-0.471009810315,0
107632,-0.480171020137,0
107633,-0.26559715246,0
107634,-0.6455000402,0
107635,-0.666697603301,0
107636,-0.271764149561,0
107637,-0.563834659104,0
107638,-0.619821892792,0
107639,-0.726389973369,0
107640,-0.751855550664,0
107641,-0.348238982411,0
107642,-0.720237307388,0
107643,-0.763439865439,0
107644,-0.48014872787,0
107645,-0.46040474974,0
107646,-0.571005070416,0
107647,-0.442867822941,0
107648,-0.644694329971,0
107649,-0.782548907484,0
107650,-0.653299161798,0
107651,-0.400918489592,0
107652,-0.817013813662,0
107653,-0.671534531713,0
107654,-0.788483808094,0
107655,-0.529303064974,0
107656,-0.791022755368,0
107657,-0.399755927162,0
107658,-0.517277283331,0
107659,-0.669819788202,0
107660,-0.747341325308,0
107661,-0.430325899273,0
107662,-0.312628965945,0
107663,-0.300697775851,0
107664,-0.324482777253,0
107665,-0.349725549286,0
107666,-0.49232626593,0
107667,-0.321143810614,0
107668,-0.198346911527,0
107669,-0.409076389172,0
107670,-0.508265454269,0
107671,-0.191254748953,0
107672,-0.166009584121,0
107673,-0.166150821449,0
107674,-0.321459463059,0
107675,-0.386716376765,0
107676,-0.166525613139,0
107677,-0.140092118378,0
107678,-0.0118933401802,0
107679,-0.147556219932,0
107680,-0.21918995359,0
107681,-0.190690024784,0
107682,0.219167703731,0
107683,0.275635885613,0
107684,-0.0697624952956,0
107685,0.380165499865,0
107686,0.32086526505,0
107687,0.456429384397,0
107688,0.413525288352,0
107689,0.537556308092,0
107690,0.557139428279,0
107691,0.212322652559,0
107692,0.431315931915,0
107693,0.52404386594,0
107694,0.361464400647,0
107695,0.483859906748,0
107696,0.426195583487,0
107697,0.777824524603,0
107698,0.910858318,0
107699,0.780650520387,0
107700,0.662518739944,0
107701,0.895328353691,0
107702,0.916455986698,0
107703,0.799562705639,0
107704,0.804785845171,0
107705,1.15804027131,0
107706,1.27053676094,0
107707,0.986084228867,0
107708,1.36185875298,0
107709,0.993332192403,0
107710,1.44811533852,0
107711,1.19992823774,0
107712,1.33113983509,0
107713,1.22644350991,0
107714,1.40831017217,0
107715,1.52839638549,0
107716,1.63541102211,0
107717,1.35983101145,0
107718,1.73205165889,0
107719,1.50227077875,0
107720,1.52070270389,0
107721,1.50004591586,0
107722,1.77401151653,0
107723,1.57966459622,0
107724,1.60957075667,0
107725,1.62834050448,0
107726,1.69199382711,0
107727,1.81200091545,0
107728,2.08296109061,0
107729,1.93615639977,0
107730,1.81217318119,0
107731,2.15537032342,0
107732,2.13836943036,0
107733,1.82965283897,0
107734,2.12614413242,0
107735,2.25989620405,0
107736,2.2620215661,0
107737,1.96214627306,0
107738,2.31026498818,0
107739,1.95658215102,0
107740,2.28617417413,0
107741,2.34886922856,0
107742,2.17947506011,0
107743,2.2051698655,0
107744,1.98124657363,0
107745,2.06673524736,0
107746,2.39212696815,0
107747,2.33035085612,0
107748,2.25366441017,0
107749,1.99039563578,0
107750,2.00783525032,0
107751,2.24628363961,0
107752,2.38229506557,0
107753,2.30900566374,0
107754,2.17382793985,0
107755,2.14008189402,0
107756,2.21355481293,0
107757,2.18085359728,0
107758,2.09690652746,0
107759,1.91717095611,0
107760,2.15893599699,0
107761,1.89054543067,0
107762,2.05776012679,0
107763,1.85762175663,0
107764,2.15900274804,0
107765,1.86629320136,0
107766,2.06662699086,0
107767,1.85956006286,0
107768,1.86145004308,0
107769,2.06795622149,0
107770,1.70517519933,0
107771,1.81330993018,0
107772,1.65040664259,0
107773,1.9509678472,0
107774,1.66209645277,0
107775,1.54883351479,0
107776,1.80900872262,0
107777,1.89279059635,0
107778,1.59557238943,0
107779,1.79387766342,0
107780,1.58985315305,0
107781,1.7450798325,0
107782,1.67393606623,0
107783,1.2571249237,0
107784,1.55203309701,0
107785,1.59840779389,0
107786,1.17206356561,0
107787,1.12947450464,0
107788,1.44565506035,0
107789,1.42334296453,0
107790,1.11052889779,0
107791,1.13607339816,0
107792,0.899522278339,0
107793,0.918719586734,0
107794,1.16988693897,0
107795,1.17037704264,0
107796,0.99650389716,0
107797,1.077984072,0
107798,0.704432745719,0
107799,0.997148644929,0
107800,0.573373008473,0
107801,0.63909530301,0
107802,0.853356299271,0
107803,0.655843517736,0
107804,0.478678088917,0
107805,0.328028164827,0
107806,0.603992021529,0
107807,0.236960551696,0
107808,0.308208431529,0
107809,0.34989588695,0
107810,0.491561838516,0
107811,0.236080839123,0
107812,0.322444663406,0
107813,0.10252694131,0
107814,-0.00258321401284,0
107815,0.273313277548,0
107816,0.0251867119349,0
107817,-0.188672476541,0
107818,-0.184286690396,0
107819,-0.0183495143285,0
107820,0.0938490885078,0
107821,-0.27271237397,0
107822,-0.173639705056,0
107823,-0.403583226103,0
107824,-0.43569582326,0
107825,-0.0857079860318,0
107826,-0.14928667001,0
107827,-0.108506565132,0
107828,-0.180385614326,0
107829,-0.21627414698,0
107830,-0.407398011286,0
107831,-0.524733103415,0
107832,-0.533894313236,0
107833,-0.31932044556,0
107834,-0.699223333299,0
107835,-0.720420896401,0
107836,-0.325487442661,0
107837,-0.617557952204,0
107838,-0.673545185891,0
107839,-0.780113266469,0
107840,-0.805578843764,0
107841,-0.401962275511,0
107842,-0.773960600488,0
107843,-0.817163158539,0
107844,-0.53387202097,0
107845,-0.514128042839,0
107846,-0.624728363515,0
107847,-0.496591116041,0
107848,-0.698417623071,0
107849,-0.836272200584,0
107850,-0.707022454898,0
107851,-0.454641782691,0
107852,-0.870737106762,0
107853,-0.725257824813,0
107854,-0.842207101193,0
107855,-0.583026358074,0
107856,-0.844746048468,0
107857,-0.453479220262,0
107858,-0.571000576431,0
107859,-0.723543081302,0
107860,-0.801064618408,0
107861,-0.484049192373,0
107862,-0.366352259045,0
107863,-0.35442106895,0
107864,-0.378206070353,0
107865,-0.403448842386,0
107866,-0.54604955903,0
107867,-0.374867103714,0
107868,-0.252070204627,0
107869,-0.462799682272,0
107870,-0.561988747369,0
107871,-0.244978042053,0
107872,-0.21973287722,0
107873,-0.219874114549,0
107874,-0.375182756159,0
107875,-0.440439669864,0
107876,-0.220248906239,0
107877,-0.193815411478,0
107878,-0.06561663328,0
107879,-0.201279513032,0
107880,-0.27291324669,0
107881,-0.244413317884,0
107882,0.165444410631,0
107883,0.221912592513,0
107884,-0.123485788395,0
107885,0.326442206765,0
107886,0.26714197195,0
107887,0.402706091297,0
107888,0.359801995252,0
107889,0.483833014992,0
107890,0.503416135179,0
107891,0.158599359459,0
107892,0.377592638815,0
107893,0.47032057284,0
107894,0.307741107547,0
107895,0.430136613648,0
107896,0.372472290387,0
107897,0.724101231504,0
107898,0.8571350249,0
107899,0.726927227287,0
107900,0.608795446844,0
107901,0.841605060591,0
107902,0.862732693598,0
107903,0.74583941254,0
107904,0.751062552072,0
107905,1.10431697821,0
107906,1.21681346784,0
107907,0.932360935767,0
107908,1.30813545988,0
107909,0.939608899304,0
107910,1.39439204542,0
107911,1.14620494464,0
107912,1.27741654199,0
107913,1.17272021681,0
107914,1.35458687907,0
107915,1.47467309239,0
107916,1.58168772901,0
107917,1.30610771835,0
107918,1.67832836579,0
107919,1.44854748565,0
107920,1.46697941079,0
107921,1.44632262276,0
107922,1.72028822343,0
107923,1.52594130312,0
107924,1.55584746357,0
107925,1.57461721138,0
107926,1.63827053401,0
107927,1.75827762235,0
107928,2.02923779752,0
107929,1.88243310667,0
107930,1.75844988809,0
107931,2.10164703032,0
107932,2.08464613726,0
107933,1.77592954587,0
107934,2.07242083932,0
107935,2.20617291095,0
107936,2.208298273,0
107937,1.90842297996,0
107938,2.25654169508,0
107939,1.90285885792,0
107940,2.23245088103,0
107941,2.29514593546,0
107942,2.12575176701,0
107943,2.1514465724,0
107944,1.92752328053,0
107945,2.01301195426,0
107946,2.33840367505,0
107947,2.27662756302,0
107948,2.19994111707,0
107949,1.93667234268,0
107950,1.95411195722,0
107951,2.19256034651,0
107952,2.32857177247,0
107953,2.25528237064,0
107954,2.12010464675,0
107955,2.08635860092,0
107956,2.15983151983,0
107957,2.12713030418,0
107958,2.04318323436,0
107959,1.86344766301,0
107960,2.10521270389,0
107961,1.83682213757,0
107962,2.00403683369,0
107963,1.80389846353,0
107964,2.10527945494,0
107965,1.81256990826,0
107966,2.01290369776,0
107967,1.80583676976,0
107968,1.80772674998,0
107969,2.01423292839,0
107970,1.65145190623,0
107971,1.75958663708,0
107972,1.59668334949,0
107973,1.8972445541,0
107974,1.60837315967,0
107975,1.49511022169,0
107976,1.75528542952,0
107977,1.83906730325,0
107978,1.54184909633,0
107979,1.74015437032,0
107980,1.53612985995,0
107981,1.6913565394,0
107982,1.62021277313,0
107983,1.2034016306,0
107984,1.49830980391,0
107985,1.5446845008,0
107986,1.11834027251,0
107987,1.07575121154,0
107988,1.39193176725,0
107989,1.36961967143,0
107990,1.05680560469,0
107991,1.08235010506,0
107992,0.845798985239,0
107993,0.864996293634,0
107994,1.11616364587,0
107995,1.11665374954,0
107996,0.94278060406,0
107997,1.0242607789,0
107998,0.650709452619,0
107999,0.943425351829,0
108000,0.567252275223,0
108001,0.632974569759,0
108002,0.847235566021,0
108003,0.649722784486,0
108004,0.472557355667,0
108005,0.321907431577,0
108006,0.597871288279,0
108007,0.230839818446,0
108008,0.302087698278,0
108009,0.3437751537,0
108010,0.485441105265,0
108011,0.229960105873,0
108012,0.316323930156,0
108013,0.09640620806,0
108014,-0.00870394726313,0
108015,0.267192544298,0
108016,0.0190659786846,0
108017,-0.194793209791,0
108018,-0.190407423647,0
108019,-0.0244702475788,0
108020,0.0877283552575,0
108021,-0.27883310722,0
108022,-0.179760438306,0
108023,-0.409703959353,0
108024,-0.44181655651,0
108025,-0.0918287192821,0
108026,-0.15540740326,0
108027,-0.114627298382,0
108028,-0.186506347576,0
108029,-0.22239488023,0
108030,-0.413518744536,0
108031,-0.530853836666,0
108032,-0.540015046487,0
108033,-0.32544117881,0
108034,-0.70534406655,0
108035,-0.726541629652,0
108036,-0.331608175912,0
108037,-0.623678685454,0
108038,-0.679665919142,0
108039,-0.786233999719,0
108040,-0.811699577014,0
108041,-0.408083008761,0
108042,-0.780081333738,0
108043,-0.823283891789,0
108044,-0.53999275422,0
108045,-0.52024877609,0
108046,-0.630849096766,0
108047,-0.502711849292,0
108048,-0.704538356322,0
108049,-0.842392933834,0
108050,-0.713143188148,0
108051,-0.460762515942,0
108052,-0.876857840012,0
108053,-0.731378558063,0
108054,-0.848327834444,0
108055,-0.589147091324,0
108056,-0.850866781718,0
108057,-0.459599953512,0
108058,-0.577121309682,0
108059,-0.729663814552,0
108060,-0.807185351658,0
108061,-0.490169925624,0
108062,-0.372472992295,0
108063,-0.360541802201,0
108064,-0.384326803603,0
108065,-0.409569575636,0
108066,-0.55217029228,0
108067,-0.380987836964,0
108068,-0.258190937877,0
108069,-0.468920415522,0
108070,-0.568109480619,0
108071,-0.251098775303,0
108072,-0.225853610471,0
108073,-0.225994847799,0
108074,-0.381303489409,0
108075,-0.446560403115,0
108076,-0.226369639489,0
108077,-0.199936144729,0
108078,-0.0717373665303,0
108079,-0.207400246282,0
108080,-0.279033979941,0
108081,-0.250534051134,0
108082,0.15932367738,0
108083,0.215791859263,0
108084,-0.129606521646,0
108085,0.320321473515,0
108086,0.2610212387,0
108087,0.396585358047,0
108088,0.353681262002,0
108089,0.477712281742,0
108090,0.497295401929,0
108091,0.152478626209,0
108092,0.371471905565,0
108093,0.46419983959,0
108094,0.301620374297,0
108095,0.424015880398,0
108096,0.366351557137,0
108097,0.717980498253,0
108098,0.85101429165,0
108099,0.720806494037,0
108100,0.602674713594,0
108101,0.835484327341,0
108102,0.856611960348,0
108103,0.739718679289,0
108104,0.744941818821,0
108105,1.09819624496,0
108106,1.21069273459,0
108107,0.926240202517,0
108108,1.30201472663,0
108109,0.933488166053,0
108110,1.38827131217,0
108111,1.14008421139,0
108112,1.27129580874,0
108113,1.16659948356,0
108114,1.34846614582,0
108115,1.46855235914,0
108116,1.57556699576,0
108117,1.2999869851,0
108118,1.67220763254,0
108119,1.4424267524,0
108120,1.46085867754,0
108121,1.44020188951,0
108122,1.71416749018,0
108123,1.51982056987,0
108124,1.54972673032,0
108125,1.56849647813,0
108126,1.63214980076,0
108127,1.7521568891,0
108128,2.02311706426,0
108129,1.87631237342,0
108130,1.75232915484,0
108131,2.09552629707,0
108132,2.07852540401,0
108133,1.76980881262,0
108134,2.06630010607,0
108135,2.2000521777,0
108136,2.20217753975,0
108137,1.90230224671,0
108138,2.25042096183,0
108139,1.89673812467,0
108140,2.22633014778,0
108141,2.28902520221,0
108142,2.11963103376,0
108143,2.14532583915,0
108144,1.92140254728,0
108145,2.00689122101,0
108146,2.3322829418,0
108147,2.27050682977,0
108148,2.19382038382,0
108149,1.93055160943,0
108150,1.94799122397,0
108151,2.18643961326,0
108152,2.32245103922,0
108153,2.24916163739,0
108154,2.1139839135,0
108155,2.08023786767,0
108156,2.15371078658,0
108157,2.12100957093,0
108158,2.03706250111,0
108159,1.85732692976,0
108160,2.09909197064,0
108161,1.83070140432,0
108162,1.99791610044,0
108163,1.79777773028,0
108164,2.09915872169,0
108165,1.80644917501,0
108166,2.00678296451,0
108167,1.79971603651,0
108168,1.80160601673,0
108169,2.00811219514,0
108170,1.64533117298,0
108171,1.75346590383,0
108172,1.59056261624,0
108173,1.89112382085,0
108174,1.60225242642,0
108175,1.48898948844,0
108176,1.74916469627,0
108177,1.83294657,0
108178,1.53572836308,0
108179,1.73403363707,0
108180,1.53000912669,0
108181,1.68523580615,0
108182,1.61409203988,0
108183,1.19728089735,0
108184,1.49218907066,0
108185,1.53856376754,0
108186,1.11221953926,0
108187,1.06963047829,0
108188,1.385811034,0
108189,1.36349893818,0
108190,1.05068487144,0
108191,1.07622937181,0
108192,0.839678251989,0
108193,0.858875560384,0
108194,1.11004291262,0
108195,1.11053301629,0
108196,0.93665987081,0
108197,1.01814004565,0
108198,0.644588719369,0
108199,0.937304618579,0
108200,0.665957599147,0
108201,0.731679893683,0
108202,0.945940889945,0
108203,0.748428108409,0
108204,0.571262679591,0
108205,0.4206127555,0
108206,0.696576612203,0
108207,0.32954514237,0
108208,0.400793022202,0
108209,0.442480477624,0
108210,0.584146429189,0
108211,0.328665429797,0
108212,0.415029254079,0
108213,0.195111531984,0
108214,0.0900013766606,0
108215,0.365897868221,0
108216,0.117771302608,0
108217,-0.0960878858674,0
108218,-0.0917020997228,0
108219,0.074235076345,0
108220,0.186433679181,0
108221,-0.180127783297,0
108222,-0.0810551143825,0
108223,-0.31099863543,0
108224,-0.343111232586,0
108225,0.00687660464163,0
108226,-0.056702079336,0
108227,-0.0159219744581,0
108228,-0.0878010236524,0
108229,-0.123689556306,0
108230,-0.314813420612,0
108231,-0.432148512742,0
108232,-0.441309722563,0
108233,-0.226735854887,0
108234,-0.606638742626,0
108235,-0.627836305728,0
108236,-0.232902851988,0
108237,-0.52497336153,0
108238,-0.580960595218,0
108239,-0.687528675796,0
108240,-0.71299425309,0
108241,-0.309377684837,0
108242,-0.681376009814,0
108243,-0.724578567865,0
108244,-0.441287430296,0
108245,-0.421543452166,0
108246,-0.532143772842,0
108247,-0.404006525368,0
108248,-0.605833032398,0
108249,-0.74368760991,0
108250,-0.614437864225,0
108251,-0.362057192018,0
108252,-0.778152516089,0
108253,-0.632673234139,0
108254,-0.74962251052,0
108255,-0.4904417674,0
108256,-0.752161457794,0
108257,-0.360894629588,0
108258,-0.478415985758,0
108259,-0.630958490628,0
108260,-0.708480027734,0
108261,-0.3914646017,0
108262,-0.273767668371,0
108263,-0.261836478277,0
108264,-0.285621479679,0
108265,-0.310864251712,0
108266,-0.453464968356,0
108267,-0.28228251304,0
108268,-0.159485613953,0
108269,-0.370215091599,0
108270,-0.469404156695,0
108271,-0.152393451379,0
108272,-0.127148286547,0
108273,-0.127289523875,0
108274,-0.282598165486,0
108275,-0.347855079191,0
108276,-0.127664315565,0
108277,-0.101230820805,0
108278,0.0269679573934,0
108279,-0.108694922358,0
108280,-0.180328656017,0
108281,-0.15182872721,0
108282,0.258029001304,0
108283,0.314497183187,0
108284,-0.0309011977219,0
108285,0.419026797438,0
108286,0.359726562624,0
108287,0.495290681971,0
108288,0.452386585926,0
108289,0.576417605666,0
108290,0.596000725852,0
108291,0.251183950133,0
108292,0.470177229488,0
108293,0.562905163513,0
108294,0.400325698221,0
108295,0.522721204321,0
108296,0.46505688106,0
108297,0.816685822177,0
108298,0.949719615574,0
108299,0.819511817961,0
108300,0.701380037517,0
108301,0.934189651265,0
108302,0.955317284271,0
108303,0.838424003213,0
108304,0.843647142745,0
108305,1.19690156888,0
108306,1.30939805852,0
108307,1.02494552644,0
108308,1.40072005055,0
108309,1.03219348998,0
108310,1.48697663609,0
108311,1.23878953532,0
108312,1.37000113267,0
108313,1.26530480749,0
108314,1.44717146974,0
108315,1.56725768306,0
108316,1.67427231968,0
108317,1.39869230902,0
108318,1.77091295647,0
108319,1.54113207632,0
108320,1.55956400146,0
108321,1.53890721343,0
108322,1.8128728141,0
108323,1.61852589379,0
108324,1.64843205425,0
108325,1.66720180205,0
108326,1.73085512468,0
108327,1.85086221302,0
108328,2.12182238819,0
108329,1.97501769734,0
108330,1.85103447877,0
108331,2.19423162099,0
108332,2.17723072793,0
108333,1.86851413654,0
108334,2.16500542999,0
108335,2.29875750162,0
108336,2.30088286367,0
108337,2.00100757064,0
108338,2.34912628576,0
108339,1.9954434486,0
108340,2.3250354717,0
108341,2.38773052613,0
108342,2.21833635769,0
108343,2.24403116307,0
108344,2.0201078712,0
108345,2.10559654494,0
108346,2.43098826572,0
108347,2.36921215369,0
108348,2.29252570774,0
108349,2.02925693335,0
108350,2.04669654789,0
108351,2.28514493719,0
108352,2.42115636314,0
108353,2.34786696131,0
108354,2.21268923742,0
108355,2.1789431916,0
108356,2.25241611051,0
108357,2.21971489485,0
108358,2.13576782504,0
108359,1.95603225368,0
108360,2.19779729457,0
108361,1.92940672824,0
108362,2.09662142437,0
108363,1.89648305421,0
108364,2.19786404561,0
108365,1.90515449893,0
108366,2.10548828843,0
108367,1.89842136044,0
108368,1.90031134066,0
108369,2.10681751907,0
108370,1.74403649691,0
108371,1.85217122775,0
108372,1.68926794017,0
108373,1.98982914477,0
108374,1.70095775035,0
108375,1.58769481236,0
108376,1.84787002019,0
108377,1.93165189393,0
108378,1.63443368701,0
108379,1.832738961,0
108380,1.62871445062,0
108381,1.78394113008,0
108382,1.71279736381,0
108383,1.29598622127,0
108384,1.59089439458,0
108385,1.63726909147,0
108386,1.21092486318,0
108387,1.16833580221,0
108388,1.48451635792,0
108389,1.4622042621,0
108390,1.14939019537,0
108391,1.17493469574,0
108392,0.938383575913,0
108393,0.957580884308,0
108394,1.20874823654,0
108395,1.20923834021,0
108396,1.03536519473,0
108397,1.11684536958,0
108398,0.743294043293,0
108399,1.0360099425,0
108400,0.787214052341,0
108401,0.852936346877,0
108402,1.06719734314,0
108403,0.869684561604,0
108404,0.692519132785,0
108405,0.541869208695,0
108406,0.817833065397,0
108407,0.450801595564,0
108408,0.522049475396,0
108409,0.563736930818,0
108410,0.705402882384,0
108411,0.449921882991,0
108412,0.536285707274,0
108413,0.316367985178,0
108414,0.211257829855,0
108415,0.487154321416,0
108416,0.239027755803,0
108417,0.0251685673271,0
108418,0.0295543534716,0
108419,0.195491529539,0
108420,0.307690132376,0
108421,-0.0588713301021,0
108422,0.040201338812,0
108423,-0.189742182235,0
108424,-0.221854779392,0
108425,0.128133057836,0
108426,0.0645543738584,0
108427,0.105334478736,0
108428,0.033455429542,0
108429,-0.00243310311205,0
108430,-0.193556967418,0
108431,-0.310892059547,0
108432,-0.320053269368,0
108433,-0.105479401692,0
108434,-0.485382289431,0
108435,-0.506579852533,0
108436,-0.111646398793,0
108437,-0.403716908336,0
108438,-0.459704142023,0
108439,-0.566272222601,0
108440,-0.591737799896,0
108441,-0.188121231643,0
108442,-0.56011955662,0
108443,-0.603322114671,0
108444,-0.320030977102,0
108445,-0.300286998971,0
108446,-0.410887319647,0
108447,-0.282750072173,0
108448,-0.484576579203,0
108449,-0.622431156716,0
108450,-0.49318141103,0
108451,-0.240800738824,0
108452,-0.656896062894,0
108453,-0.511416780945,0
108454,-0.628366057325,0
108455,-0.369185314206,0
108456,-0.6309050046,0
108457,-0.239638176394,0
108458,-0.357159532563,0
108459,-0.509702037434,0
108460,-0.58722357454,0
108461,-0.270208148505,0
108462,-0.152511215177,0
108463,-0.140580025082,0
108464,-0.164365026485,0
108465,-0.189607798518,0
108466,-0.332208515162,0
108467,-0.161026059846,0
108468,-0.038229160759,0
108469,-0.248958638404,0
108470,-0.348147703501,0
108471,-0.0311369981847,0
108472,-0.00589183335249,0
108473,-0.00603307068099,0
108474,-0.161341712291,0
108475,-0.226598625997,0
108476,-0.00640786237088,0
108477,0.0200256323896,0
108478,0.148224410588,0
108479,0.012561530836,0
108480,-0.0590722028223,0
108481,-0.0305722740157,0
108482,0.379285454499,0
108483,0.435753636381,0
108484,0.0903552554725,0
108485,0.540283250633,0
108486,0.480983015818,0
108487,0.616547135165,0
108488,0.57364303912,0
108489,0.69767405886,0
108490,0.717257179047,0
108491,0.372440403327,0
108492,0.591433682683,0
108493,0.684161616708,0
108494,0.521582151415,0
108495,0.643977657516,0
108496,0.586313334255,0
108497,0.937942275371,0
108498,1.07097606877,0
108499,0.940768271155,0
108500,0.822636490712,0
108501,1.05544610446,0
108502,1.07657373747,0
108503,0.959680456408,0
108504,0.964903595939,0
108505,1.31815802208,0
108506,1.43065451171,0
108507,1.14620197963,0
108508,1.52197650375,0
108509,1.15344994317,0
108510,1.60823308928,0
108511,1.36004598851,0
108512,1.49125758586,0
108513,1.38656126068,0
108514,1.56842792294,0
108515,1.68851413625,0
108516,1.79552877288,0
108517,1.51994876222,0
108518,1.89216940966,0
108519,1.66238852952,0
108520,1.68082045465,0
108521,1.66016366663,0
108522,1.93412926729,0
108523,1.73978234698,0
108524,1.76968850744,0
108525,1.78845825525,0
108526,1.85211157788,0
108527,1.97211866622,0
108528,2.24307884138,0
108529,2.09627415054,0
108530,1.97229093196,0
108531,2.31548807419,0
108532,2.29848718113,0
108533,1.98977058974,0
108534,2.28626188319,0
108535,2.42001395481,0
108536,2.42213931686,0
108537,2.12226402383,0
108538,2.47038273895,0
108539,2.11669990179,0
108540,2.4462919249,0
108541,2.50898697933,0
108542,2.33959281088,0
108543,2.36528761627,0
108544,2.1413643244,0
108545,2.22685299813,0
108546,2.55224471891,0
108547,2.49046860689,0
108548,2.41378216094,0
108549,2.15051338655,0
108550,2.16795300109,0
108551,2.40640139038,0
108552,2.54241281634,0
108553,2.4691234145,0
108554,2.33394569062,0
108555,2.30019964479,0
108556,2.3736725637,0
108557,2.34097134805,0
108558,2.25702427823,0
108559,2.07728870688,0
108560,2.31905374776,0
108561,2.05066318144,0
108562,2.21787787756,0
108563,2.0177395074,0
108564,2.31912049881,0
108565,2.02641095212,0
108566,2.22674474163,0
108567,2.01967781363,0
108568,2.02156779385,0
108569,2.22807397226,0
108570,1.8652929501,0
108571,1.97342768095,0
108572,1.81052439336,0
108573,2.11108559797,0
108574,1.82221420354,0
108575,1.70895126555,0
108576,1.96912647339,0
108577,2.05290834712,0
108578,1.7556901402,0
108579,1.95399541419,0
108580,1.74997090381,0
108581,1.90519758327,0
108582,1.834053817,0
108583,1.41724267447,0
108584,1.71215084777,0
108585,1.75852554466,0
108586,1.33218131638,0
108587,1.2895922554,0
108588,1.60577281112,0
108589,1.58346071529,0
108590,1.27064664856,0
108591,1.29619114893,0
108592,1.05964002911,0
108593,1.0788373375,0
108594,1.33000468973,0
108595,1.3304947934,0
108596,1.15662164793,0
108597,1.23810182277,0
108598,0.864550496487,0
108599,1.1572663957,0
108600,0.5882964779,0
108601,0.654018772436,0
108602,0.868279768698,0
108603,0.670766987163,0
108604,0.493601558344,0
108605,0.342951634254,0
108606,0.618915490956,0
108607,0.251884021123,0
108608,0.323131900955,0
108609,0.364819356377,0
108610,0.506485307943,0
108611,0.25100430855,0
108612,0.337368132833,0
108613,0.117450410737,0
108614,0.0123402554141,0
108615,0.288236746975,0
108616,0.0401101813617,0
108617,-0.173749007114,0
108618,-0.169363220969,0
108619,-0.0034260449016,0
108620,0.108772557935,0
108621,-0.257788904543,0
108622,-0.158716235629,0
108623,-0.388659756676,0
108624,-0.420772353833,0
108625,-0.070784516605,0
108626,-0.134363200583,0
108627,-0.0935830957047,0
108628,-0.165462144899,0
108629,-0.201350677553,0
108630,-0.392474541859,0
108631,-0.509809633988,0
108632,-0.518970843809,0
108633,-0.304396976133,0
108634,-0.684299863872,0
108635,-0.705497426974,0
108636,-0.310563973234,0
108637,-0.602634482777,0
108638,-0.658621716465,0
108639,-0.765189797042,0
108640,-0.790655374337,0
108641,-0.387038806084,0
108642,-0.759037131061,0
108643,-0.802239689112,0
108644,-0.518948551543,0
108645,-0.499204573412,0
108646,-0.609804894089,0
108647,-0.481667646614,0
108648,-0.683494153644,0
108649,-0.821348731157,0
108650,-0.692098985471,0
108651,-0.439718313265,0
108652,-0.855813637335,0
108653,-0.710334355386,0
108654,-0.827283631766,0
108655,-0.568102888647,0
108656,-0.829822579041,0
108657,-0.438555750835,0
108658,-0.556077107004,0
108659,-0.708619611875,0
108660,-0.786141148981,0
108661,-0.469125722946,0
108662,-0.351428789618,0
108663,-0.339497599524,0
108664,-0.363282600926,0
108665,-0.388525372959,0
108666,-0.531126089603,0
108667,-0.359943634287,0
108668,-0.2371467352,0
108669,-0.447876212845,0
108670,-0.547065277942,0
108671,-0.230054572626,0
108672,-0.204809407794,0
108673,-0.204950645122,0
108674,-0.360259286732,0
108675,-0.425516200438,0
108676,-0.205325436812,0
108677,-0.178891942051,0
108678,-0.0506931638531,0
108679,-0.186356043605,0
108680,-0.257989777263,0
108681,-0.229489848457,0
108682,0.180367880058,0
108683,0.23683606194,0
108684,-0.108562318969,0
108685,0.341365676192,0
108686,0.282065441377,0
108687,0.417629560724,0
108688,0.374725464679,0
108689,0.498756484419,0
108690,0.518339604606,0
108691,0.173522828886,0
108692,0.392516108242,0
108693,0.485244042267,0
108694,0.322664576974,0
108695,0.445060083075,0
108696,0.387395759814,0
108697,0.73902470093,0
108698,0.872058494327,0
108699,0.741850696714,0
108700,0.623718916271,0
108701,0.856528530018,0
108702,0.877656163025,0
108703,0.760762881966,0
108704,0.765986021498,0
108705,1.11924044764,0
108706,1.23173693727,0
108707,0.947284405194,0
108708,1.32305892931,0
108709,0.954532368731,0
108710,1.40931551484,0
108711,1.16112841407,0
108712,1.29234001142,0
108713,1.18764368624,0
108714,1.3695103485,0
108715,1.48959656181,0
108716,1.59661119844,0
108717,1.32103118778,0
108718,1.69325183522,0
108719,1.46347095508,0
108720,1.48190288021,0
108721,1.46124609219,0
108722,1.73521169285,0
108723,1.54086477254,0
108724,1.570770933,0
108725,1.58954068081,0
108726,1.65319400344,0
108727,1.77320109178,0
108728,2.04416126694,0
108729,1.89735657609,0
108730,1.77337335752,0
108731,2.11657049975,0
108732,2.09956960668,0
108733,1.79085301529,0
108734,2.08734430875,0
108735,2.22109638037,0
108736,2.22322174242,0
108737,1.92334644939,0
108738,2.27146516451,0
108739,1.91778232735,0
108740,2.24737435046,0
108741,2.31006940489,0
108742,2.14067523644,0
108743,2.16637004183,0
108744,1.94244674996,0
108745,2.02793542369,0
108746,2.35332714447,0
108747,2.29155103244,0
108748,2.2148645865,0
108749,1.95159581211,0
108750,1.96903542665,0
108751,2.20748381594,0
108752,2.3434952419,0
108753,2.27020584006,0
108754,2.13502811617,0
108755,2.10128207035,0
108756,2.17475498926,0
108757,2.14205377361,0
108758,2.05810670379,0
108759,1.87837113244,0
108760,2.12013617332,0
108761,1.851745607,0
108762,2.01896030312,0
108763,1.81882193296,0
108764,2.12020292437,0
108765,1.82749337768,0
108766,2.02782716718,0
108767,1.82076023919,0
108768,1.82265021941,0
108769,2.02915639782,0
108770,1.66637537566,0
108771,1.77451010651,0
108772,1.61160681892,0
108773,1.91216802353,0
108774,1.6232966291,0
108775,1.51003369111,0
108776,1.77020889895,0
108777,1.85399077268,0
108778,1.55677256576,0
108779,1.75507783975,0
108780,1.55105332937,0
108781,1.70628000883,0
108782,1.63513624256,0
108783,1.21832510003,0
108784,1.51323327333,0
108785,1.55960797022,0
108786,1.13326374193,0
108787,1.09067468096,0
108788,1.40685523668,0
108789,1.38454314085,0
108790,1.07172907412,0
108791,1.09727357449,0
108792,0.860722454666,0
108793,0.879919763061,0
108794,1.13108711529,0
108795,1.13157721896,0
108796,0.957704073487,0
108797,1.03918424833,0
108798,0.665632922046,0
108799,0.958348821256,0
108800,0.326905099798,0
108801,0.392627394334,0
108802,0.606888390596,0
108803,0.40937560906,0
108804,0.232210180242,0
108805,0.081560256151,0
108806,0.357524112853,0
108807,-0.00950735697936,0
108808,0.0617405228528,0
108809,0.103427978274,0
108810,0.24509392984,0
108811,-0.0103870695526,0
108812,0.0759767547302,0
108813,-0.143940967365,0
108814,-0.249051122689,0
108815,0.0268453688722,0
108816,-0.221281196741,0
108817,-0.435140385217,0
108818,-0.430754599072,0
108819,-0.264817423004,0
108820,-0.152618820168,0
108821,-0.519180282646,0
108822,-0.420107613732,0
108823,-0.650051134779,0
108824,-0.682163731935,0
108825,-0.332175894708,0
108826,-0.395754578685,0
108827,-0.354974473807,0
108828,-0.426853523002,0
108829,-0.462742055656,0
108830,-0.653865919961,0
108831,-0.771201012091,0
108832,-0.780362221912,0
108833,-0.565788354236,0
108834,-0.945691241975,0
108835,-0.966888805077,0
108836,-0.571955351337,0
108837,-0.864025860879,0
108838,-0.920013094567,0
108839,-1.02658117514,0
108840,-1.05204675244,0
108841,-0.648430184187,0
108842,-1.02042850916,0
108843,-1.06363106721,0
108844,-0.780339929645,0
108845,-0.760595951515,0
108846,-0.871196272191,0
108847,-0.743059024717,0
108848,-0.944885531747,0
108849,-1.08274010926,0
108850,-0.953490363574,0
108851,-0.701109691367,0
108852,-1.11720501544,0
108853,-0.971725733489,0
108854,-1.08867500987,0
108855,-0.829494266749,0
108856,-1.09121395714,0
108857,-0.699947128938,0
108858,-0.817468485107,0
108859,-0.970010989978,0
108860,-1.04753252708,0
108861,-0.730517101049,0
108862,-0.61282016772,0
108863,-0.600888977626,0
108864,-0.624673979028,0
108865,-0.649916751062,0
108866,-0.792517467706,0
108867,-0.62133501239,0
108868,-0.498538113303,0
108869,-0.709267590948,0
108870,-0.808456656045,0
108871,-0.491445950728,0
108872,-0.466200785896,0
108873,-0.466342023225,0
108874,-0.621650664835,0
108875,-0.68690757854,0
108876,-0.466716814915,0
108877,-0.440283320154,0
108878,-0.312084541956,0
108879,-0.447747421708,0
108880,-0.519381155366,0
108881,-0.490881226559,0
108882,-0.081023498045,0
108883,-0.0245553161626,0
108884,-0.369953697071,0
108885,0.0799742980891,0
108886,0.0206740632745,0
108887,0.156238182621,0
108888,0.113334086577,0
108889,0.237365106317,0
108890,0.256948226503,0
108891,-0.0878685492165,0
108892,0.131124730139,0
108893,0.223852664164,0
108894,0.0612731988714,0
108895,0.183668704972,0
108896,0.126004381711,0
108897,0.477633322828,0
108898,0.610667116224,0
108899,0.480459318611,0
108900,0.362327538168,0
108901,0.595137151915,0
108902,0.616264784922,0
108903,0.499371503864,0
108904,0.504594643396,0
108905,0.857849069534,0
108906,0.970345559168,0
108907,0.685893027091,0
108908,1.0616675512,0
108909,0.693140990628,0
108910,1.14792413674,0
108911,0.899737035967,0
108912,1.03094863332,0
108913,0.926252308136,0
108914,1.10811897039,0
108915,1.22820518371,0
108916,1.33521982034,0
108917,1.05963980967,0
108918,1.43186045712,0
108919,1.20207957698,0
108920,1.22051150211,0
108921,1.19985471408,0
108922,1.47382031475,0
108923,1.27947339444,0
108924,1.3093795549,0
108925,1.3281493027,0
108926,1.39180262534,0
108927,1.51180971367,0
108928,1.78276988884,0
108929,1.63596519799,0
108930,1.51198197942,0
108931,1.85517912164,0
108932,1.83817822858,0
108933,1.52946163719,0
108934,1.82595293065,0
108935,1.95970500227,0
108936,1.96183036432,0
108937,1.66195507129,0
108938,2.01007378641,0
108939,1.65639094925,0
108940,1.98598297235,0
108941,2.04867802678,0
108942,1.87928385834,0
108943,1.90497866372,0
108944,1.68105537185,0
108945,1.76654404559,0
108946,2.09193576637,0
108947,2.03015965434,0
108948,1.95347320839,0
108949,1.69020443401,0
108950,1.70764404854,0
108951,1.94609243784,0
108952,2.08210386379,0
108953,2.00881446196,0
108954,1.87363673807,0
108955,1.83989069225,0
108956,1.91336361116,0
108957,1.8806623955,0
108958,1.79671532569,0
108959,1.61697975433,0
108960,1.85874479522,0
108961,1.59035422889,0
108962,1.75756892502,0
108963,1.55743055486,0
108964,1.85881154626,0
108965,1.56610199958,0
108966,1.76643578908,0
108967,1.55936886109,0
108968,1.56125884131,0
108969,1.76776501972,0
108970,1.40498399756,0
108971,1.5131187284,0
108972,1.35021544082,0
108973,1.65077664542,0
108974,1.361905251,0
108975,1.24864231301,0
108976,1.50881752084,0
108977,1.59259939458,0
108978,1.29538118766,0
108979,1.49368646165,0
108980,1.28966195127,0
108981,1.44488863073,0
108982,1.37374486446,0
108983,0.956933721925,0
108984,1.25184189523,0
108985,1.29821659212,0
108986,0.871872363831,0
108987,0.829283302861,0
108988,1.14546385857,0
108989,1.12315176275,0
108990,0.810337696017,0
108991,0.835882196387,0
108992,0.599331076563,0
108993,0.618528384959,0
108994,0.86969573719,0
108995,0.87018584086,0
108996,0.696312695384,0
108997,0.777792870228,0
108998,0.404241543943,0
108999,0.696957443153,0
109000,0.199469703553,0
109001,0.265191998089,0
109002,0.479452994351,0
109003,0.281940212815,0
109004,0.104774783997,0
109005,-0.0458751400935,0
109006,0.230088716609,0
109007,-0.136942753224,0
109008,-0.0656948733918,0
109009,-0.0240074179701,0
109010,0.117658533595,0
109011,-0.137822465797,0
109012,-0.0514586415144,0
109013,-0.27137636361,0
109014,-0.376486518933,0
109015,-0.100590027372,0
109016,-0.348716592985,0
109017,-0.562575781461,0
109018,-0.558189995317,0
109019,-0.392252819249,0
109020,-0.280054216413,0
109021,-0.64661567889,0
109022,-0.547543009976,0
109023,-0.777486531023,0
109024,-0.80959912818,0
109025,-0.459611290952,0
109026,-0.52318997493,0
109027,-0.482409870052,0
109028,-0.554288919246,0
109029,-0.5901774519,0
109030,-0.781301316206,0
109031,-0.898636408336,0
109032,-0.907797618157,0
109033,-0.69322375048,0
109034,-1.07312663822,0
109035,-1.09432420132,0
109036,-0.699390747582,0
109037,-0.991461257124,0
109038,-1.04744849081,0
109039,-1.15401657139,0
109040,-1.17948214868,0
109041,-0.775865580431,0
109042,-1.14786390541,0
109043,-1.19106646346,0
109044,-0.90777532589,0
109045,-0.88803134776,0
109046,-0.998631668436,0
109047,-0.870494420962,0
109048,-1.07232092799,0
109049,-1.2101755055,0
109050,-1.08092575982,0
109051,-0.828545087612,0
109052,-1.24464041168,0
109053,-1.09916112973,0
109054,-1.21611040611,0
109055,-0.956929662994,0
109056,-1.21864935339,0
109057,-0.827382525182,0
109058,-0.944903881352,0
109059,-1.09744638622,0
109060,-1.17496792333,0
109061,-0.857952497294,0
109062,-0.740255563965,0
109063,-0.728324373871,0
109064,-0.752109375273,0
109065,-0.777352147306,0
109066,-0.91995286395,0
109067,-0.748770408634,0
109068,-0.625973509547,0
109069,-0.836702987192,0
109070,-0.935892052289,0
109071,-0.618881346973,0
109072,-0.593636182141,0
109073,-0.593777419469,0
109074,-0.749086061079,0
109075,-0.814342974785,0
109076,-0.594152211159,0
109077,-0.567718716399,0
109078,-0.4395199382,0
109079,-0.575182817952,0
109080,-0.646816551611,0
109081,-0.618316622804,0
109082,-0.20845889429,0
109083,-0.151990712407,0
109084,-0.497389093316,0
109085,-0.0474610981554,0
109086,-0.10676133297,0
109087,0.0288027863768,0
109088,-0.0141013096679,0
109089,0.109929710072,0
109090,0.129512830259,0
109091,-0.215303945461,0
109092,0.00368933389448,0
109093,0.0964172679196,0
109094,-0.0661621973732,0
109095,0.0562333087277,0
109096,-0.00143101453334,0
109097,0.350197926583,0
109098,0.48323171998,0
109099,0.353023922367,0
109100,0.234892141923,0
109101,0.467701755671,0
109102,0.488829388678,0
109103,0.371936107619,0
109104,0.377159247151,0
109105,0.730413673289,0
109106,0.842910162923,0
109107,0.558457630847,0
109108,0.934232154959,0
109109,0.565705594383,0
109110,1.0204887405,0
109111,0.772301639723,0
109112,0.903513237072,0
109113,0.798816911892,0
109114,0.980683574148,0
109115,1.10076978747,0
109116,1.20778442409,0
109117,0.932204413429,0
109118,1.30442506087,0
109119,1.07464418073,0
109120,1.09307610587,0
109121,1.07241931784,0
109122,1.34638491851,0
109123,1.1520379982,0
109124,1.18194415865,0
109125,1.20071390646,0
109126,1.26436722909,0
109127,1.38437431743,0
109128,1.65533449259,0
109129,1.50852980175,0
109130,1.38454658317,0
109131,1.7277437254,0
109132,1.71074283234,0
109133,1.40202624095,0
109134,1.6985175344,0
109135,1.83226960603,0
109136,1.83439496808,0
109137,1.53451967504,0
109138,1.88263839016,0
109139,1.528955553,0
109140,1.85854757611,0
109141,1.92124263054,0
109142,1.75184846209,0
109143,1.77754326748,0
109144,1.55361997561,0
109145,1.63910864934,0
109146,1.96450037013,0
109147,1.9027242581,0
109148,1.82603781215,0
109149,1.56276903776,0
109150,1.5802086523,0
109151,1.81865704159,0
109152,1.95466846755,0
109153,1.88137906572,0
109154,1.74620134183,0
109155,1.712455296,0
109156,1.78592821491,0
109157,1.75322699926,0
109158,1.66927992944,0
109159,1.48954435809,0
109160,1.73130939897,0
109161,1.46291883265,0
109162,1.63013352877,0
109163,1.42999515861,0
109164,1.73137615002,0
109165,1.43866660333,0
109166,1.63900039284,0
109167,1.43193346484,0
109168,1.43382344506,0
109169,1.64032962347,0
109170,1.27754860131,0
109171,1.38568333216,0
109172,1.22278004457,0
109173,1.52334124918,0
109174,1.23446985475,0
109175,1.12120691677,0
109176,1.3813821246,0
109177,1.46516399833,0
109178,1.16794579141,0
109179,1.3662510654,0
109180,1.16222655502,0
109181,1.31745323448,0
109182,1.24630946821,0
109183,0.82949832568,0
109184,1.12440649899,0
109185,1.17078119587,0
109186,0.744436967587,0
109187,0.701847906616,0
109188,1.01802846233,0
109189,0.995716366506,0
109190,0.682902299772,0
109191,0.708446800143,0
109192,0.471895680319,0
109193,0.491092988714,0
109194,0.742260340946,0
109195,0.742750444615,0
109196,0.56887729914,0
109197,0.650357473983,0
109198,0.276806147699,0
109199,0.569522046909,0
109200,0.0225886184702,0
109201,0.0883109130064,0
109202,0.302571909268,0
109203,0.105059127733,0
109204,-0.0721063010858,0
109205,-0.222756225176,0
109206,0.0532076315261,0
109207,-0.313823838307,0
109208,-0.242575958475,0
109209,-0.200888503053,0
109210,-0.0592225514874,0
109211,-0.31470355088,0
109212,-0.228339726597,0
109213,-0.448257448693,0
109214,-0.553367604016,0
109215,-0.277471112455,0
109216,-0.525597678068,0
109217,-0.739456866544,0
109218,-0.735071080399,0
109219,-0.569133904332,0
109220,-0.456935301495,0
109221,-0.823496763973,0
109222,-0.724424095059,0
109223,-0.954367616106,0
109224,-0.986480213263,0
109225,-0.636492376035,0
109226,-0.700071060013,0
109227,-0.659290955135,0
109228,-0.731170004329,0
109229,-0.767058536983,0
109230,-0.958182401289,0
109231,-1.07551749342,0
109232,-1.08467870324,0
109233,-0.870104835563,0
109234,-1.2500077233,0
109235,-1.2712052864,0
109236,-0.876271832664,0
109237,-1.16834234221,0
109238,-1.22432957589,0
109239,-1.33089765647,0
109240,-1.35636323377,0
109241,-0.952746665514,0
109242,-1.32474499049,0
109243,-1.36794754854,0
109244,-1.08465641097,0
109245,-1.06491243284,0
109246,-1.17551275352,0
109247,-1.04737550604,0
109248,-1.24920201307,0
109249,-1.38705659059,0
109250,-1.2578068449,0
109251,-1.00542617269,0
109252,-1.42152149677,0
109253,-1.27604221482,0
109254,-1.3929914912,0
109255,-1.13381074808,0
109256,-1.39553043847,0
109257,-1.00426361027,0
109258,-1.12178496643,0
109259,-1.2743274713,0
109260,-1.35184900841,0
109261,-1.03483358238,0
109262,-0.917136649048,0
109263,-0.905205458954,0
109264,-0.928990460356,0
109265,-0.954233232389,0
109266,-1.09683394903,0
109267,-0.925651493717,0
109268,-0.80285459463,0
109269,-1.01358407228,0
109270,-1.11277313737,0
109271,-0.795762432056,0
109272,-0.770517267224,0
109273,-0.770658504552,0
109274,-0.925967146162,0
109275,-0.991224059868,0
109276,-0.771033296242,0
109277,-0.744599801481,0
109278,-0.616401023283,0
109279,-0.752063903035,0
109280,-0.823697636693,0
109281,-0.795197707887,0
109282,-0.385339979372,0
109283,-0.32887179749,0
109284,-0.674270178399,0
109285,-0.224342183238,0
109286,-0.283642418053,0
109287,-0.148078298706,0
109288,-0.190982394751,0
109289,-0.0669513750108,0
109290,-0.0473682548242,0
109291,-0.392185030544,0
109292,-0.173191751188,0
109293,-0.0804638171631,0
109294,-0.243043282456,0
109295,-0.120647776355,0
109296,-0.178312099616,0
109297,0.1733168415,0
109298,0.306350634897,0
109299,0.176142837284,0
109300,0.0580110568407,0
109301,0.290820670588,0
109302,0.311948303595,0
109303,0.195055022536,0
109304,0.200278162068,0
109305,0.553532588206,0
109306,0.666029077841,0
109307,0.381576545764,0
109308,0.757351069877,0
109309,0.388824509301,0
109310,0.843607655413,0
109311,0.59542055464,0
109312,0.726632151989,0
109313,0.621935826809,0
109314,0.803802489066,0
109315,0.923888702384,0
109316,1.03090333901,0
109317,0.755323328347,0
109318,1.12754397579,0
109319,0.897763095648,0
109320,0.916195020784,0
109321,0.895538232755,0
109322,1.16950383342,0
109323,0.975156913112,0
109324,1.00506307357,0
109325,1.02383282138,0
109326,1.08748614401,0
109327,1.20749323235,0
109328,1.47845340751,0
109329,1.33164871666,0
109330,1.20766549809,0
109331,1.55086264032,0
109332,1.53386174725,0
109333,1.22514515586,0
109334,1.52163644932,0
109335,1.65538852094,0
109336,1.65751388299,0
109337,1.35763858996,0
109338,1.70575730508,0
109339,1.35207446792,0
109340,1.68166649103,0
109341,1.74436154546,0
109342,1.57496737701,0
109343,1.6006621824,0
109344,1.37673889053,0
109345,1.46222756426,0
109346,1.78761928504,0
109347,1.72584317301,0
109348,1.64915672707,0
109349,1.38588795268,0
109350,1.40332756722,0
109351,1.64177595651,0
109352,1.77778738247,0
109353,1.70449798063,0
109354,1.56932025674,0
109355,1.53557421092,0
109356,1.60904712983,0
109357,1.57634591418,0
109358,1.49239884436,0
109359,1.31266327301,0
109360,1.55442831389,0
109361,1.28603774757,0
109362,1.45325244369,0
109363,1.25311407353,0
109364,1.55449506494,0
109365,1.26178551825,0
109366,1.46211930775,0
109367,1.25505237976,0
109368,1.25694235998,0
109369,1.46344853839,0
109370,1.10066751623,0
109371,1.20880224708,0
109372,1.04589895949,0
109373,1.3464601641,0
109374,1.05758876967,0
109375,0.944325831683,0
109376,1.20450103952,0
109377,1.28828291325,0
109378,0.991064706331,0
109379,1.18936998032,0
109380,0.985345469942,0
109381,1.1405721494,0
109382,1.06942838313,0
109383,0.652617240597,0
109384,0.947525413903,0
109385,0.993900110792,0
109386,0.567555882504,0
109387,0.524966821534,0
109388,0.841147377245,0
109389,0.818835281423,0
109390,0.506021214689,0
109391,0.53156571506,0
109392,0.295014595236,0
109393,0.314211903631,0
109394,0.565379255863,0
109395,0.565869359532,0
109396,0.391996214057,0
109397,0.4734763889,0
109398,0.099925062616,0
109399,0.392640961826,0
109400,-0.242943271655,0
109401,-0.177220977119,0
109402,0.0370400191429,0
109403,-0.160472762393,0
109404,-0.337638191211,0
109405,-0.488288115302,0
109406,-0.212324258599,0
109407,-0.579355728432,0
109408,-0.5081078486,0
109409,-0.466420393178,0
109410,-0.324754441613,0
109411,-0.580235441005,0
109412,-0.493871616723,0
109413,-0.713789338818,0
109414,-0.818899494141,0
109415,-0.543003002581,0
109416,-0.791129568194,0
109417,-1.00498875667,0
109418,-1.00060297052,0
109419,-0.834665794457,0
109420,-0.722467191621,0
109421,-1.0890286541,0
109422,-0.989955985184,0
109423,-1.21989950623,0
109424,-1.25201210339,0
109425,-0.90202426616,0
109426,-0.965602950138,0
109427,-0.92482284526,0
109428,-0.996701894454,0
109429,-1.03259042711,0
109430,-1.22371429141,0
109431,-1.34104938354,0
109432,-1.35021059336,0
109433,-1.13563672569,0
109434,-1.51553961343,0
109435,-1.53673717653,0
109436,-1.14180372279,0
109437,-1.43387423233,0
109438,-1.48986146602,0
109439,-1.5964295466,0
109440,-1.62189512389,0
109441,-1.21827855564,0
109442,-1.59027688062,0
109443,-1.63347943867,0
109444,-1.3501883011,0
109445,-1.33044432297,0
109446,-1.44104464364,0
109447,-1.31290739617,0
109448,-1.5147339032,0
109449,-1.65258848071,0
109450,-1.52333873503,0
109451,-1.27095806282,0
109452,-1.68705338689,0
109453,-1.54157410494,0
109454,-1.65852338132,0
109455,-1.3993426382,0
109456,-1.6610623286,0
109457,-1.26979550039,0
109458,-1.38731685656,0
109459,-1.53985936143,0
109460,-1.61738089854,0
109461,-1.3003654725,0
109462,-1.18266853917,0
109463,-1.17073734908,0
109464,-1.19452235048,0
109465,-1.21976512251,0
109466,-1.36236583916,0
109467,-1.19118338384,0
109468,-1.06838648476,0
109469,-1.2791159624,0
109470,-1.3783050275,0
109471,-1.06129432218,0
109472,-1.03604915735,0
109473,-1.03619039468,0
109474,-1.19149903629,0
109475,-1.25675594999,0
109476,-1.03656518637,0
109477,-1.01013169161,0
109478,-0.881932913409,0
109479,-1.01759579316,0
109480,-1.08922952682,0
109481,-1.06072959801,0
109482,-0.650871869498,0
109483,-0.594403687615,0
109484,-0.939802068524,0
109485,-0.489874073364,0
109486,-0.549174308178,0
109487,-0.413610188831,0
109488,-0.456514284876,0
109489,-0.332483265136,0
109490,-0.31290014495,0
109491,-0.657716920669,0
109492,-0.438723641314,0
109493,-0.345995707289,0
109494,-0.508575172581,0
109495,-0.386179666481,0
109496,-0.443843989742,0
109497,-0.092215048625,0
109498,0.0408187447716,0
109499,-0.0893890528413,0
109500,-0.207520833285,0
109501,0.0252887804626,0
109502,0.0464164134694,0
109503,-0.070476867589,0
109504,-0.065253728057,0
109505,0.288000698081,0
109506,0.400497187715,0
109507,0.116044655638,0
109508,0.491819179751,0
109509,0.123292619175,0
109510,0.578075765287,0
109511,0.329888664515,0
109512,0.461100261864,0
109513,0.356403936683,0
109514,0.53827059894,0
109515,0.658356812258,0
109516,0.765371448883,0
109517,0.489791438221,0
109518,0.862012085666,0
109519,0.632231205522,0
109520,0.650663130659,0
109521,0.63000634263,0
109522,0.903971943297,0
109523,0.709625022987,0
109524,0.739531183446,0
109525,0.758300931251,0
109526,0.821954253883,0
109527,0.94196134222,0
109528,1.21292151739,0
109529,1.06611682654,0
109530,0.942133607966,0
109531,1.28533075019,0
109532,1.26832985713,0
109533,0.959613265739,0
109534,1.25610455919,0
109535,1.38985663082,0
109536,1.39198199287,0
109537,1.09210669983,0
109538,1.44022541496,0
109539,1.08654257779,0
109540,1.4161346009,0
109541,1.47882965533,0
109542,1.30943548688,0
109543,1.33513029227,0
109544,1.1112070004,0
109545,1.19669567414,0
109546,1.52208739492,0
109547,1.46031128289,0
109548,1.38362483694,0
109549,1.12035606255,0
109550,1.13779567709,0
109551,1.37624406638,0
109552,1.51225549234,0
109553,1.43896609051,0
109554,1.30378836662,0
109555,1.27004232079,0
109556,1.3435152397,0
109557,1.31081402405,0
109558,1.22686695423,0
109559,1.04713138288,0
109560,1.28889642376,0
109561,1.02050585744,0
109562,1.18772055356,0
109563,0.987582183404,0
109564,1.28896317481,0
109565,0.996253628127,0
109566,1.19658741763,0
109567,0.989520489634,0
109568,0.991410469853,0
109569,1.19791664826,0
109570,0.835135626106,0
109571,0.943270356951,0
109572,0.780367069366,0
109573,1.08092827397,0
109574,0.792056879545,0
109575,0.678793941557,0
109576,0.938969149391,0
109577,1.02275102313,0
109578,0.725532816205,0
109579,0.923838090194,0
109580,0.719813579817,0
109581,0.875040259274,0
109582,0.803896493005,0
109583,0.387085350472,0
109584,0.681993523777,0
109585,0.728368220667,0
109586,0.302023992379,0
109587,0.259434931408,0
109588,0.57561548712,0
109589,0.553303391298,0
109590,0.240489324564,0
109591,0.266033824934,0
109592,0.0294827051105,0
109593,0.0486800135059,0
109594,0.299847365737,0
109595,0.300337469407,0
109596,0.126464323931,0
109597,0.207944498775,0
109598,-0.165606827509,0
109599,0.1271090717,0
109600,-0.176600420364,0
109601,-0.110878125828,0
109602,0.103382870434,0
109603,-0.0941299111019,0
109604,-0.27129533992,0
109605,-0.421945264011,0
109606,-0.145981407308,0
109607,-0.513012877141,0
109608,-0.441764997309,0
109609,-0.400077541888,0
109610,-0.258411590322,0
109611,-0.513892589715,0
109612,-0.427528765432,0
109613,-0.647446487527,0
109614,-0.752556642851,0
109615,-0.47666015129,0
109616,-0.724786716903,0
109617,-0.938645905379,0
109618,-0.934260119234,0
109619,-0.768322943166,0
109620,-0.65612434033,0
109621,-1.02268580281,0
109622,-0.923613133894,0
109623,-1.15355665494,0
109624,-1.1856692521,0
109625,-0.83568141487,0
109626,-0.899260098847,0
109627,-0.858479993969,0
109628,-0.930359043164,0
109629,-0.966247575818,0
109630,-1.15737144012,0
109631,-1.27470653225,0
109632,-1.28386774207,0
109633,-1.0692938744,0
109634,-1.44919676214,0
109635,-1.47039432524,0
109636,-1.0754608715,0
109637,-1.36753138104,0
109638,-1.42351861473,0
109639,-1.53008669531,0
109640,-1.5555522726,0
109641,-1.15193570435,0
109642,-1.52393402933,0
109643,-1.56713658738,0
109644,-1.28384544981,0
109645,-1.26410147168,0
109646,-1.37470179235,0
109647,-1.24656454488,0
109648,-1.44839105191,0
109649,-1.58624562942,0
109650,-1.45699588374,0
109651,-1.20461521153,0
109652,-1.6207105356,0
109653,-1.47523125365,0
109654,-1.59218053003,0
109655,-1.33299978691,0
109656,-1.59471947731,0
109657,-1.2034526491,0
109658,-1.32097400527,0
109659,-1.47351651014,0
109660,-1.55103804725,0
109661,-1.23402262121,0
109662,-1.11632568788,0
109663,-1.10439449779,0
109664,-1.12817949919,0
109665,-1.15342227122,0
109666,-1.29602298787,0
109667,-1.12484053255,0
109668,-1.00204363346,0
109669,-1.21277311111,0
109670,-1.31196217621,0
109671,-0.99495147089,0
109672,-0.969706306058,0
109673,-0.969847543387,0
109674,-1.125156185,0
109675,-1.1904130987,0
109676,-0.970222335077,0
109677,-0.943788840316,0
109678,-0.815590062118,0
109679,-0.95125294187,0
109680,-1.02288667553,0
109681,-0.994386746721,0
109682,-0.584529018207,0
109683,-0.528060836325,0
109684,-0.873459217233,0
109685,-0.423531222073,0
109686,-0.482831456887,0
109687,-0.347267337541,0
109688,-0.390171433585,0
109689,-0.266140413845,0
109690,-0.246557293659,0
109691,-0.591374069378,0
109692,-0.372380790023,0
109693,-0.279652855998,0
109694,-0.442232321291,0
109695,-0.31983681519,0
109696,-0.377501138451,0
109697,-0.0258721973342,0
109698,0.107161596062,0
109699,-0.0230462015505,0
109700,-0.141177981994,0
109701,0.0916316317534,0
109702,0.11275926476,0
109703,-0.00413401629813,0
109704,0.00108912323384,0
109705,0.354343549372,0
109706,0.466840039006,0
109707,0.182387506929,0
109708,0.558162031042,0
109709,0.189635470466,0
109710,0.644418616578,0
109711,0.396231515805,0
109712,0.527443113154,0
109713,0.422746787974,0
109714,0.604613450231,0
109715,0.724699663549,0
109716,0.831714300174,0
109717,0.556134289512,0
109718,0.928354936956,0
109719,0.698574056813,0
109720,0.717005981949,0
109721,0.696349193921,0
109722,0.970314794588,0
109723,0.775967874278,0
109724,0.805874034736,0
109725,0.824643782541,0
109726,0.888297105174,0
109727,1.00830419351,0
109728,1.27926436868,0
109729,1.13245967783,0
109730,1.00847645926,0
109731,1.35167360148,0
109732,1.33467270842,0
109733,1.02595611703,0
109734,1.32244741048,0
109735,1.45619948211,0
109736,1.45832484416,0
109737,1.15844955113,0
109738,1.50656826625,0
109739,1.15288542908,0
109740,1.48247745219,0
109741,1.54517250662,0
109742,1.37577833817,0
109743,1.40147314356,0
109744,1.17754985169,0
109745,1.26303852543,0
109746,1.58843024621,0
109747,1.52665413418,0
109748,-0.258444233849,1
109749,-0.0769455382988,1
109750,0.10558020392,1
109751,0.28614545638,1
109752,0.461794771469,1
109753,0.629653164429,1
109754,0.786973170396,1
109755,0.931179814231,1
109756,1.05991275708,1
109757,1.17106492982,1
109758,1.26281702103,1
109759,1.33366725509,1
109760,1.38245597278,1
109761,1.40838461239,1
109762,1.41102878032,1
109763,1.39034519749,1
109764,1.34667240769,1
109765,1.28072523639,1
109766,1.19358309066,1
109767,1.0866722917,1
109768,0.961742729151,1
109769,0.820839219347,1
109770,0.666268036256,1
109771,0.500559162961,1
109772,0.326424881518,1
109773,0.146715378986,1
109774,-0.0356279037248,1
109775,-0.217620416642,1
109776,-0.396283351104,1
109777,-0.568692396173,1
109778,-0.732025603031,1
109779,-0.883609573948,1
109780,-1.02096321979,1
109781,-1.1418383699,1
109782,-1.24425656956,1
109783,-1.32654146288,1
109784,-1.38734623099,1
109785,-1.4256756364,1
109786,-1.44090231284,1
109787,-1.43277703382,1
109788,-1.40143279191,1
109789,-1.34738262194,1
109790,-1.27151120379,1
109791,-1.17506038216,1
109792,-1.05960884036,1
109793,-0.927046260821,1
109794,-0.779542395207,1
109795,-0.619511550491,1
109796,-0.449573072154,1
109797,-0.272508471385,1
109798,-0.0912158979903,1
109799,0.0913372958076,1
109800,0.387906510995,1
109801,0.564045261449,1
109802,0.732613938187,1
109803,0.890853450596,1
109804,1.03617377328,1
109805,1.16619633896,1
109806,1.2787929703,1
109807,1.37212071332,1
109808,1.44465200252,1
109809,1.49519966359,1
109810,1.52293634486,1
109811,1.52740805916,1
109812,1.50854161457,1
109813,1.46664581241,1
109814,1.40240639287,1
109815,1.31687481094,1
109816,1.21145102651,1
109817,1.08786059014,1
109818,0.94812639967,1
109819,0.794535589944,1
109820,0.629602097532,1
109821,0.456025513245,1
109822,0.276646895895,1
109823,0.0944022705421,1
109824,-0.0877254276386,1
109825,-0.266755177308,1
109826,-0.439756663586,1
109827,-0.603898240723,1
109828,-0.756493279782,1
109829,-0.895044142721,1
109830,-1.01728306311,1
109831,-1.1212092644,1
109832,-1.20512170809,1
109833,-1.26764693596,1
109834,-1.30776155046,1
109835,-1.32480896547,1
109836,-1.31851015309,1
109837,-1.28896821072,1
109838,-1.23666667362,1
109839,-1.16246160046,1
109840,-1.06756756162,1
109841,-0.953537759379,1
109842,-0.822238605471,1
109843,-0.675819172132,1
109844,-0.516676016611,1
109845,-0.34741395491,1
109846,-0.170803426797,1
109847,0.0102648500704,1
109848,0.192827194701,1
109849,0.373895471568,1
109850,0.550505999681,1
109851,0.719768061382,1
109852,0.878911216902,1
109853,1.02533065024,1
109854,1.15662980415,1
109855,1.27065960639,1
109856,1.36555364523,1
109857,1.43975871839,1
109858,1.49206025549,1
109859,1.52160219786,1
109860,1.52790101024,1
109861,1.51085359523,1
109862,1.47073898073,1
109863,1.40821375286,1
109864,1.32430130917,1
109865,1.22037510789,1
109866,1.09813618749,1
109867,0.959585324553,1
109868,0.806990285494,1
109869,0.642848708357,1
109870,0.469847222079,1
109871,0.29081747241,1
109872,0.108689774229,1
109873,-0.0735548511238,1
109874,-0.252933468474,1
109875,-0.426510052761,1
109876,-0.591443545173,1
109877,-0.745034354899,1
109878,-0.884768545367,1
109879,-1.00835898174,1
109880,-1.11378276617,1
109881,-1.1993143481,1
109882,-1.26355376764,1
109883,-1.3054495698,1
109884,-1.32431601439,1
109885,-1.31984430009,1
109886,-1.29210761882,1
109887,-1.24155995774,1
109888,-1.16902866855,1
109889,-1.07570092552,1
109890,-0.963104294194,1
109891,-0.833081728509,1
109892,-0.687761405825,1
109893,-0.529521893417,1
109894,-0.360953216678,1
109895,-0.184814466224,1
109896,-0.00398863776963,1
109897,0.178564556028,1
109898,0.359857129423,1
109899,0.536921730192,1
109900,0.706860208529,1
109901,0.866891053245,1
109902,1.01439491886,1
109903,1.1469574984,1
109904,1.2624090402,1
109905,1.35885986183,1
109906,1.43473127998,1
109907,1.48878144995,1
109908,1.52012569186,1
109909,1.52825097088,1
109910,1.51302429444,1
109911,1.47469488902,1
109912,1.41389012092,1
109913,1.33160522759,1
109914,1.22918702794,1
109915,1.10831187783,1
109916,0.970958231986,1
109917,0.819374261069,1
109918,0.656041054211,1
109919,0.483632009142,1
109920,0.30496907468,1
109921,0.122976561763,1
109922,-0.0593667209483,1
109923,-0.23907622348,1
109924,-0.413210504923,1
109925,-0.578919378218,1
109926,-0.733490561309,1
109927,-0.874394071113,1
109928,-0.999323633662,1
109929,-1.10623443262,1
109930,-1.19337657835,1
109931,-1.25932374965,1
109932,-1.30299653945,1
109933,-1.32368012228,1
109934,-1.32103595435,1
109935,-1.29510731474,1
109936,-1.24631859705,1
109937,-1.175468363,1
109938,-1.08371627178,1
109939,-0.972564099042,1
109940,-0.843831156193,1
109941,-0.699624512358,1
109942,-0.542304506391,1
109943,-0.374446113431,1
109944,-0.198796798342,1
109945,-0.0182315458816,1
109946,0.164294196337,1
109947,0.345792891887,1
109948,1.56571107497,0
109949,1.30244230058,0
109950,1.31988191512,0
109951,1.55833030441,0
109952,1.69434173037,0
109953,1.62105232853,0
109954,1.48587460464,0
109955,1.45212855882,0
109956,1.52560147773,0
109957,1.49290026207,0
109958,1.40895319226,0
109959,1.2292176209,0
109960,1.47098266179,0
109961,1.20259209546,0
109962,1.36980679159,0
109963,1.16966842143,0
109964,1.47104941283,0
109965,1.17833986615,0
109966,1.37867365565,0
109967,1.17160672766,0
109968,1.17349670788,0
109969,1.38000288629,0
109970,1.01722186413,0
109971,1.12535659497,0
109972,0.96245330739,0
109973,1.263014512,0
109974,0.974143117569,0
109975,0.860880179581,0
109976,1.12105538742,0
109977,1.20483726115,0
109978,0.907619054229,0
109979,1.10592432822,0
109980,0.90189981784,0
109981,1.0571264973,0
109982,0.985982731029,0
109983,0.569171588496,0
109984,0.864079761801,0
109985,0.91045445869,0
109986,0.484110230402,0
109987,0.441521169432,0
109988,0.757701725144,0
109989,0.735389629321,0
109990,0.422575562588,0
109991,0.448120062958,0
109992,0.211568943134,0
109993,0.23076625153,0
109994,0.481933603761,0
109995,0.482423707431,0
109996,0.308550561955,0
109997,0.390030736799,0
109998,0.0164794105143,0
109999,0.309195309724,0
110000,0.0426960241821,0
110001,0.108418318718,0
110002,0.32267931498,0
110003,0.125166533445,0
110004,-0.0519988953739,0
110005,-0.202648819464,0
110006,0.073315037238,0
110007,-0.293716432595,0
110008,-0.222468552763,0
110009,-0.180781097341,0
110010,-0.0391151457756,0
110011,-0.294596145168,0
110012,-0.208232320885,0
110013,-0.428150042981,0
110014,-0.533260198304,0
110015,-0.257363706743,0
110016,-0.505490272356,0
110017,-0.719349460832,0
110018,-0.714963674688,0
110019,-0.54902649862,0
110020,-0.436827895784,0
110021,-0.803389358261,0
110022,-0.704316689347,0
110023,-0.934260210394,0
110024,-0.966372807551,0
110025,-0.616384970323,0
110026,-0.679963654301,0
110027,-0.639183549423,0
110028,-0.711062598617,0
110029,-0.746951131271,0
110030,-0.938074995577,0
110031,-1.05541008771,0
110032,-1.06457129753,0
110033,-0.849997429851,0
110034,-1.22990031759,0
110035,-1.25109788069,0
110036,-0.856164426953,0
110037,-1.14823493649,0
110038,-1.20422217018,0
110039,-1.31079025076,0
110040,-1.33625582806,0
110041,-0.932639259802,0
110042,-1.30463758478,0
110043,-1.34784014283,0
110044,-1.06454900526,0
110045,-1.04480502713,0
110046,-1.15540534781,0
110047,-1.02726810033,0
110048,-1.22909460736,0
110049,-1.36694918488,0
110050,-1.23769943919,0
110051,-0.985318766983,0
110052,-1.40141409105,0
110053,-1.2559348091,0
110054,-1.37288408548,0
110055,-1.11370334236,0
110056,-1.37542303276,0
110057,-0.984156204553,0
110058,-1.10167756072,0
110059,-1.25422006559,0
110060,-1.3317416027,0
110061,-1.01472617666,0
110062,-0.897029243336,0
110063,-0.885098053242,0
110064,-0.908883054644,0
110065,-0.934125826677,0
110066,-1.07672654332,0
110067,-0.905544088005,0
110068,-0.782747188918,0
110069,-0.993476666563,0
110070,-1.09266573166,0
110071,-0.775655026344,0
110072,-0.750409861512,0
110073,-0.75055109884,0
110074,-0.90585974045,0
110075,-0.971116654156,0
110076,-0.75092589053,0
110077,-0.72449239577,0
110078,-0.596293617571,0
110079,-0.731956497323,0
110080,-0.803590230982,0
110081,-0.775090302175,0
110082,-0.365232573661,0
110083,-0.308764391778,0
110084,-0.654162772687,0
110085,-0.204234777526,0
110086,-0.263535012341,0
110087,-0.127970892994,0
110088,-0.170874989039,0
110089,-0.046843969299,0
110090,-0.0272608491123,0
110091,-0.372077624832,0
110092,-0.153084345476,0
110093,-0.0603564114513,0
110094,-0.222935876744,0
110095,-0.100540370643,0
110096,-0.158204693904,0
110097,0.193424247212,0
110098,0.326458040609,0
110099,0.196250242996,0
110100,0.0781184625525,0
110101,0.3109280763,0
110102,0.332055709307,0
110103,0.215162428248,0
110104,0.22038556778,0
110105,0.573639993918,0
110106,0.686136483552,0
110107,0.401683951476,0
110108,0.777458475588,0
110109,0.408931915012,0
110110,0.863715061125,0
110111,0.615527960352,0
110112,0.746739557701,0
110113,0.642043232521,0
110114,0.823909894777,0
110115,0.943996108096,0
110116,1.05101074472,0
110117,0.775430734058,0
110118,1.1476513815,0
110119,0.91787050136,0
110120,0.936302426496,0
110121,0.915645638467,0
110122,1.18961123913,0
110123,0.995264318824,0
110124,1.02517047928,0
110125,1.04394022709,0
110126,1.10759354972,0
110127,1.22760063806,0
110128,1.49856081322,0
110129,1.35175612238,0
110130,1.2277729038,0
110131,1.57097004603,0
110132,1.55396915297,0
110133,1.24525256158,0
110134,1.54174385503,0
110135,1.67549592666,0
110136,1.67762128871,0
110137,1.37774599567,0
110138,1.72586471079,0
110139,1.37218187363,0
110140,1.70177389674,0
110141,1.76446895117,0
110142,1.59507478272,0
110143,1.62076958811,0
110144,1.39684629624,0
110145,1.48233496997,0
110146,1.80772669075,0
110147,1.74595057873,0
110148,1.66926413278,0
110149,1.40599535839,0
110150,1.42343497293,0
110151,1.66188336222,0
110152,1.79789478818,0
110153,1.72460538635,0
110154,1.58942766246,0
110155,1.55568161663,0
110156,1.62915453554,0
110157,1.59645331989,0
110158,1.51250625007,0
110159,1.33277067872,0
110160,1.5745357196,0
110161,1.30614515328,0
110162,1.4733598494,0
110163,1.27322147924,0
110164,1.57460247065,0
110165,1.28189292396,0
110166,1.48222671347,0
110167,1.27515978547,0
110168,1.27704976569,0
110169,1.4835559441,0
110170,1.12077492194,0
110171,1.22890965279,0
110172,1.0660063652,0
110173,1.36656756981,0
110174,1.07769617538,0
110175,0.964433237395,0
110176,1.22460844523,0
110177,1.30839031896,0
110178,1.01117211204,0
110179,1.20947738603,0
110180,1.00545287565,0
110181,1.16067955511,0
110182,1.08953578884,0
110183,0.672724646309,0
110184,0.967632819615,0
110185,1.0140075165,0
110186,0.587663288216,0
110187,0.545074227245,0
110188,0.861254782957,0
110189,0.838942687135,0
110190,0.526128620401,0
110191,0.551673120772,0
110192,0.315122000948,0
110193,0.334319309343,0
110194,0.585486661575,0
110195,0.585976765244,0
110196,0.412103619769,0
110197,0.493583794612,0
110198,0.120032468328,0
110199,0.412748367538,0
110200,0.216497430043,0
110201,0.282219724579,0
110202,0.496480720841,0
110203,0.298967939305,0
110204,0.121802510487,0
110205,-0.028847413604,0
110206,0.247116443098,0
110207,-0.119915026734,0
110208,-0.0486671469022,0
110209,-0.00697969148055,0
110210,0.134686260085,0
110211,-0.120794739308,0
110212,-0.0344309150248,0
110213,-0.25434863712,0
110214,-0.359458792444,0
110215,-0.0835623008828,0
110216,-0.331688866496,0
110217,-0.545548054972,0
110218,-0.541162268827,0
110219,-0.375225092759,0
110220,-0.263026489923,0
110221,-0.629587952401,0
110222,-0.530515283487,0
110223,-0.760458804534,0
110224,-0.79257140169,0
110225,-0.442583564463,0
110226,-0.50616224844,0
110227,-0.465382143562,0
110228,-0.537261192757,0
110229,-0.573149725411,0
110230,-0.764273589716,0
110231,-0.881608681846,0
110232,-0.890769891667,0
110233,-0.676196023991,0
110234,-1.05609891173,0
110235,-1.07729647483,0
110236,-0.682363021092,0
110237,-0.974433530634,0
110238,-1.03042076432,0
110239,-1.1369888449,0
110240,-1.16245442219,0
110241,-0.758837853942,0
110242,-1.13083617892,0
110243,-1.17403873697,0
110244,-0.8907475994,0
110245,-0.87100362127,0
110246,-0.981603941946,0
110247,-0.853466694472,0
110248,-1.0552932015,0
110249,-1.19314777901,0
110250,-1.06389803333,0
110251,-0.811517361122,0
110252,-1.22761268519,0
110253,-1.08213340324,0
110254,-1.19908267962,0
110255,-0.939901936504,0
110256,-1.2016216269,0
110257,-0.810354798693,0
110258,-0.927876154862,0
110259,-1.08041865973,0
110260,-1.15794019684,0
110261,-0.840924770804,0
110262,-0.723227837475,0
110263,-0.711296647381,0
110264,-0.735081648783,0
110265,-0.760324420817,0
110266,-0.902925137461,0
110267,-0.731742682145,0
110268,-0.608945783058,0
110269,-0.819675260703,0
110270,-0.9188643258,0
110271,-0.601853620483,0
110272,-0.576608455651,0
110273,-0.57674969298,0
110274,-0.73205833459,0
110275,-0.797315248295,0
110276,-0.57712448467,0
110277,-0.550690989909,0
110278,-0.422492211711,0
110279,-0.558155091463,0
110280,-0.629788825121,0
110281,-0.601288896314,0
110282,-0.1914311678,0
110283,-0.134962985918,0
110284,-0.480361366826,0
110285,-0.0304333716658,0
110286,-0.0897336064805,0
110287,0.0458305128664,0
110288,0.00292641682169,0
110289,0.126957436562,0
110290,0.146540556748,0
110291,-0.198276218971,0
110292,0.020717060384,0
110293,0.113444994409,0
110294,-0.0491344708836,0
110295,0.0732610352173,0
110296,0.0155967119562,0
110297,0.367225653073,0
110298,0.500259446469,0
110299,0.370051648856,0
110300,0.251919868413,0
110301,0.48472948216,0
110302,0.505857115167,0
110303,0.388963834109,0
110304,0.394186973641,0
110305,0.747441399779,0
110306,0.859937889413,0
110307,0.575485357336,0
110308,0.951259881449,0
110309,0.582733320873,0
110310,1.03751646699,0
110311,0.789329366212,0
110312,0.920540963561,0
110313,0.815844638381,0
110314,0.997711300638,0
110315,1.11779751396,0
110316,1.22481215058,0
110317,0.949232139919,0
110318,1.32145278736,0
110319,1.09167190722,0
110320,1.11010383236,0
110321,1.08944704433,0
110322,1.36341264499,0
110323,1.16906572468,0
110324,1.19897188514,0
110325,1.21774163295,0
110326,1.28139495558,0
110327,1.40140204392,0
110328,1.67236221908,0
110329,1.52555752824,0
110330,1.40157430966,0
110331,1.74477145189,0
110332,1.72777055883,0
110333,1.41905396744,0
110334,1.71554526089,0
110335,1.84929733252,0
110336,1.85142269457,0
110337,1.55154740153,0
110338,1.89966611665,0
110339,1.54598327949,0
110340,1.8755753026,0
110341,1.93827035703,0
110342,1.76887618858,0
110343,1.79457099397,0
110344,1.5706477021,0
110345,1.65613637583,0
110346,1.98152809662,0
110347,1.91975198459,0
110348,1.84306553864,0
110349,1.57979676425,0
110350,1.59723637879,0
110351,1.83568476808,0
110352,1.97169619404,0
110353,1.89840679221,0
110354,1.76322906832,0
110355,1.72948302249,0
110356,1.8029559414,0
110357,1.77025472575,0
110358,1.68630765593,0
110359,1.50657208458,0
110360,1.74833712546,0
110361,1.47994655914,0
110362,1.64716125526,0
110363,1.4470228851,0
110364,1.74840387651,0
110365,1.45569432982,0
110366,1.65602811933,0
110367,1.44896119133,0
110368,1.45085117155,0
110369,1.65735734996,0
110370,1.2945763278,0
110371,1.40271105865,0
110372,1.23980777106,0
110373,1.54036897567,0
110374,1.25149758124,0
110375,1.13823464326,0
110376,1.39840985109,0
110377,1.48219172482,0
110378,1.1849735179,0
110379,1.38327879189,0
110380,1.17925428151,0
110381,1.33448096097,0
110382,1.2633371947,0
110383,0.84652605217,0
110384,1.14143422548,0
110385,1.18780892236,0
110386,0.761464694076,0
110387,0.718875633106,0
110388,1.03505618882,0
110389,1.012744093,0
110390,0.699930026262,0
110391,0.725474526632,0
110392,0.488923406808,0
110393,0.508120715204,0
110394,0.759288067435,0
110395,0.759778171105,0
110396,0.585905025629,0
110397,0.667385200473,0
110398,0.293833874188,0
110399,0.586549773398,0
110400,0.39923322415,0
110401,0.464955518687,0
110402,0.679216514948,0
110403,0.481703733413,0
110404,0.304538304594,0
110405,0.153888380504,0
110406,0.429852237206,0
110407,0.0628207673734,0
110408,0.134068647206,0
110409,0.175756102627,0
110410,0.317422054193,0
110411,0.0619410548001,0
110412,0.148304879083,0
110413,-0.0716128430127,0
110414,-0.176722998336,0
110415,0.0991734932249,0
110416,-0.148953072388,0
110417,-0.362812260864,0
110418,-0.358426474719,0
110419,-0.192489298652,0
110420,-0.0802906958152,0
110421,-0.446852158293,0
110422,-0.347779489379,0
110423,-0.577723010426,0
110424,-0.609835607583,0
110425,-0.259847770355,0
110426,-0.323426454333,0
110427,-0.282646349455,0
110428,-0.354525398649,0
110429,-0.390413931303,0
110430,-0.581537795609,0
110431,-0.698872887738,0
110432,-0.708034097559,0
110433,-0.493460229883,0
110434,-0.873363117622,0
110435,-0.894560680724,0
110436,-0.499627226984,0
110437,-0.791697736527,0
110438,-0.847684970214,0
110439,-0.954253050792,0
110440,-0.979718628087,0
110441,-0.576102059834,0
110442,-0.948100384811,0
110443,-0.991302942862,0
110444,-0.708011805293,0
110445,-0.688267827162,0
110446,-0.798868147838,0
110447,-0.670730900364,0
110448,-0.872557407394,0
110449,-1.01041198491,0
110450,-0.881162239221,0
110451,-0.628781567014,0
110452,-1.04487689109,0
110453,-0.899397609136,0
110454,-1.01634688552,0
110455,-0.757166142397,0
110456,-1.01888583279,0
110457,-0.627619004585,0
110458,-0.745140360754,0
110459,-0.897682865625,0
110460,-0.975204402731,0
110461,-0.658188976696,0
110462,-0.540492043368,0
110463,-0.528560853273,0
110464,-0.552345854676,0
110465,-0.577588626709,0
110466,-0.720189343353,0
110467,-0.549006888037,0
110468,-0.42620998895,0
110469,-0.636939466595,0
110470,-0.736128531692,0
110471,-0.419117826376,0
110472,-0.393872661543,0
110473,-0.394013898872,0
110474,-0.549322540482,0
110475,-0.614579454188,0
110476,-0.394388690562,0
110477,-0.367955195801,0
110478,-0.239756417603,0
110479,-0.375419297355,0
110480,-0.447053031013,0
110481,-0.418553102207,0
110482,-0.00869537369225,0
110483,0.0477728081902,0
110484,-0.297625572718,0
110485,0.152302422442,0
110486,0.0930021876273,0
110487,0.228566306974,0
110488,0.185662210929,0
110489,0.309693230669,0
110490,0.329276350856,0
110491,-0.0155404248637,0
110492,0.203452854492,0
110493,0.296180788517,0
110494,0.133601323224,0
110495,0.255996829325,0
110496,0.198332506064,0
110497,0.549961447181,0
110498,0.682995240577,0
110499,0.552787442964,0
110500,0.434655662521,0
110501,0.667465276268,0
110502,0.688592909275,0
110503,0.571699628217,0
110504,0.576922767749,0
110505,0.930177193886,0
110506,1.04267368352,0
110507,0.758221151444,0
110508,1.13399567556,0
110509,0.765469114981,0
110510,1.22025226109,0
110511,0.97206516032,0
110512,1.10327675767,0
110513,0.998580432489,0
110514,1.18044709475,0
110515,1.30053330806,0
110516,1.40754794469,0
110517,1.13196793403,0
110518,1.50418858147,0
110519,1.27440770133,0
110520,1.29283962646,0
110521,1.27218283844,0
110522,1.5461484391,0
110523,1.35180151879,0
110524,1.38170767925,0
110525,1.40047742706,0
110526,1.46413074969,0
110527,1.58413783803,0
110528,1.85509801319,0
110529,1.70829332234,0
110530,1.58431010377,0
110531,1.927507246,0
110532,1.91050635294,0
110533,1.60178976154,0
110534,1.898281055,0
110535,2.03203312662,0
110536,2.03415848867,0
110537,1.73428319564,0
110538,2.08240191076,0
110539,1.7287190736,0
110540,2.05831109671,0
110541,2.12100615114,0
110542,1.95161198269,0
110543,1.97730678808,0
110544,1.75338349621,0
110545,1.83887216994,0
110546,2.16426389072,0
110547,2.1024877787,0
110548,2.02580133275,0
110549,1.76253255836,0
110550,1.7799721729,0
110551,2.01842056219,0
110552,2.15443198815,0
110553,2.08114258631,0
110554,1.94596486242,0
110555,1.9122188166,0
110556,1.98569173551,0
110557,1.95299051986,0
110558,1.86904345004,0
110559,1.68930787869,0
110560,1.93107291957,0
110561,1.66268235325,0
110562,1.82989704937,0
110563,1.62975867921,0
110564,1.93113967062,0
110565,1.63843012393,0
110566,1.83876391344,0
110567,1.63169698544,0
110568,1.63358696566,0
110569,1.84009314407,0
110570,1.47731212191,0
110571,1.58544685276,0
110572,1.42254356517,0
110573,1.72310476978,0
110574,1.43423337535,0
110575,1.32097043736,0
110576,1.5811456452,0
110577,1.66492751893,0
110578,1.36770931201,0
110579,1.566014586,0
110580,1.36199007562,0
110581,1.51721675508,0
110582,1.44607298881,0
110583,1.02926184628,0
110584,1.32417001958,0
110585,1.37054471647,0
110586,0.944200488184,0
110587,0.901611427214,0
110588,1.21779198293,0
110589,1.1954798871,0
110590,0.882665820369,0
110591,0.90821032074,0
110592,0.671659200916,0
110593,0.690856509311,0
110594,0.942023861543,0
110595,0.942513965213,0
110596,0.768640819737,0
110597,0.85012099458,0
110598,0.476569668296,0
110599,0.769285567506,0
110600,0.357844424427,0
110601,0.423566718964,0
110602,0.637827715226,0
110603,0.44031493369,0
110604,0.263149504871,0
110605,0.112499580781,0
110606,0.388463437483,0
110607,0.0214319676505,0
110608,0.0926798474826,0
110609,0.134367302904,0
110610,0.27603325447,0
110611,0.0205522550772,0
110612,0.10691607936,0
110613,-0.113001642736,0
110614,-0.218111798059,0
110615,0.0577846935021,0
110616,-0.190341872111,0
110617,-0.404201060587,0
110618,-0.399815274442,0
110619,-0.233878098374,0
110620,-0.121679495538,0
110621,-0.488240958016,0
110622,-0.389168289102,0
110623,-0.619111810149,0
110624,-0.651224407305,0
110625,-0.301236570078,0
110626,-0.364815254055,0
110627,-0.324035149177,0
110628,-0.395914198372,0
110629,-0.431802731026,0
110630,-0.622926595331,0
110631,-0.740261687461,0
110632,-0.749422897282,0
110633,-0.534849029606,0
110634,-0.914751917345,0
110635,-0.935949480447,0
110636,-0.541016026707,0
110637,-0.83308653625,0
110638,-0.889073769937,0
110639,-0.995641850515,0
110640,-1.02110742781,0
110641,-0.617490859557,0
110642,-0.989489184534,0
110643,-1.03269174258,0
110644,-0.749400605015,0
110645,-0.729656626885,0
110646,-0.840256947561,0
110647,-0.712119700087,0
110648,-0.913946207117,0
110649,-1.05180078463,0
110650,-0.922551038944,0
110651,-0.670170366737,0
110652,-1.08626569081,0
110653,-0.940786408859,0
110654,-1.05773568524,0
110655,-0.798554942119,0
110656,-1.06027463251,0
110657,-0.669007804308,0
110658,-0.786529160477,0
110659,-0.939071665348,0
110660,-1.01659320245,0
110661,-0.699577776419,0
110662,-0.581880843091,0
110663,-0.569949652996,0
110664,-0.593734654399,0
110665,-0.618977426432,0
110666,-0.761578143076,0
110667,-0.59039568776,0
110668,-0.467598788673,0
110669,-0.678328266318,0
110670,-0.777517331415,0
110671,-0.460506626099,0
110672,-0.435261461266,0
110673,-0.435402698595,0
110674,-0.590711340205,0
110675,-0.65596825391,0
110676,-0.435777490285,0
110677,-0.409343995524,0
110678,-0.281145217326,0
110679,-0.416808097078,0
110680,-0.488441830736,0
110681,-0.45994190193,0
110682,-0.0500841734151,0
110683,0.00638400846729,0
110684,-0.339014372441,0
110685,0.110913622719,0
110686,0.0516133879044,0
110687,0.187177507251,0
110688,0.144273411207,0
110689,0.268304430946,0
110690,0.287887551133,0
110691,-0.0569292245866,0
110692,0.162064054769,0
110693,0.254791988794,0
110694,0.0922125235012,0
110695,0.214608029602,0
110696,0.156943706341,0
110697,0.508572647458,0
110698,0.641606440854,0
110699,0.511398643241,0
110700,0.393266862798,0
110701,0.626076476545,0
110702,0.647204109552,0
110703,0.530310828494,0
110704,0.535533968026,0
110705,0.888788394163,0
110706,1.0012848838,0
110707,0.716832351721,0
110708,1.09260687583,0
110709,0.724080315258,0
110710,1.17886346137,0
110711,0.930676360597,0
110712,1.06188795795,0
110713,0.957191632766,0
110714,1.13905829502,0
110715,1.25914450834,0
110716,1.36615914497,0
110717,1.0905791343,0
110718,1.46279978175,0
110719,1.23301890161,0
110720,1.25145082674,0
110721,1.23079403871,0
110722,1.50475963938,0
110723,1.31041271907,0
110724,1.34031887953,0
110725,1.35908862733,0
110726,1.42274194997,0
110727,1.5427490383,0
110728,1.81370921347,0
110729,1.66690452262,0
110730,1.54292130405,0
110731,1.88611844627,0
110732,1.86911755321,0
110733,1.56040096182,0
110734,1.85689225527,0
110735,1.9906443269,0
110736,1.99276968895,0
110737,1.69289439592,0
110738,2.04101311104,0
110739,1.68733027388,0
110740,2.01692229698,0
110741,2.07961735141,0
110742,1.91022318297,0
110743,1.93591798835,0
110744,1.71199469648,0
110745,1.79748337022,0
110746,2.122875091,0
110747,2.06109897897,0
110748,1.98441253302,0
110749,1.72114375864,0
110750,1.73858337317,0
110751,1.97703176247,0
110752,2.11304318842,0
110753,2.03975378659,0
110754,1.9045760627,0
110755,1.87083001688,0
110756,1.94430293579,0
110757,1.91160172013,0
110758,1.82765465032,0
110759,1.64791907896,0
110760,1.88968411985,0
110761,1.62129355352,0
110762,1.78850824965,0
110763,1.58836987949,0
110764,1.88975087089,0
110765,1.59704132421,0
110766,1.79737511371,0
110767,1.59030818572,0
110768,1.59219816594,0
110769,1.79870434435,0
110770,1.43592332219,0
110771,1.54405805303,0
110772,1.38115476545,0
110773,1.68171597005,0
110774,1.39284457563,0
110775,1.27958163764,0
110776,1.53975684547,0
110777,1.62353871921,0
110778,1.32632051229,0
110779,1.52462578628,0
110780,1.3206012759,0
110781,1.47582795536,0
110782,1.40468418909,0
110783,0.987873046554,0
110784,1.28278121986,0
110785,1.32915591675,0
110786,0.902811688461,0
110787,0.860222627491,0
110788,1.1764031832,0
110789,1.15409108738,0
110790,0.841277020647,0
110791,0.866821521017,0
110792,0.630270401193,0
110793,0.649467709589,0
110794,0.90063506182,0
110795,0.90112516549,0
110796,0.727252020014,0
110797,0.808732194858,0
110798,0.435180868573,0
110799,0.727896767783,0
110800,0.254927866294,0
110801,0.32065016083,0
110802,0.534911157092,0
110803,0.337398375557,0
110804,0.160232946738,0
110805,0.00958302264767,0
110806,0.28554687935,0
110807,-0.0814845904827,0
110808,-0.0102367106506,0
110809,0.0314507447711,0
110810,0.173116696337,0
110811,-0.082364303056,0
110812,0.00399952122684,0
110813,-0.215918200869,0
110814,-0.321028356192,0
110815,-0.0451318646312,0
110816,-0.293258430244,0
110817,-0.50711761872,0
110818,-0.502731832575,0
110819,-0.336794656508,0
110820,-0.224596053671,0
110821,-0.591157516149,0
110822,-0.492084847235,0
110823,-0.722028368282,0
110824,-0.754140965439,0
110825,-0.404153128211,0
110826,-0.467731812189,0
110827,-0.426951707311,0
110828,-0.498830756505,0
110829,-0.534719289159,0
110830,-0.725843153465,0
110831,-0.843178245594,0
110832,-0.852339455415,0
110833,-0.637765587739,0
110834,-1.01766847548,0
110835,-1.03886603858,0
110836,-0.64393258484,0
110837,-0.936003094383,0
110838,-0.991990328071,0
110839,-1.09855840865,0
110840,-1.12402398594,0
110841,-0.72040741769,0
110842,-1.09240574267,0
110843,-1.13560830072,0
110844,-0.852317163149,0
110845,-0.832573185018,0
110846,-0.943173505695,0
110847,-0.81503625822,0
110848,-1.01686276525,0
110849,-1.15471734276,0
110850,-1.02546759708,0
110851,-0.773086924871,0
110852,-1.18918224894,0
110853,-1.04370296699,0
110854,-1.16065224337,0
110855,-0.901471500253,0
110856,-1.16319119065,0
110857,-0.771924362441,0
110858,-0.88944571861,0
110859,-1.04198822348,0
110860,-1.11950976059,0
110861,-0.802494334552,0
110862,-0.684797401224,0
110863,-0.67286621113,0
110864,-0.696651212532,0
110865,-0.721893984565,0
110866,-0.864494701209,0
110867,-0.693312245893,0
110868,-0.570515346806,0
110869,-0.781244824451,0
110870,-0.880433889548,0
110871,-0.563423184232,0
110872,-0.5381780194,0
110873,-0.538319256728,0
110874,-0.693627898338,0
110875,-0.758884812044,0
110876,-0.538694048418,0
110877,-0.512260553657,0
110878,-0.384061775459,0
110879,-0.519724655211,0
110880,-0.591358388869,0
110881,-0.562858460063,0
110882,-0.153000731548,0
110883,-0.0965325496659,0
110884,-0.441930930575,0
110885,0.00799706458579,0
110886,-0.0513031702289,0
110887,0.084260949118,0
110888,0.0413568530733,0
110889,0.165387872813,0
110890,0.184970993,0
110891,-0.15984578272,0
110892,0.0591474966357,0
110893,0.151875430661,0
110894,-0.010704034632,0
110895,0.111691471469,0
110896,0.0540271482079,0
110897,0.405656089324,0
110898,0.538689882721,0
110899,0.408482085108,0
110900,0.290350304665,0
110901,0.523159918412,0
110902,0.544287551419,0
110903,0.42739427036,0
110904,0.432617409892,0
110905,0.78587183603,0
110906,0.898368325665,0
110907,0.613915793588,0
110908,0.989690317701,0
110909,0.621163757125,0
110910,1.07594690324,0
110911,0.827759802464,0
110912,0.958971399813,0
110913,0.854275074633,0
110914,1.03614173689,0
110915,1.15622795021,0
110916,1.26324258683,0
110917,0.987662576171,0
110918,1.35988322361,0
110919,1.13010234347,0
110920,1.14853426861,0
110921,1.12787748058,0
110922,1.40184308125,0
110923,1.20749616094,0
110924,1.23740232139,0
110925,1.2561720692,0
110926,1.31982539183,0
110927,1.43983248017,0
110928,1.71079265534,0
110929,1.56398796449,0
110930,1.44000474591,0
110931,1.78320188814,0
110932,1.76620099508,0
110933,1.45748440369,0
110934,1.75397569714,0
110935,1.88772776877,0
110936,1.88985313082,0
110937,1.58997783778,0
110938,1.93809655291,0
110939,1.58441371574,0
110940,1.91400573885,0
110941,1.97670079328,0
110942,1.80730662483,0
110943,1.83300143022,0
110944,1.60907813835,0
110945,1.69456681208,0
110946,2.01995853287,0
110947,1.95818242084,0
110948,1.88149597489,0
110949,1.6182272005,0
110950,1.63566681504,0
110951,1.87411520433,0
110952,2.01012663029,0
110953,1.93683722846,0
110954,1.80165950457,0
110955,1.76791345874,0
110956,1.84138637765,0
110957,1.808685162,0
110958,1.72473809218,0
110959,1.54500252083,0
110960,1.78676756171,0
110961,1.51837699539,0
110962,1.68559169151,0
110963,1.48545332135,0
110964,1.78683431276,0
110965,1.49412476608,0
110966,1.69445855558,0
110967,1.48739162758,0
110968,1.4892816078,0
110969,1.69578778621,0
110970,1.33300676406,0
110971,1.4411414949,0
110972,1.27823820732,0
110973,1.57879941192,0
110974,1.28992801749,0
110975,1.17666507951,0
110976,1.43684028734,0
110977,1.52062216108,0
110978,1.22340395415,0
110979,1.42170922814,0
110980,1.21768471777,0
110981,1.37291139722,0
110982,1.30176763095,0
110983,0.884956488421,0
110984,1.17986466173,0
110985,1.22623935862,0
110986,0.799895130328,0
110987,0.757306069358,0
110988,1.07348662507,0
110989,1.05117452925,0
110990,0.738360462513,0
110991,0.763904962884,0
110992,0.52735384306,0
110993,0.546551151455,0
110994,0.797718503687,0
110995,0.798208607356,0
110996,0.624335461881,0
110997,0.705815636724,0
110998,0.33226431044,0
110999,0.62498020965,0
111000,0.137915832335,0
111001,0.203638126871,0
111002,0.417899123133,0
111003,0.220386341598,0
111004,0.0432209127793,0
111005,-0.107429011311,0
111006,0.168534845391,0
111007,-0.198496624442,0
111008,-0.12724874461,0
111009,-0.0855612891879,0
111010,0.0561046623776,0
111011,-0.199376337015,0
111012,-0.113012512732,0
111013,-0.332930234828,0
111014,-0.438040390151,0
111015,-0.16214389859,0
111016,-0.410270464203,0
111017,-0.624129652679,0
111018,-0.619743866534,0
111019,-0.453806690467,0
111020,-0.34160808763,0
111021,-0.708169550108,0
111022,-0.609096881194,0
111023,-0.839040402241,0
111024,-0.871152999398,0
111025,-0.52116516217,0
111026,-0.584743846148,0
111027,-0.54396374127,0
111028,-0.615842790464,0
111029,-0.651731323118,0
111030,-0.842855187424,0
111031,-0.960190279553,0
111032,-0.969351489374,0
111033,-0.754777621698,0
111034,-1.13468050944,0
111035,-1.15587807254,0
111036,-0.760944618799,0
111037,-1.05301512834,0
111038,-1.10900236203,0
111039,-1.21557044261,0
111040,-1.2410360199,0
111041,-0.837419451649,0
111042,-1.20941777663,0
111043,-1.25262033468,0
111044,-0.969329197108,0
111045,-0.949585218977,0
111046,-1.06018553965,0
111047,-0.932048292179,0
111048,-1.13387479921,0
111049,-1.27172937672,0
111050,-1.14247963104,0
111051,-0.890098958829,0
111052,-1.3061942829,0
111053,-1.16071500095,0
111054,-1.27766427733,0
111055,-1.01848353421,0
111056,-1.28020322461,0
111057,-0.8889363964,0
111058,-1.00645775257,0
111059,-1.15900025744,0
111060,-1.23652179455,0
111061,-0.919506368511,0
111062,-0.801809435183,0
111063,-0.789878245088,0
111064,-0.813663246491,0
111065,-0.838906018524,0
111066,-0.981506735168,0
111067,-0.810324279852,0
111068,-0.687527380765,0
111069,-0.89825685841,0
111070,-0.997445923507,0
111071,-0.680435218191,0
111072,-0.655190053358,0
111073,-0.655331290687,0
111074,-0.810639932297,0
111075,-0.875896846003,0
111076,-0.655706082377,0
111077,-0.629272587616,0
111078,-0.501073809418,0
111079,-0.63673668917,0
111080,-0.708370422828,0
111081,-0.679870494022,0
111082,-0.270012765507,0
111083,-0.213544583625,0
111084,-0.558942964533,0
111085,-0.109014969373,0
111086,-0.168315204188,0
111087,-0.0327510848409,0
111088,-0.0756551808856,0
111089,0.0483758388543,0
111090,0.0679589590409,0
111091,-0.276857816679,0
111092,-0.0578645373233,0
111093,0.0348633967019,0
111094,-0.127716068591,0
111095,-0.00532056249005,0
111096,-0.0629848857511,0
111097,0.288644055365,0
111098,0.421677848762,0
111099,0.291470051149,0
111100,0.173338270706,0
111101,0.406147884453,0
111102,0.42727551746,0
111103,0.310382236402,0
111104,0.315605375933,0
111105,0.668859802071,0
111106,0.781356291706,0
111107,0.496903759629,0
111108,0.872678283742,0
111109,0.504151723166,0
111110,0.958934869278,0
111111,0.710747768505,0
111112,0.841959365854,0
111113,0.737263040674,0
111114,0.919129702931,0
111115,1.03921591625,0
111116,1.14623055287,0
111117,0.870650542212,0
111118,1.24287118966,0
111119,1.01309030951,0
111120,1.03152223465,0
111121,1.01086544662,0
111122,1.28483104729,0
111123,1.09048412698,0
111124,1.12039028744,0
111125,1.13916003524,0
111126,1.20281335787,0
111127,1.32282044621,0
111128,1.59378062138,0
111129,1.44697593053,0
111130,1.32299271196,0
111131,1.66618985418,0
111132,1.64918896112,0
111133,1.34047236973,0
111134,1.63696366318,0
111135,1.77071573481,0
111136,1.77284109686,0
111137,1.47296580382,0
111138,1.82108451895,0
111139,1.46740168178,0
111140,1.79699370489,0
111141,1.85968875932,0
111142,1.69029459087,0
111143,1.71598939626,0
111144,1.49206610439,0
111145,1.57755477813,0
111146,1.90294649891,0
111147,1.84117038688,0
111148,1.76448394093,0
111149,1.50121516654,0
111150,1.51865478108,0
111151,1.75710317037,0
111152,1.89311459633,0
111153,1.8198251945,0
111154,1.68464747061,0
111155,1.65090142478,0
111156,1.72437434369,0
111157,1.69167312804,0
111158,1.60772605822,0
111159,1.42799048687,0
111160,1.66975552775,0
111161,1.40136496143,0
111162,1.56857965755,0
111163,1.36844128739,0
111164,1.6698222788,0
111165,1.37711273212,0
111166,1.57744652162,0
111167,1.37037959362,0
111168,1.37226957384,0
111169,1.57877575225,0
111170,1.2159947301,0
111171,1.32412946094,0
111172,1.16122617336,0
111173,1.46178737796,0
111174,1.17291598354,0
111175,1.05965304555,0
111176,1.31982825338,0
111177,1.40361012712,0
111178,1.1063919202,0
111179,1.30469719418,0
111180,1.10067268381,0
111181,1.25589936326,0
111182,1.184755597,0
111183,0.767944454462,0
111184,1.06285262777,0
111185,1.10922732466,0
111186,0.682883096369,0
111187,0.640294035399,0
111188,0.95647459111,0
111189,0.934162495288,0
111190,0.621348428554,0
111191,0.646892928925,0
111192,0.410341809101,0
111193,0.429539117496,0
111194,0.680706469728,0
111195,0.681196573398,0
111196,0.507323427922,0
111197,0.588803602765,0
111198,0.215252276481,0
111199,0.507968175691,0
111200,0.0342300344175,0
111201,0.0999523289537,0
111202,0.314213325216,0
111203,0.11670054368,0
111204,-0.0604648851385,0
111205,-0.211114809229,0
111206,0.0648490474734,0
111207,-0.302182422359,0
111208,-0.230934542527,0
111209,-0.189247087106,0
111210,-0.0475811355401,0
111211,-0.303062134933,0
111212,-0.21669831065,0
111213,-0.436616032745,0
111214,-0.541726188069,0
111215,-0.265829696508,0
111216,-0.513956262121,0
111217,-0.727815450597,0
111218,-0.723429664452,0
111219,-0.557492488384,0
111220,-0.445293885548,0
111221,-0.811855348026,0
111222,-0.712782679112,0
111223,-0.942726200159,0
111224,-0.974838797315,0
111225,-0.624850960088,0
111226,-0.688429644065,0
111227,-0.647649539187,0
111228,-0.719528588382,0
111229,-0.755417121036,0
111230,-0.946540985341,0
111231,-1.06387607747,0
111232,-1.07303728729,0
111233,-0.858463419616,0
111234,-1.23836630736,0
111235,-1.25956387046,0
111236,-0.864630416717,0
111237,-1.15670092626,0
111238,-1.21268815995,0
111239,-1.31925624052,0
111240,-1.34472181782,0
111241,-0.941105249567,0
111242,-1.31310357454,0
111243,-1.35630613259,0
111244,-1.07301499503,0
111245,-1.0532710169,0
111246,-1.16387133757,0
111247,-1.0357340901,0
111248,-1.23756059713,0
111249,-1.37541517464,0
111250,-1.24616542895,0
111251,-0.993784756747,0
111252,-1.40988008082,0
111253,-1.26440079887,0
111254,-1.38135007525,0
111255,-1.12216933213,0
111256,-1.38388902252,0
111257,-0.992622194318,0
111258,-1.11014355049,0
111259,-1.26268605536,0
111260,-1.34020759246,0
111261,-1.02319216643,0
111262,-0.9054952331,0
111263,-0.893564043006,0
111264,-0.917349044409,0
111265,-0.942591816442,0
111266,-1.08519253309,0
111267,-0.91401007777,0
111268,-0.791213178683,0
111269,-1.00194265633,0
111270,-1.10113172142,0
111271,-0.784121016108,0
111272,-0.758875851276,0
111273,-0.759017088605,0
111274,-0.914325730215,0
111275,-0.97958264392,0
111276,-0.759391880295,0
111277,-0.732958385534,0
111278,-0.604759607336,0
111279,-0.740422487088,0
111280,-0.812056220746,0
111281,-0.783556291939,0
111282,-0.373698563425,0
111283,-0.317230381543,0
111284,-0.662628762451,0
111285,-0.212700767291,0
111286,-0.272001002106,0
111287,-0.136436882759,0
111288,-0.179340978803,0
111289,-0.0553099590635,0
111290,-0.0357268388769,0
111291,-0.380543614597,0
111292,-0.161550335241,0
111293,-0.0688224012159,0
111294,-0.231401866509,0
111295,-0.109006360408,0
111296,-0.166670683669,0
111297,0.184958257448,0
111298,0.317992050844,0
111299,0.187784253231,0
111300,0.069652472788,0
111301,0.302462086535,0
111302,0.323589719542,0
111303,0.206696438484,0
111304,0.211919578016,0
111305,0.565174004153,0
111306,0.677670493788,0
111307,0.393217961711,0
111308,0.768992485824,0
111309,0.400465925248,0
111310,0.85524907136,0
111311,0.607061970587,0
111312,0.738273567936,0
111313,0.633577242756,0
111314,0.815443905013,0
111315,0.935530118331,0
111316,1.04254475496,0
111317,0.766964744294,0
111318,1.13918539174,0
111319,0.909404511595,0
111320,0.927836436731,0
111321,0.907179648703,0
111322,1.18114524937,0
111323,0.98679832906,0
111324,1.01670448952,0
111325,1.03547423732,0
111326,1.09912755996,0
111327,1.21913464829,0
111328,1.49009482346,0
111329,1.34329013261,0
111330,1.21930691404,0
111331,1.56250405626,0
111332,1.5455031632,0
111333,1.23678657181,0
111334,1.53327786526,0
111335,1.66702993689,0
111336,1.66915529894,0
111337,1.36928000591,0
111338,1.71739872103,0
111339,1.36371588387,0
111340,1.69330790697,0
111341,1.7560029614,0
111342,1.58660879296,0
111343,1.61230359834,0
111344,1.38838030647,0
111345,1.47386898021,0
111346,1.79926070099,0
111347,1.73748458896,0
111348,1.66079814301,0
111349,1.39752936863,0
111350,1.41496898316,0
111351,1.65341737246,0
111352,1.78942879841,0
111353,1.71613939658,0
111354,1.58096167269,0
111355,1.54721562687,0
111356,1.62068854578,0
111357,1.58798733012,0
111358,1.50404026031,0
111359,1.32430468895,0
111360,1.56606972984,0
111361,1.29767916351,0
111362,1.46489385964,0
111363,1.26475548948,0
111364,1.56613648088,0
111365,1.2734269342,0
111366,1.4737607237,0
111367,1.26669379571,0
111368,1.26858377593,0
111369,1.47508995434,0
111370,1.11230893218,0
111371,1.22044366302,0
111372,1.05754037544,0
111373,1.35810158004,0
111374,1.06923018562,0
111375,0.95596724763,0
111376,1.21614245546,0
111377,1.2999243292,0
111378,1.00270612228,0
111379,1.20101139627,0
111380,0.996986885889,0
111381,1.15221356535,0
111382,1.08106979908,0
111383,0.664258656545,0
111384,0.95916682985,0
111385,1.00554152674,0
111386,0.579197298451,0
111387,0.536608237481,0
111388,0.852788793193,0
111389,0.83047669737,0
111390,0.517662630637,0
111391,0.543207131007,0
111392,0.306656011183,0
111393,0.325853319579,0
111394,0.57702067181,0
111395,0.57751077548,0
111396,0.403637630004,0
111397,0.485117804848,0
111398,0.111566478563,0
111399,0.404282377773,0
111400,0.143965843399,0
111401,0.209688137935,0
111402,0.423949134197,0
111403,0.226436352661,0
111404,0.0492709238429,0
111405,-0.101379000248,0
111406,0.174584856455,0
111407,-0.192446613378,0
111408,-0.121198733546,0
111409,-0.0795112781243,0
111410,0.0621546734412,0
111411,-0.193326325951,0
111412,-0.106962501669,0
111413,-0.326880223764,0
111414,-0.431990379087,0
111415,-0.156093887527,0
111416,-0.40422045314,0
111417,-0.618079641615,0
111418,-0.613693855471,0
111419,-0.447756679403,0
111420,-0.335558076567,0
111421,-0.702119539045,0
111422,-0.60304687013,0
111423,-0.832990391178,0
111424,-0.865102988334,0
111425,-0.515115151106,0
111426,-0.578693835084,0
111427,-0.537913730206,0
111428,-0.6097927794,0
111429,-0.645681312054,0
111430,-0.83680517636,0
111431,-0.95414026849,0
111432,-0.963301478311,0
111433,-0.748727610635,0
111434,-1.12863049837,0
111435,-1.14982806148,0
111436,-0.754894607736,0
111437,-1.04696511728,0
111438,-1.10295235097,0
111439,-1.20952043154,0
111440,-1.23498600884,0
111441,-0.831369440585,0
111442,-1.20336776556,0
111443,-1.24657032361,0
111444,-0.963279186044,0
111445,-0.943535207914,0
111446,-1.05413552859,0
111447,-0.925998281116,0
111448,-1.12782478815,0
111449,-1.26567936566,0
111450,-1.13642961997,0
111451,-0.884048947766,0
111452,-1.30014427184,0
111453,-1.15466498989,0
111454,-1.27161426627,0
111455,-1.01243352315,0
111456,-1.27415321354,0
111457,-0.882886385336,0
111458,-1.00040774151,0
111459,-1.15295024638,0
111460,-1.23047178348,0
111461,-0.913456357448,0
111462,-0.795759424119,0
111463,-0.783828234025,0
111464,-0.807613235427,0
111465,-0.83285600746,0
111466,-0.975456724104,0
111467,-0.804274268788,0
111468,-0.681477369701,0
111469,-0.892206847347,0
111470,-0.991395912443,0
111471,-0.674385207127,0
111472,-0.649140042295,0
111473,-0.649281279623,0
111474,-0.804589921234,0
111475,-0.869846834939,0
111476,-0.649656071313,0
111477,-0.623222576553,0
111478,-0.495023798355,0
111479,-0.630686678106,0
111480,-0.702320411765,0
111481,-0.673820482958,0
111482,-0.263962754444,0
111483,-0.207494572561,0
111484,-0.55289295347,0
111485,-0.10296495831,0
111486,-0.162265193124,0
111487,-0.0267010737773,0
111488,-0.069605169822,0
111489,0.0544258499178,0
111490,0.0740089701045,0
111491,-0.270807805615,0
111492,-0.0518145262597,0
111493,0.0409134077655,0
111494,-0.121666057527,0
111495,0.000729448573541,0
111496,-0.0569348746875,0
111497,0.294694066429,0
111498,0.427727859826,0
111499,0.297520062213,0
111500,0.179388281769,0
111501,0.412197895517,0
111502,0.433325528523,0
111503,0.316432247465,0
111504,0.321655386997,0
111505,0.674909813135,0
111506,0.787406302769,0
111507,0.502953770692,0
111508,0.878728294805,0
111509,0.510201734229,0
111510,0.964984880342,0
111511,0.716797779569,0
111512,0.848009376918,0
111513,0.743313051738,0
111514,0.925179713994,0
111515,1.04526592731,0
111516,1.15228056394,0
111517,0.876700553275,0
111518,1.24892120072,0
111519,1.01914032058,0
111520,1.03757224571,0
111521,1.01691545768,0
111522,1.29088105835,0
111523,1.09653413804,0
111524,1.1264402985,0
111525,1.1452100463,0
111526,1.20886336894,0
111527,1.32887045727,0
111528,1.59983063244,0
111529,1.45302594159,0
111530,1.32904272302,0
111531,1.67223986524,0
111532,1.65523897218,0
111533,1.34652238079,0
111534,1.64301367425,0
111535,1.77676574587,0
111536,1.77889110792,0
111537,1.47901581489,0
111538,1.82713453001,0
111539,1.47345169285,0
111540,1.80304371596,0
111541,1.86573877039,0
111542,1.69634460194,0
111543,1.72203940733,0
111544,1.49811611546,0
111545,1.58360478919,0
111546,1.90899650997,0
111547,1.84722039794,0
111548,1.770533952,0
111549,1.50726517761,0
111550,1.52470479215,0
111551,1.76315318144,0
111552,1.8991646074,0
111553,1.82587520556,0
111554,1.69069748167,0
111555,1.65695143585,0
111556,1.73042435476,0
111557,1.6977231391,0
111558,1.61377606929,0
111559,1.43404049793,0
111560,1.67580553882,0
111561,1.40741497249,0
111562,1.57462966862,0
111563,1.37449129846,0
111564,1.67587228987,0
111565,1.38316274318,0
111566,1.58349653268,0
111567,1.37642960469,0
111568,1.37831958491,0
111569,1.58482576332,0
111570,1.22204474116,0
111571,1.33017947201,0
111572,1.16727618442,0
111573,1.46783738903,0
111574,1.1789659946,0
111575,1.06570305661,0
111576,1.32587826445,0
111577,1.40966013818,0
111578,1.11244193126,0
111579,1.31074720525,0
111580,1.10672269487,0
111581,1.26194937433,0
111582,1.19080560806,0
111583,0.773994465526,0
111584,1.06890263883,0
111585,1.11527733572,0
111586,0.688933107433,0
111587,0.646344046462,0
111588,0.962524602174,0
111589,0.940212506352,0
111590,0.627398439618,0
111591,0.652942939988,0
111592,0.416391820165,0
111593,0.43558912856,0
111594,0.686756480792,0
111595,0.687246584461,0
111596,0.513373438986,0
111597,0.594853613829,0
111598,0.221302287545,0
111599,0.514018186754,0
111600,-0.0323092069456,0
111601,0.0334130875906,0
111602,0.247674083852,0
111603,0.0501613023169,0
111604,-0.127004126502,0
111605,-0.277654050592,0
111606,-0.0016901938897,0
111607,-0.368721663723,0
111608,-0.29747378389,0
111609,-0.255786328469,0
111610,-0.114120376903,0
111611,-0.369601376296,0
111612,-0.283237552013,0
111613,-0.503155274109,0
111614,-0.608265429432,0
111615,-0.332368937871,0
111616,-0.580495503484,0
111617,-0.79435469196,0
111618,-0.789968905815,0
111619,-0.624031729747,0
111620,-0.511833126911,0
111621,-0.878394589389,0
111622,-0.779321920475,0
111623,-1.00926544152,0
111624,-1.04137803868,0
111625,-0.691390201451,0
111626,-0.754968885428,0
111627,-0.714188780551,0
111628,-0.786067829745,0
111629,-0.821956362399,0
111630,-1.0130802267,0
111631,-1.13041531883,0
111632,-1.13957652866,0
111633,-0.925002660979,0
111634,-1.30490554872,0
111635,-1.32610311182,0
111636,-0.93116965808,0
111637,-1.22324016762,0
111638,-1.27922740131,0
111639,-1.38579548189,0
111640,-1.41126105918,0
111641,-1.00764449093,0
111642,-1.37964281591,0
111643,-1.42284537396,0
111644,-1.13955423639,0
111645,-1.11981025826,0
111646,-1.23041057893,0
111647,-1.10227333146,0
111648,-1.30409983849,0
111649,-1.441954416,0
111650,-1.31270467032,0
111651,-1.06032399811,0
111652,-1.47641932218,0
111653,-1.33094004023,0
111654,-1.44788931661,0
111655,-1.18870857349,0
111656,-1.45042826389,0
111657,-1.05916143568,0
111658,-1.17668279185,0
111659,-1.32922529672,0
111660,-1.40674683383,0
111661,-1.08973140779,0
111662,-0.972034474464,0
111663,-0.960103284369,0
111664,-0.983888285772,0
111665,-1.0091310578,0
111666,-1.15173177445,0
111667,-0.980549319133,0
111668,-0.857752420046,0
111669,-1.06848189769,0
111670,-1.16767096279,0
111671,-0.850660257472,0
111672,-0.825415092639,0
111673,-0.825556329968,0
111674,-0.980864971578,0
111675,-1.04612188528,0
111676,-0.825931121658,0
111677,-0.799497626897,0
111678,-0.671298848699,0
111679,-0.806961728451,0
111680,-0.878595462109,0
111681,-0.850095533303,0
111682,-0.440237804788,0
111683,-0.383769622906,0
111684,-0.729168003814,0
111685,-0.279240008654,0
111686,-0.338540243469,0
111687,-0.202976124122,0
111688,-0.245880220166,0
111689,-0.121849200427,0
111690,-0.10226608024,0
111691,-0.44708285596,0
111692,-0.228089576604,0
111693,-0.135361642579,0
111694,-0.297941107872,0
111695,-0.175545601771,0
111696,-0.233209925032,0
111697,0.118419016085,0
111698,0.251452809481,0
111699,0.121245011868,0
111700,0.00311323142486,0
111701,0.235922845172,0
111702,0.257050478179,0
111703,0.140157197121,0
111704,0.145380336653,0
111705,0.49863476279,0
111706,0.611131252425,0
111707,0.326678720348,0
111708,0.702453244461,0
111709,0.333926683885,0
111710,0.788709829997,0
111711,0.540522729224,0
111712,0.671734326573,0
111713,0.567038001393,0
111714,0.74890466365,0
111715,0.868990876968,0
111716,0.976005513592,0
111717,0.700425502931,0
111718,1.07264615038,0
111719,0.842865270232,0
111720,0.861297195368,0
111721,0.84064040734,0
111722,1.11460600801,0
111723,0.920259087697,0
111724,0.950165248155,0
111725,0.96893499596,0
111726,1.03258831859,0
111727,1.15259540693,0
111728,1.4235555821,0
111729,1.27675089125,0
111730,1.15276767268,0
111731,1.4959648149,0
111732,1.47896392184,0
111733,1.17024733045,0
111734,1.4667386239,0
111735,1.60049069553,0
111736,1.60261605758,0
111737,1.30274076454,0
111738,1.65085947967,0
111739,1.2971766425,0
111740,1.62676866561,0
111741,1.68946372004,0
111742,1.52006955159,0
111743,1.54576435698,0
111744,1.32184106511,0
111745,1.40732973884,0
111746,1.73272145963,0
111747,1.6709453476,0
111748,1.59425890165,0
111749,1.33099012726,0
111750,1.3484297418,0
111751,1.58687813109,0
111752,1.72288955705,0
111753,1.64960015522,0
111754,1.51442243133,0
111755,1.4806763855,0
111756,1.55414930441,0
111757,1.52144808876,0
111758,1.43750101894,0
111759,1.25776544759,0
111760,1.49953048847,0
111761,1.23113992215,0
111762,1.39835461827,0
111763,1.19821624811,0
111764,1.49959723952,0
111765,1.20688769284,0
111766,1.40722148234,0
111767,1.20015455434,0
111768,1.20204453456,0
111769,1.40855071297,0
111770,1.04576969082,0
111771,1.15390442166,0
111772,0.991001134076,0
111773,1.29156233868,0
111774,1.00269094425,0
111775,0.889428006267,0
111776,1.1496032141,0
111777,1.23338508784,0
111778,0.936166880915,0
111779,1.1344721549,0
111780,0.930447644526,0
111781,1.08567432398,0
111782,1.01453055771,0
111783,0.597719415181,0
111784,0.892627588487,0
111785,0.939002285376,0
111786,0.512658057088,0
111787,0.470068996118,0
111788,0.786249551829,0
111789,0.763937456007,0
111790,0.451123389274,0
111791,0.476667889644,0
111792,0.24011676982,0
111793,0.259314078215,0
111794,0.510481430447,0
111795,0.510971534117,0
111796,0.337098388641,0
111797,0.418578563484,0
111798,0.0450272372001,0
111799,0.33774313641,0
111800,-0.123176880533,0
111801,-0.0574545859966,0
111802,0.156806410265,0
111803,-0.0407063712703,0
111804,-0.217871800089,0
111805,-0.368521724179,0
111806,-0.0925578674769,0
111807,-0.45958933731,0
111808,-0.388341457478,0
111809,-0.346654002056,0
111810,-0.20498805049,0
111811,-0.460469049883,0
111812,-0.3741052256,0
111813,-0.594022947696,0
111814,-0.699133103019,0
111815,-0.423236611458,0
111816,-0.671363177071,0
111817,-0.885222365547,0
111818,-0.880836579402,0
111819,-0.714899403335,0
111820,-0.602700800498,0
111821,-0.969262262976,0
111822,-0.870189594062,0
111823,-1.10013311511,0
111824,-1.13224571227,0
111825,-0.782257875038,0
111826,-0.845836559016,0
111827,-0.805056454138,0
111828,-0.876935503332,0
111829,-0.912824035986,0
111830,-1.10394790029,0
111831,-1.22128299242,0
111832,-1.23044420224,0
111833,-1.01587033457,0
111834,-1.39577322231,0
111835,-1.41697078541,0
111836,-1.02203733167,0
111837,-1.31410784121,0
111838,-1.3700950749,0
111839,-1.47666315548,0
111840,-1.50212873277,0
111841,-1.09851216452,0
111842,-1.47051048949,0
111843,-1.51371304754,0
111844,-1.23042190998,0
111845,-1.21067793185,0
111846,-1.32127825252,0
111847,-1.19314100505,0
111848,-1.39496751208,0
111849,-1.53282208959,0
111850,-1.4035723439,0
111851,-1.1511916717,0
111852,-1.56728699577,0
111853,-1.42180771382,0
111854,-1.5387569902,0
111855,-1.27957624708,0
111856,-1.54129593747,0
111857,-1.15002910927,0
111858,-1.26755046544,0
111859,-1.42009297031,0
111860,-1.49761450741,0
111861,-1.18059908138,0
111862,-1.06290214805,0
111863,-1.05097095796,0
111864,-1.07475595936,0
111865,-1.09999873139,0
111866,-1.24259944804,0
111867,-1.07141699272,0
111868,-0.948620093633,0
111869,-1.15934957128,0
111870,-1.25853863637,0
111871,-0.941527931059,0
111872,-0.916282766227,0
111873,-0.916424003555,0
111874,-1.07173264517,0
111875,-1.13698955887,0
111876,-0.916798795245,0
111877,-0.890365300484,0
111878,-0.762166522286,0
111879,-0.897829402038,0
111880,-0.969463135696,0
111881,-0.94096320689,0
111882,-0.531105478375,0
111883,-0.474637296493,0
111884,-0.820035677402,0
111885,-0.370107682241,0
111886,-0.429407917056,0
111887,-0.293843797709,0
111888,-0.336747893754,0
111889,-0.212716874014,0
111890,-0.193133753827,0
111891,-0.537950529547,0
111892,-0.318957250191,0
111893,-0.226229316166,0
111894,-0.388808781459,0
111895,-0.266413275358,0
111896,-0.324077598619,0
111897,0.0275513424974,0
111898,0.160585135894,0
111899,0.0303773382811,0
111900,-0.0877544421623,0
111901,0.145055171585,0
111902,0.166182804592,0
111903,0.0492895235335,0
111904,0.0545126630654,0
111905,0.407767089203,0
111906,0.520263578838,0
111907,0.235811046761,0
111908,0.611585570874,0
111909,0.243059010297,0
111910,0.69784215641,0
111911,0.449655055637,0
111912,0.580866652986,0
111913,0.476170327806,0
111914,0.658036990063,0
111915,0.778123203381,0
111916,0.885137840005,0
111917,0.609557829344,0
111918,0.981778476788,0
111919,0.751997596645,0
111920,0.770429521781,0
111921,0.749772733752,0
111922,1.02373833442,0
111923,0.829391414109,0
111924,0.859297574568,0
111925,0.878067322373,0
111926,0.941720645005,0
111927,1.06172773334,0
111928,1.33268790851,0
111929,1.18588321766,0
111930,1.06189999909,0
111931,1.40509714131,0
111932,1.38809624825,0
111933,1.07937965686,0
111934,1.37587095031,0
111935,1.50962302194,0
111936,1.51174838399,0
111937,1.21187309096,0
111938,1.55999180608,0
111939,1.20630896892,0
111940,1.53590099202,0
111941,1.59859604645,0
111942,1.42920187801,0
111943,1.45489668339,0
111944,1.23097339152,0
111945,1.31646206526,0
111946,1.64185378604,0
111947,1.58007767401,0
111948,1.50339122806,0
111949,1.24012245368,0
111950,1.25756206821,0
111951,1.49601045751,0
111952,1.63202188346,0
111953,1.55873248163,0
111954,1.42355475774,0
111955,1.38980871192,0
111956,1.46328163083,0
111957,1.43058041517,0
111958,1.34663334536,0
111959,1.166897774,0
111960,1.40866281489,0
111961,1.14027224856,0
111962,1.30748694469,0
111963,1.10734857453,0
111964,1.40872956593,0
111965,1.11602001925,0
111966,1.31635380875,0
111967,1.10928688076,0
111968,1.11117686098,0
111969,1.31768303939,0
111970,0.954902017229,0
111971,1.06303674807,0
111972,0.900133460489,0
111973,1.20069466509,0
111974,0.911823270667,0
111975,0.79856033268,0
111976,1.05873554051,0
111977,1.14251741425,0
111978,0.845299207328,0
111979,1.04360448132,0
111980,0.839579970939,0
111981,0.994806650397,0
111982,0.923662884128,0
111983,0.506851741594,0
111984,0.8017599149,0
111985,0.848134611789,0
111986,0.421790383501,0
111987,0.379201322531,0
111988,0.695381878242,0
111989,0.67306978242,0
111990,0.360255715686,0
111991,0.385800216057,0
111992,0.149249096233,0
111993,0.168446404628,0
111994,0.41961375686,0
111995,0.420103860529,0
111996,0.246230715054,0
111997,0.327710889897,0
111998,-0.0458404363871,0
111999,0.246875462823,0
